4 ; 4 ; 4 ; 0.0114775 ; -0.010438 ; -0.000962732 ; 103.167;
5 ; 4 ; 4 ; 0.0134572 ; 0.00579175 ; -0.00327906 ; 102.709;
6 ; 4 ; 4 ; 0.00876583 ; -0.00269082 ; 0.00687432 ; 103.01;
7 ; 4 ; 4 ; 0.00643885 ; -0.00909235 ; -0.0184466 ; 103.181;
8 ; 4 ; 4 ; 0.00643972 ; -0.00396274 ; 0.00410734 ; 103.104;
9 ; 4 ; 4 ; 0.0178864 ; 0.00420818 ; 0.00879745 ; 102.83;
10 ; 4 ; 4 ; 0.0260664 ; 0.00276468 ; 0.00251833 ; 103.261;
11 ; 4 ; 4 ; 0.0167969 ; -0.0042039 ; -0.00240951 ; 102.578;
12 ; 4 ; 4 ; 0.0145803 ; -0.0158223 ; 0.000831348 ; 102.641;
13 ; 4 ; 4 ; 0.00373163 ; 0.00545189 ; -0.00113312 ; 102.836;
14 ; 4 ; 4 ; 0.00204387 ; 0.00610679 ; 0.00476995 ; 102.609;
15 ; 4 ; 4 ; -0.00962251 ; -0.00296391 ; 0.0153236 ; 102.741;
16 ; 4 ; 4 ; -0.000825285 ; 0.00547656 ; -0.00332188 ; 102.592;
17 ; 4 ; 4 ; 0.0138108 ; 0.00671389 ; -0.00703514 ; 102.826;
18 ; 4 ; 4 ; -0.000496359 ; -0.00700812 ; -0.00169994 ; 103.043;
19 ; 4 ; 4 ; 0.00631082 ; 0.00923047 ; 0.0123962 ; 102.917;
20 ; 4 ; 4 ; 0.012546 ; 0.0108836 ; 0.00684887 ; 102.92;
21 ; 4 ; 4 ; 0.00119766 ; -0.000218244 ; -0.00701533 ; 102.686;
22 ; 4 ; 4 ; -0.00635174 ; 0.00680508 ; 0.00422014 ; 102.311;
23 ; 4 ; 4 ; 0.0045497 ; 0.0109653 ; 0.010775 ; 102.846;
24 ; 4 ; 4 ; 0.0139059 ; 0.00810082 ; 0.00634942 ; 102.457;
25 ; 4 ; 4 ; 0.0090063 ; 0.0146261 ; 0.00408291 ; 102.545;
26 ; 4 ; 4 ; -0.00560646 ; 0.0135963 ; 0.00402436 ; 102.798;
27 ; 4 ; 4 ; -0.00132631 ; 0.00584761 ; 0.00391556 ; 102.674;
28 ; 4 ; 4 ; -0.0112652 ; 0.00346573 ; 0.015322 ; 103.055;
29 ; 4 ; 4 ; -0.0168571 ; 0.000501097 ; 0.0106271 ; 102.558;
30 ; 4 ; 4 ; 0.00132954 ; 0.00555649 ; 0.00653172 ; 102.939;
31 ; 4 ; 4 ; -0.000446788 ; -0.000914825 ; 0.00266507 ; 103.534;
32 ; 4 ; 4 ; -0.0055547 ; 0.00325352 ; 0.0106828 ; 102.71;
33 ; 4 ; 4 ; -0.00110357 ; -0.000940439 ; -0.00072856 ; 102.653;
4 ; 5 ; 4 ; 0.0132957 ; 0.00797645 ; -0.00183653 ; 102.788;
5 ; 5 ; 4 ; 0.00402678 ; 0.00282633 ; 0.00583116 ; 103.289;
6 ; 5 ; 4 ; 0.0176345 ; 0.0097726 ; 0.0141805 ; 102.962;
7 ; 5 ; 4 ; 0.0281513 ; 0.0179007 ; -0.000778673 ; 103.23;
8 ; 5 ; 4 ; 0.0289124 ; 0.00625179 ; -0.000131882 ; 102.985;
9 ; 5 ; 4 ; 0.0143329 ; 0.00590032 ; 0.0102333 ; 102.782;
10 ; 5 ; 4 ; 0.00843716 ; 0.00225415 ; -0.00108922 ; 102.823;
11 ; 5 ; 4 ; 0.00307254 ; 0.0111328 ; -0.00146411 ; 103.224;
12 ; 5 ; 4 ; 0.0038575 ; -0.0107738 ; 0.0120645 ; 102.357;
13 ; 5 ; 4 ; -0.00502144 ; -0.00535084 ; 0.00864642 ; 102.433;
14 ; 5 ; 4 ; 0.00238614 ; 0.0150391 ; 0.0101507 ; 102.37;
15 ; 5 ; 4 ; 0.00204043 ; 0.0206078 ; 0.00313434 ; 102.451;
16 ; 5 ; 4 ; -0.000257212 ; 0.00706317 ; 0.00607582 ; 102.099;
17 ; 5 ; 4 ; 0.00553158 ; -0.00039136 ; 0.00473823 ; 102.99;
18 ; 5 ; 4 ; 0.00617084 ; 0.0105024 ; 0.000126664 ; 103.006;
19 ; 5 ; 4 ; -0.00287587 ; 0.00592974 ; 0.0025612 ; 102.567;
20 ; 5 ; 4 ; -0.00322624 ; 0.0111185 ; 0.00936002 ; 102.886;
21 ; 5 ; 4 ; 0.00513509 ; 0.0067855 ; 0.00709926 ; 102.351;
22 ; 5 ; 4 ; 0.000948943 ; -0.00575338 ; 0.00362969 ; 102.767;
23 ; 5 ; 4 ; -0.00223625 ; 0.00522622 ; 0.0179573 ; 103.004;
24 ; 5 ; 4 ; 0.0237047 ; 0.00740899 ; 0.000239156 ; 102.399;
25 ; 5 ; 4 ; 0.00595176 ; 0.0152578 ; -0.00194527 ; 102.695;
26 ; 5 ; 4 ; -0.0104376 ; 0.0194363 ; 0.00869384 ; 102.881;
27 ; 5 ; 4 ; -0.0129907 ; 0.00731709 ; 0.012933 ; 102.73;
28 ; 5 ; 4 ; -0.00456248 ; 0.00436442 ; -0.00143007 ; 103.18;
29 ; 5 ; 4 ; -0.00030123 ; 0.0204157 ; 0.00771237 ; 102.652;
30 ; 5 ; 4 ; -0.00793386 ; 0.00809407 ; -0.00235354 ; 102.731;
31 ; 5 ; 4 ; -0.00263323 ; 0.00246279 ; -0.00310203 ; 102.902;
32 ; 5 ; 4 ; -0.00519708 ; 0.0123277 ; 0.00926825 ; 103.106;
33 ; 5 ; 4 ; -0.00137533 ; -0.00162183 ; -0.000905212 ; 102.631;
4 ; 6 ; 4 ; -0.00126297 ; 0.0120056 ; 0.0115159 ; 103.276;
5 ; 6 ; 4 ; 0.0102205 ; 0.00731374 ; 0.00764712 ; 102.925;
6 ; 6 ; 4 ; 0.0214486 ; 0.0157737 ; 0.012378 ; 103.334;
7 ; 6 ; 4 ; 0.018847 ; 0.00465175 ; 0.00805696 ; 103.454;
8 ; 6 ; 4 ; 0.0213574 ; 0.0199281 ; 0.00422826 ; 103.017;
9 ; 6 ; 4 ; 0.0143339 ; 0.0109895 ; 0.00685273 ; 102.582;
10 ; 6 ; 4 ; 0.0195706 ; 0.00076544 ; -0.00378617 ; 102.931;
11 ; 6 ; 4 ; 0.019306 ; 0.0173559 ; -0.0131072 ; 103.019;
12 ; 6 ; 4 ; -0.00275316 ; 0.0159451 ; -0.00437121 ; 102.806;
13 ; 6 ; 4 ; -0.00882887 ; 0.0101809 ; 0.00619107 ; 102.287;
14 ; 6 ; 4 ; -0.000132076 ; 0.00373524 ; 0.00425781 ; 102.986;
15 ; 6 ; 4 ; -0.00574525 ; 0.00931194 ; 0.0133387 ; 102.571;
16 ; 6 ; 4 ; -0.00713016 ; 0.0131508 ; 0.0122799 ; 102.492;
17 ; 6 ; 4 ; 4.36249e-05 ; 0.0133028 ; -5.94543e-05 ; 102.864;
18 ; 6 ; 4 ; 0.00105643 ; 0.00890783 ; 0.00888507 ; 102.288;
19 ; 6 ; 4 ; 0.00682794 ; 0.0160964 ; 0.00556198 ; 102.395;
20 ; 6 ; 4 ; 0.0109506 ; 0.00954652 ; 0.000519014 ; 102.824;
21 ; 6 ; 4 ; 0.00242281 ; -0.00205224 ; 0.0130902 ; 102.726;
22 ; 6 ; 4 ; -0.00752887 ; 0.0146755 ; 0.0131051 ; 102.751;
23 ; 6 ; 4 ; -0.0080795 ; 0.0183884 ; 0.00285823 ; 102.635;
24 ; 6 ; 4 ; 0.00175447 ; 0.00783211 ; -0.000272175 ; 102.704;
25 ; 6 ; 4 ; -0.00015095 ; 0.0120194 ; 0.0259653 ; 102.962;
26 ; 6 ; 4 ; 0.00542007 ; 0.016664 ; 0.00489074 ; 102.455;
27 ; 6 ; 4 ; -0.00962698 ; 0.0103566 ; -0.011145 ; 103.173;
28 ; 6 ; 4 ; -0.000265356 ; 3.13421e-05 ; 0.00237881 ; 102.896;
29 ; 6 ; 4 ; -0.00539258 ; 0.00947864 ; 0.00538812 ; 102.634;
30 ; 6 ; 4 ; -0.0104787 ; 0.00162667 ; 0.0077231 ; 103.229;
31 ; 6 ; 4 ; -0.00749431 ; 0.00276645 ; 0.00234493 ; 102.728;
32 ; 6 ; 4 ; 0.00081309 ; -0.00296828 ; 0.0131029 ; 102.976;
33 ; 6 ; 4 ; 0.000428843 ; 0.00319185 ; -0.00185071 ; 102.971;
4 ; 7 ; 4 ; 0.00541278 ; 0.0166075 ; -0.0021008 ; 102.754;
5 ; 7 ; 4 ; 0.0215481 ; 0.0126123 ; 0.0153826 ; 102.985;
6 ; 7 ; 4 ; 0.0150332 ; 0.0132501 ; -0.000317877 ; 102.834;
7 ; 7 ; 4 ; 0.0114493 ; 0.0144224 ; 0.00206665 ; 102.933;
8 ; 7 ; 4 ; 0.0162829 ; 0.0237128 ; 0.00313785 ; 103.145;
9 ; 7 ; 4 ; 0.0134272 ; 0.0258572 ; -0.0104427 ; 103.459;
10 ; 7 ; 4 ; -0.00302779 ; 0.0104996 ; 0.00632281 ; 102.123;
11 ; 7 ; 4 ; 0.0157828 ; 0.026492 ; 0.00446114 ; 102.563;
12 ; 7 ; 4 ; 0.00841481 ; 0.0183645 ; -0.000985367 ; 102.826;
13 ; 7 ; 4 ; -0.00668582 ; 0.00725957 ; 0.0101137 ; 102.971;
14 ; 7 ; 4 ; -0.00174357 ; 0.0111072 ; -0.00417388 ; 103.009;
15 ; 7 ; 4 ; 0.00616069 ; 0.0220159 ; -0.00365098 ; 102.874;
16 ; 7 ; 4 ; -0.00951742 ; 0.0138004 ; 0.00177038 ; 102.386;
17 ; 7 ; 4 ; -0.00491893 ; 0.00760109 ; -0.00953011 ; 102.949;
18 ; 7 ; 4 ; 0.00217105 ; 0.0228486 ; -0.0178948 ; 102.309;
19 ; 7 ; 4 ; 0.00408729 ; 0.0100861 ; 0.0153084 ; 102.941;
20 ; 7 ; 4 ; 0.00969585 ; 0.00784276 ; -0.000160387 ; 102.251;
21 ; 7 ; 4 ; 0.000595477 ; 0.0153789 ; -0.000833553 ; 102.995;
22 ; 7 ; 4 ; -0.00509048 ; 0.00779501 ; -0.00205637 ; 102.486;
23 ; 7 ; 4 ; -0.00520866 ; 0.0183224 ; 0.00228185 ; 102.642;
24 ; 7 ; 4 ; 0.00177821 ; 0.0160289 ; 0.00586832 ; 102.839;
25 ; 7 ; 4 ; 0.00583297 ; 0.0065384 ; 0.0157446 ; 102.942;
26 ; 7 ; 4 ; -0.00814977 ; 0.0204337 ; 0.00546534 ; 102.998;
27 ; 7 ; 4 ; -0.0124335 ; 0.0162821 ; 0.00121884 ; 102.824;
28 ; 7 ; 4 ; -0.0102222 ; 0.0190923 ; -0.00126611 ; 103.024;
29 ; 7 ; 4 ; -0.00723545 ; 0.0154655 ; 0.000267781 ; 103.098;
30 ; 7 ; 4 ; -0.0104877 ; 0.00795548 ; 0.0137003 ; 103.243;
31 ; 7 ; 4 ; 0.00147926 ; 0.00978798 ; -0.00753383 ; 102.527;
32 ; 7 ; 4 ; -0.0013944 ; 0.0161421 ; -0.000442353 ; 102.93;
33 ; 7 ; 4 ; 0.000858809 ; 0.0161533 ; -0.00241545 ; 103.305;
4 ; 8 ; 4 ; -0.0080212 ; 0.0120382 ; -0.00767548 ; 103.221;
5 ; 8 ; 4 ; 0.00915268 ; 0.0144921 ; 0.00686162 ; 103.245;
6 ; 8 ; 4 ; 0.00811881 ; 0.0122501 ; 0.012028 ; 102.589;
7 ; 8 ; 4 ; 0.0144683 ; 0.0154009 ; -0.00142297 ; 102.79;
8 ; 8 ; 4 ; 0.00579238 ; 0.01297 ; 0.00100887 ; 103.184;
9 ; 8 ; 4 ; 0.0137004 ; 0.0111097 ; 0.00202552 ; 103.11;
10 ; 8 ; 4 ; 0.00659101 ; 0.0136492 ; -0.0070741 ; 102.969;
11 ; 8 ; 4 ; 0.0145766 ; 0.0103911 ; -0.00691194 ; 102.837;
12 ; 8 ; 4 ; 0.00664189 ; 0.00915079 ; 0.0055605 ; 102.693;
13 ; 8 ; 4 ; 0.00463733 ; 0.00976742 ; -0.0011799 ; 102.185;
14 ; 8 ; 4 ; -0.00614611 ; 0.0148023 ; -0.000418986 ; 102.572;
15 ; 8 ; 4 ; -0.00656708 ; 0.021642 ; 0.0076332 ; 102.611;
16 ; 8 ; 4 ; -0.0244081 ; 0.0236817 ; 0.00710526 ; 102.421;
17 ; 8 ; 4 ; 0.00842588 ; 0.017019 ; -0.000998433 ; 102.378;
18 ; 8 ; 4 ; 2.9751e-05 ; 0.00665176 ; 0.00318778 ; 102.49;
19 ; 8 ; 4 ; 0.00236461 ; 0.0143247 ; 0.00205118 ; 102.412;
20 ; 8 ; 4 ; 0.0124347 ; 0.0171256 ; -0.00100098 ; 102.561;
21 ; 8 ; 4 ; 0.00137161 ; 0.00671208 ; 0.0135465 ; 103.07;
22 ; 8 ; 4 ; 0.00272524 ; 0.024435 ; 0.00657621 ; 102.223;
23 ; 8 ; 4 ; 0.00120052 ; 0.0256485 ; -0.000346958 ; 102.765;
24 ; 8 ; 4 ; -0.00275029 ; 0.0100521 ; 0.00572506 ; 102.388;
25 ; 8 ; 4 ; 0.000828196 ; 0.0332418 ; 0.0113311 ; 102.147;
26 ; 8 ; 4 ; -0.0122031 ; 0.0142055 ; -0.00252842 ; 102.581;
27 ; 8 ; 4 ; -0.00821103 ; 0.0140057 ; -0.000384887 ; 102.879;
28 ; 8 ; 4 ; -0.013989 ; 0.00956812 ; -0.000550579 ; 102.971;
29 ; 8 ; 4 ; -0.0107558 ; 0.0120128 ; 0.0229422 ; 102.75;
30 ; 8 ; 4 ; -0.00536663 ; 0.0182854 ; 0.0109665 ; 102.355;
31 ; 8 ; 4 ; -0.00696694 ; 0.0166472 ; 0.000546326 ; 102.907;
32 ; 8 ; 4 ; -0.000404882 ; 0.00996083 ; 0.0169794 ; 103.105;
33 ; 8 ; 4 ; 0.00702239 ; 0.00801971 ; 0.00382653 ; 103.051;
4 ; 9 ; 4 ; 0.00829308 ; 0.00860737 ; 0.0135288 ; 102.804;
5 ; 9 ; 4 ; 0.00558451 ; 0.0180822 ; 0.00878706 ; 102.305;
6 ; 9 ; 4 ; 0.0287817 ; 0.00808529 ; 0.01357 ; 102.732;
7 ; 9 ; 4 ; 0.0161592 ; 0.0107249 ; 0.0107976 ; 102.992;
8 ; 9 ; 4 ; 0.0169422 ; 0.0142177 ; -0.00171795 ; 102.803;
9 ; 9 ; 4 ; 0.00568741 ; 0.00623408 ; 0.00660979 ; 102.989;
10 ; 9 ; 4 ; 0.011539 ; 0.0125026 ; 0.00759878 ; 102.746;
11 ; 9 ; 4 ; 0.00499629 ; 0.0153393 ; -0.00723201 ; 102.758;
12 ; 9 ; 4 ; 0.0109607 ; 0.0157465 ; 0.00095574 ; 102.756;
13 ; 9 ; 4 ; 0.0130595 ; 0.00910765 ; -0.0106895 ; 103.006;
14 ; 9 ; 4 ; 0.00862607 ; 0.00949692 ; -0.00479546 ; 102.471;
15 ; 9 ; 4 ; 0.00199226 ; 0.0172682 ; -0.00219948 ; 102.41;
16 ; 9 ; 4 ; 0.00134174 ; 0.00797786 ; 0.000138479 ; 102.296;
17 ; 9 ; 4 ; 0.00406028 ; 0.00292515 ; -0.00334844 ; 102.126;
18 ; 9 ; 4 ; -0.00548783 ; 0.0159744 ; -0.00153486 ; 102.381;
19 ; 9 ; 4 ; 0.00579673 ; 0.0216271 ; 0.00745927 ; 102.34;
20 ; 9 ; 4 ; 0.00588178 ; 0.026765 ; -0.00253726 ; 102.476;
21 ; 9 ; 4 ; -0.00427979 ; 0.0184862 ; -0.00545281 ; 101.935;
22 ; 9 ; 4 ; 0.00271529 ; 0.0203018 ; 0.00522291 ; 102.715;
23 ; 9 ; 4 ; -0.00999626 ; 0.0166898 ; 0.00252716 ; 102.491;
24 ; 9 ; 4 ; 0.004912 ; 0.0131386 ; 0.011562 ; 102.465;
25 ; 9 ; 4 ; -0.0113723 ; 0.0141715 ; 0.0191561 ; 102.886;
26 ; 9 ; 4 ; 8.20754e-05 ; 0.0212522 ; 0.00231054 ; 102.281;
27 ; 9 ; 4 ; -0.00332605 ; 0.00972426 ; 0.0042364 ; 102.9;
28 ; 9 ; 4 ; -0.00155374 ; 0.0191736 ; 0.0104783 ; 102.538;
29 ; 9 ; 4 ; -0.00169714 ; 0.0110755 ; 0.00848587 ; 102.798;
30 ; 9 ; 4 ; -0.0151347 ; 0.0252857 ; 0.00305307 ; 102.87;
31 ; 9 ; 4 ; -0.00485072 ; 0.0102763 ; -0.00215133 ; 102.714;
32 ; 9 ; 4 ; -0.00125237 ; 0.00727475 ; 0.00846686 ; 102.875;
33 ; 9 ; 4 ; 0.00598651 ; 0.00404191 ; -0.00355133 ; 102.892;
4 ; 10 ; 4 ; 0.0100338 ; 0.01244 ; 0.00643238 ; 102.806;
5 ; 10 ; 4 ; 0.0112994 ; 0.0168649 ; -0.0048331 ; 102.783;
6 ; 10 ; 4 ; 0.0150767 ; 0.000519152 ; 0.00465013 ; 102.909;
7 ; 10 ; 4 ; 0.0124778 ; 0.00790972 ; 0.00497791 ; 102.795;
8 ; 10 ; 4 ; 0.00801768 ; 0.0120763 ; 0.0103354 ; 102.649;
9 ; 10 ; 4 ; 0.00664935 ; 0.0192579 ; -0.00424177 ; 103.035;
10 ; 10 ; 4 ; 0.00209684 ; 0.021179 ; 0.00185722 ; 102.562;
11 ; 10 ; 4 ; -0.000585459 ; 0.00964895 ; -0.00367905 ; 102.584;
12 ; 10 ; 4 ; 7.84059e-05 ; 0.00968274 ; -0.00259014 ; 102.434;
13 ; 10 ; 4 ; 0.012322 ; 0.0190002 ; 0.01054 ; 102.338;
14 ; 10 ; 4 ; 0.00250463 ; 0.00920339 ; -0.00661052 ; 103.054;
15 ; 10 ; 4 ; 0.00848786 ; 0.0186892 ; 0.0132781 ; 102.301;
16 ; 10 ; 4 ; 0.0146335 ; 0.0284145 ; 0.0192962 ; 102.524;
17 ; 10 ; 4 ; 0.0102961 ; 0.00729622 ; 0.00660773 ; 102.04;
18 ; 10 ; 4 ; -0.0110102 ; 0.0140621 ; -0.00104902 ; 102.01;
19 ; 10 ; 4 ; -0.00829166 ; 0.0138949 ; 0.0115379 ; 102.307;
20 ; 10 ; 4 ; 0.00538358 ; 0.0150955 ; 0.0133312 ; 102.256;
21 ; 10 ; 4 ; 0.00139221 ; 0.0108812 ; -0.00181511 ; 102.488;
22 ; 10 ; 4 ; 0.00930635 ; 0.0113432 ; 0.00132532 ; 102.718;
23 ; 10 ; 4 ; -0.00500694 ; 0.00384836 ; -0.00493673 ; 102.407;
24 ; 10 ; 4 ; 0.00617439 ; 0.010884 ; 0.00542608 ; 102.318;
25 ; 10 ; 4 ; 0.00181259 ; 0.00192376 ; 0.018407 ; 102.493;
26 ; 10 ; 4 ; -0.00259877 ; 0.00796412 ; -0.00383963 ; 102.707;
27 ; 10 ; 4 ; -0.0152513 ; 0.00848289 ; 0.00520672 ; 102.655;
28 ; 10 ; 4 ; -0.0113809 ; 0.0112964 ; 0.00581936 ; 102.606;
29 ; 10 ; 4 ; -0.00565477 ; 0.00396808 ; -0.00286654 ; 102.712;
30 ; 10 ; 4 ; 0.00645532 ; 0.0141797 ; -0.00331899 ; 102.905;
31 ; 10 ; 4 ; 0.00566039 ; 0.00811003 ; 0.00897458 ; 103.032;
32 ; 10 ; 4 ; -0.00629967 ; 0.0262263 ; 0.00383406 ; 102.365;
33 ; 10 ; 4 ; 0.00133815 ; 0.00839137 ; -0.000590211 ; 102.679;
4 ; 11 ; 4 ; 0.0119331 ; 0.011319 ; 0.0112297 ; 103.206;
5 ; 11 ; 4 ; 0.0178628 ; 0.00630151 ; -0.00537048 ; 102.749;
6 ; 11 ; 4 ; 0.0109773 ; 0.0144409 ; -0.00688463 ; 103.047;
7 ; 11 ; 4 ; 0.0171508 ; 0.0124998 ; 0.00133262 ; 102.988;
8 ; 11 ; 4 ; 0.00819808 ; 0.00641811 ; 0.0104131 ; 102.771;
9 ; 11 ; 4 ; 0.0270073 ; 0.0135024 ; 0.00150484 ; 102.974;
10 ; 11 ; 4 ; 0.00924201 ; 0.00551523 ; -0.00683382 ; 102.587;
11 ; 11 ; 4 ; -2.3373e-05 ; 0.00838784 ; 0.011546 ; 102.785;
12 ; 11 ; 4 ; 0.00995034 ; 0.00610674 ; -0.00034917 ; 102.66;
13 ; 11 ; 4 ; 0.00256197 ; 0.0151535 ; -0.00243219 ; 102.401;
14 ; 11 ; 4 ; 0.0129575 ; 0.00683797 ; 0.00193229 ; 102.494;
15 ; 11 ; 4 ; -0.00775334 ; 0.00896497 ; -0.00551086 ; 102.571;
16 ; 11 ; 4 ; -0.000643423 ; 0.0126731 ; 0.00695761 ; 102.378;
17 ; 11 ; 4 ; 0.00109144 ; 0.00733137 ; 0.00837078 ; 102.749;
18 ; 11 ; 4 ; -0.0114922 ; 0.00394891 ; 0.00650597 ; 102.279;
19 ; 11 ; 4 ; -0.000688702 ; 0.017712 ; 0.00167427 ; 102.086;
20 ; 11 ; 4 ; 0.00531007 ; 0.0125494 ; 0.000919874 ; 102.006;
21 ; 11 ; 4 ; 0.0170906 ; 0.0192759 ; 0.00602331 ; 102.265;
22 ; 11 ; 4 ; 0.0173391 ; 0.00837873 ; 0.00977049 ; 101.936;
23 ; 11 ; 4 ; 0.00916996 ; 0.0184756 ; 0.00760018 ; 102.629;
24 ; 11 ; 4 ; 0.00392117 ; -0.00598981 ; -0.00081667 ; 102.769;
25 ; 11 ; 4 ; -0.00718397 ; 0.0145254 ; 0.0120942 ; 102.343;
26 ; 11 ; 4 ; -0.00748732 ; 0.0120875 ; 0.00121891 ; 102.669;
27 ; 11 ; 4 ; -0.0124766 ; 0.0224564 ; 0.00104479 ; 102.468;
28 ; 11 ; 4 ; -0.0206292 ; 0.00530924 ; -0.00896599 ; 102.492;
29 ; 11 ; 4 ; -0.0181653 ; -0.00189169 ; 0.00300433 ; 102.446;
30 ; 11 ; 4 ; -0.0137483 ; 0.0164113 ; -0.00118109 ; 102.896;
31 ; 11 ; 4 ; -0.0135474 ; 0.00731368 ; 0.0178118 ; 102.99;
32 ; 11 ; 4 ; -0.00872285 ; 0.0108926 ; 0.0181323 ; 102.703;
33 ; 11 ; 4 ; 0.00920278 ; 0.00793743 ; -0.00104415 ; 103.049;
4 ; 12 ; 4 ; 0.0310024 ; 0.0113245 ; 0.00690392 ; 103.143;
5 ; 12 ; 4 ; 0.0346621 ; -0.00797623 ; 0.0127867 ; 102.733;
6 ; 12 ; 4 ; 0.0145702 ; -0.00144285 ; 0.00902218 ; 102.603;
7 ; 12 ; 4 ; 0.00431884 ; 0.0117754 ; 0.00958973 ; 102.282;
8 ; 12 ; 4 ; 0.0242205 ; -0.0095935 ; -0.00364075 ; 102.392;
9 ; 12 ; 4 ; 0.0152321 ; 0.0100533 ; -0.00193111 ; 102.945;
10 ; 12 ; 4 ; 0.00555901 ; -0.0100593 ; 0.0126229 ; 102.657;
11 ; 12 ; 4 ; 0.0149595 ; 0.00716208 ; -0.00214594 ; 102.426;
12 ; 12 ; 4 ; 0.0169671 ; 0.0147732 ; 0.00301301 ; 102.546;
13 ; 12 ; 4 ; 0.00593405 ; 0.0144879 ; -0.00362345 ; 102.138;
14 ; 12 ; 4 ; -0.00599299 ; 0.0145448 ; 0.024601 ; 102.423;
15 ; 12 ; 4 ; 0.000148492 ; 0.0165378 ; 0.00307204 ; 102.303;
16 ; 12 ; 4 ; -0.00266428 ; 0.00584488 ; -0.00453713 ; 101.871;
17 ; 12 ; 4 ; 0.00480421 ; 0.0131585 ; 0.00289564 ; 101.642;
18 ; 12 ; 4 ; -0.00771734 ; -0.00273763 ; -0.000538624 ; 102.082;
19 ; 12 ; 4 ; 0.00426224 ; 0.0164992 ; -0.00140661 ; 102.57;
20 ; 12 ; 4 ; 0.00289311 ; 0.00302378 ; -0.00661777 ; 101.895;
21 ; 12 ; 4 ; 0.000304151 ; 0.00799458 ; 0.012435 ; 102.099;
22 ; 12 ; 4 ; -0.00165884 ; 0.00432275 ; -0.00373236 ; 102.218;
23 ; 12 ; 4 ; -0.000312526 ; 0.0232119 ; 0.00306226 ; 102.513;
24 ; 12 ; 4 ; -0.0115285 ; 0.00344945 ; -0.00872456 ; 102.361;
25 ; 12 ; 4 ; -0.0114761 ; -0.00307563 ; 0.00471304 ; 102.39;
26 ; 12 ; 4 ; -0.011027 ; 0.0182464 ; 0.0141084 ; 101.937;
27 ; 12 ; 4 ; -0.00976311 ; 0.0109885 ; -0.00814044 ; 103.065;
28 ; 12 ; 4 ; -0.0310053 ; 0.0163128 ; -0.000374646 ; 102.598;
29 ; 12 ; 4 ; -0.014638 ; 0.0038778 ; 0.00445461 ; 102.888;
30 ; 12 ; 4 ; -0.0132099 ; 0.0125788 ; 0.010139 ; 102.62;
31 ; 12 ; 4 ; -0.00951474 ; 0.00905001 ; 0.0149055 ; 102.251;
32 ; 12 ; 4 ; -0.0022053 ; 0.00149158 ; 0.0108854 ; 102.78;
33 ; 12 ; 4 ; 0.00648276 ; 0.00243002 ; 0.00448317 ; 102.887;
4 ; 13 ; 4 ; 0.025808 ; 0.00428985 ; 0.00648436 ; 102.437;
5 ; 13 ; 4 ; 0.021313 ; 0.00102153 ; 0.0152422 ; 102.766;
6 ; 13 ; 4 ; 0.0107543 ; -0.0018258 ; 0.0219292 ; 102.279;
7 ; 13 ; 4 ; 0.0205231 ; 0.00653741 ; 0.000249845 ; 102.488;
8 ; 13 ; 4 ; 0.0216461 ; 0.0120294 ; 0.00061958 ; 102.939;
9 ; 13 ; 4 ; 0.025995 ; 0.00556814 ; 0.00289184 ; 102.714;
10 ; 13 ; 4 ; 0.0206281 ; 0.00792182 ; 0.00570941 ; 102.714;
11 ; 13 ; 4 ; 0.00638697 ; 0.00561263 ; -0.000804273 ; 102.53;
12 ; 13 ; 4 ; 0.00918968 ; 0.000217174 ; -0.00148817 ; 102.255;
13 ; 13 ; 4 ; 0.0041076 ; 0.0145754 ; 0.00123039 ; 102.013;
14 ; 13 ; 4 ; 0.0131948 ; -0.0007989 ; 0.00812166 ; 102.4;
15 ; 13 ; 4 ; -0.0133857 ; 0.00546132 ; 0.00413891 ; 102.234;
16 ; 13 ; 4 ; -0.00574674 ; 0.00201802 ; -0.0033112 ; 102.308;
17 ; 13 ; 4 ; 0.00573216 ; -0.00826531 ; -0.00246933 ; 102.497;
18 ; 13 ; 4 ; 0.00332262 ; 0.00604563 ; 0.00642821 ; 102.422;
19 ; 13 ; 4 ; -0.00213577 ; 0.0111663 ; 0.000379094 ; 102.034;
20 ; 13 ; 4 ; 0.00365141 ; 0.00520313 ; 0.00870521 ; 101.917;
21 ; 13 ; 4 ; 0.00458258 ; 0.0100495 ; 0.00353447 ; 102.196;
22 ; 13 ; 4 ; -0.0100839 ; -0.00170414 ; -0.000876143 ; 102.303;
23 ; 13 ; 4 ; -0.005802 ; -0.000857612 ; -0.0030052 ; 102.133;
24 ; 13 ; 4 ; -0.000391626 ; 0.00870861 ; -0.00357885 ; 102.427;
25 ; 13 ; 4 ; -0.00957601 ; -0.0131793 ; 0.000899511 ; 102.188;
26 ; 13 ; 4 ; -0.00267822 ; -0.00219649 ; 0.004641 ; 102.625;
27 ; 13 ; 4 ; -0.0266597 ; 0.00372972 ; -0.0025756 ; 103.055;
28 ; 13 ; 4 ; -0.0106636 ; -0.00156766 ; 0.0174135 ; 102.621;
29 ; 13 ; 4 ; -0.0148255 ; 0.0103515 ; -0.00392135 ; 102.797;
30 ; 13 ; 4 ; -0.0275608 ; 0.00698679 ; 0.00413475 ; 102.196;
31 ; 13 ; 4 ; -0.00808407 ; 0.0102135 ; -0.00766998 ; 102.955;
32 ; 13 ; 4 ; -0.00527809 ; -0.00834725 ; 0.0126535 ; 102.449;
33 ; 13 ; 4 ; -0.00904708 ; -0.00248517 ; -0.00315117 ; 102.665;
4 ; 14 ; 4 ; 0.00502359 ; 0.00298317 ; 0.00482015 ; 102.849;
5 ; 14 ; 4 ; 0.0150485 ; 0.00491587 ; 0.013693 ; 103.024;
6 ; 14 ; 4 ; 0.02029 ; 0.00397043 ; 0.0200859 ; 103.078;
7 ; 14 ; 4 ; 0.0174474 ; 0.00129251 ; 0.00961682 ; 102.954;
8 ; 14 ; 4 ; 0.0152703 ; -0.00997661 ; 0.00342318 ; 102.463;
9 ; 14 ; 4 ; 0.014812 ; -0.00956015 ; 0.00613597 ; 102.301;
10 ; 14 ; 4 ; 0.013312 ; 0.0102127 ; 0.00295682 ; 102.362;
11 ; 14 ; 4 ; 0.014178 ; -0.00148865 ; 0.00565827 ; 102.609;
12 ; 14 ; 4 ; 0.014753 ; -0.0109249 ; 0.0020669 ; 102.163;
13 ; 14 ; 4 ; 0.00323607 ; 0.000722095 ; -0.012283 ; 102.454;
14 ; 14 ; 4 ; -0.00570055 ; -0.000264175 ; -7.90859e-05 ; 102.021;
15 ; 14 ; 4 ; 0.00638171 ; -0.00164252 ; 0.010184 ; 102.017;
16 ; 14 ; 4 ; 0.00442915 ; -0.000492303 ; -0.000535691 ; 102.36;
17 ; 14 ; 4 ; 0.0089226 ; -0.000264802 ; 0.0113041 ; 102.123;
18 ; 14 ; 4 ; 0.00587607 ; -0.00627046 ; -0.00254764 ; 101.783;
19 ; 14 ; 4 ; 0.0177907 ; 0.00379498 ; 0.00972544 ; 102.314;
20 ; 14 ; 4 ; 0.00842597 ; -0.0128089 ; 0.0031606 ; 102.043;
21 ; 14 ; 4 ; 0.00539074 ; -0.000833209 ; 0.0101012 ; 102.101;
22 ; 14 ; 4 ; 0.00385597 ; -6.29349e-06 ; 0.00879233 ; 102.102;
23 ; 14 ; 4 ; 0.00273444 ; -0.00173163 ; 0.00344881 ; 102.07;
24 ; 14 ; 4 ; 0.00787053 ; 0.0075172 ; 5.8083e-05 ; 102.112;
25 ; 14 ; 4 ; -0.00877293 ; -0.00229717 ; -0.00249595 ; 102.598;
26 ; 14 ; 4 ; -0.0169702 ; 0.00263133 ; 0.00569418 ; 102.315;
27 ; 14 ; 4 ; -0.0211628 ; 0.00258617 ; -0.00619493 ; 102.43;
28 ; 14 ; 4 ; -0.0162192 ; -0.0110895 ; -0.00474319 ; 102.201;
29 ; 14 ; 4 ; -0.0203148 ; 0.00205323 ; 0.00447862 ; 102.336;
30 ; 14 ; 4 ; -0.0110834 ; -0.00381502 ; 0.00134059 ; 102.924;
31 ; 14 ; 4 ; -0.00910016 ; -0.00996906 ; -0.00712019 ; 102.536;
32 ; 14 ; 4 ; 0.00287218 ; 0.00185797 ; 0.00597271 ; 102.379;
33 ; 14 ; 4 ; 0.00657923 ; -0.00602581 ; 0.000300705 ; 102.606;
4 ; 15 ; 4 ; 0.0167014 ; 0.00852298 ; -0.00204004 ; 102.91;
5 ; 15 ; 4 ; 0.0147798 ; 2.21291e-05 ; 0.0123247 ; 103.102;
6 ; 15 ; 4 ; 0.0157834 ; 0.00216235 ; -0.000795348 ; 102.737;
7 ; 15 ; 4 ; 0.0140819 ; -0.00166461 ; 0.00153258 ; 102.83;
8 ; 15 ; 4 ; 0.0140237 ; 0.0075514 ; -0.00286218 ; 102.13;
9 ; 15 ; 4 ; 0.0182221 ; 0.0119447 ; 0.0132182 ; 102.564;
10 ; 15 ; 4 ; 0.00554848 ; 0.000713745 ; 0.00875248 ; 102.541;
11 ; 15 ; 4 ; 0.00743586 ; -0.012005 ; -0.00607472 ; 101.792;
12 ; 15 ; 4 ; 0.00403938 ; -0.00379266 ; 0.00611688 ; 102.311;
13 ; 15 ; 4 ; -0.00529925 ; -0.00773438 ; -0.00510251 ; 101.802;
14 ; 15 ; 4 ; 0.00514891 ; -0.000134126 ; 0.00676574 ; 101.906;
15 ; 15 ; 4 ; -0.00264535 ; 0.00454645 ; 0.00412473 ; 102.419;
16 ; 15 ; 4 ; -0.00622484 ; 0.00259305 ; -0.0085651 ; 101.888;
17 ; 15 ; 4 ; 1.01516e-05 ; -0.00310587 ; 0.00478617 ; 102.051;
18 ; 15 ; 4 ; 0.00316284 ; -0.0132918 ; -0.00213787 ; 101.793;
19 ; 15 ; 4 ; 0.0107421 ; 0.00544407 ; 0.00800924 ; 101.757;
20 ; 15 ; 4 ; -0.00238558 ; -0.000899765 ; -0.00335765 ; 102.222;
21 ; 15 ; 4 ; -0.0036029 ; 0.0083863 ; 0.0127081 ; 102.338;
22 ; 15 ; 4 ; -0.00412083 ; -0.00404408 ; 0.00548567 ; 101.944;
23 ; 15 ; 4 ; -0.0170393 ; 0.00297749 ; 0.0156348 ; 101.935;
24 ; 15 ; 4 ; -0.00519795 ; -0.00696377 ; 0.00918976 ; 102.188;
25 ; 15 ; 4 ; -0.00791218 ; -0.006373 ; 0.00426357 ; 101.709;
26 ; 15 ; 4 ; -0.0127864 ; 0.00593199 ; 0.00545477 ; 102.046;
27 ; 15 ; 4 ; -0.00479684 ; -0.00663722 ; 0.000984262 ; 102.231;
28 ; 15 ; 4 ; -0.00796128 ; 0.00906279 ; -0.0101566 ; 102.11;
29 ; 15 ; 4 ; -0.0177966 ; -6.74279e-05 ; 0.00573084 ; 103.015;
30 ; 15 ; 4 ; -0.00971974 ; 0.00298484 ; 0.00610376 ; 102.091;
31 ; 15 ; 4 ; -0.0105806 ; -0.00637572 ; 0.002744 ; 102.428;
32 ; 15 ; 4 ; -0.00595514 ; -0.00129009 ; -0.00247156 ; 102.561;
33 ; 15 ; 4 ; 0.0025837 ; -0.00443853 ; 0.0168155 ; 102.329;
4 ; 16 ; 4 ; 0.0137673 ; 0.00383289 ; 0.0202167 ; 103.034;
5 ; 16 ; 4 ; 0.0142043 ; 0.000932798 ; 0.0115818 ; 102.634;
6 ; 16 ; 4 ; 0.0181398 ; -0.00380691 ; -0.000879454 ; 102.808;
7 ; 16 ; 4 ; 0.0103843 ; 0.00104005 ; 0.00407585 ; 102.713;
8 ; 16 ; 4 ; 0.00774826 ; -0.00450115 ; 0.00736017 ; 102.66;
9 ; 16 ; 4 ; 0.0023733 ; 0.000845022 ; -0.000928076 ; 102.42;
10 ; 16 ; 4 ; 0.0213675 ; -0.00520426 ; -0.00675658 ; 102.457;
11 ; 16 ; 4 ; 0.0212934 ; -0.00596309 ; -0.0027837 ; 102.478;
12 ; 16 ; 4 ; 0.0106083 ; -0.0072933 ; 0.0128302 ; 102.033;
13 ; 16 ; 4 ; 0.01423 ; 0.00297858 ; -0.00716615 ; 102.194;
14 ; 16 ; 4 ; 0.00872366 ; -0.00135117 ; 0.0141673 ; 101.725;
15 ; 16 ; 4 ; 0.00957793 ; 0.00457281 ; 0.00596187 ; 102.16;
16 ; 16 ; 4 ; -0.00146341 ; -0.0168814 ; 0.00635104 ; 102.2;
17 ; 16 ; 4 ; 0.00196305 ; -0.000459744 ; 0.00651087 ; 101.599;
18 ; 16 ; 4 ; 0.0122588 ; -0.00994205 ; 0.00741806 ; 101.852;
19 ; 16 ; 4 ; -0.0014562 ; 0.00232613 ; -0.0187085 ; 101.839;
20 ; 16 ; 4 ; -0.00147243 ; -0.00310751 ; 0.00354931 ; 102.257;
21 ; 16 ; 4 ; 0.0121965 ; 0.00286045 ; -0.00816714 ; 102.026;
22 ; 16 ; 4 ; 0.00367393 ; -0.0093108 ; 0.0078201 ; 102.01;
23 ; 16 ; 4 ; -0.00739581 ; 0.0014075 ; 0.00231322 ; 102.191;
24 ; 16 ; 4 ; 0.00294142 ; -0.000504506 ; 0.00764575 ; 102.031;
25 ; 16 ; 4 ; -0.00191374 ; -0.00246222 ; -0.0119563 ; 102.366;
26 ; 16 ; 4 ; -0.023823 ; -0.00638734 ; 0.00222811 ; 102.292;
27 ; 16 ; 4 ; -0.0211418 ; -0.00314649 ; 0.00884337 ; 102.542;
28 ; 16 ; 4 ; -0.0206808 ; -0.0108997 ; 0.000393247 ; 102.203;
29 ; 16 ; 4 ; -0.015774 ; 0.00420776 ; -0.00453122 ; 102.579;
30 ; 16 ; 4 ; -0.0226993 ; -0.00750735 ; 0.00370085 ; 102.579;
31 ; 16 ; 4 ; -0.0134248 ; -0.00431468 ; -0.0026482 ; 102.516;
32 ; 16 ; 4 ; -0.00946018 ; 0.00704046 ; -0.00193663 ; 102.417;
33 ; 16 ; 4 ; 0.00666896 ; -0.00520058 ; 0.00522277 ; 102.609;
4 ; 17 ; 4 ; 0.0133851 ; -0.0023674 ; 0.013621 ; 102.531;
5 ; 17 ; 4 ; 0.0120884 ; -0.00166541 ; 0.00118766 ; 102.95;
6 ; 17 ; 4 ; 0.0264205 ; 0.00245901 ; 0.0193093 ; 102.755;
7 ; 17 ; 4 ; 0.0168321 ; -0.0102721 ; 0.0099351 ; 102.381;
8 ; 17 ; 4 ; 0.0186146 ; 0.00405518 ; -0.00162926 ; 102.411;
9 ; 17 ; 4 ; 0.0224417 ; -0.00948065 ; 0.00857331 ; 102.905;
10 ; 17 ; 4 ; 0.0127862 ; -0.0152525 ; 0.00886191 ; 102.311;
11 ; 17 ; 4 ; 0.0165634 ; 0.00910438 ; 0.00568435 ; 102.151;
12 ; 17 ; 4 ; 0.0219469 ; 0.00190846 ; 0.0113745 ; 102.399;
13 ; 17 ; 4 ; 0.00457485 ; -0.00350546 ; 0.00925639 ; 101.938;
14 ; 17 ; 4 ; 0.0038794 ; 0.000861716 ; 0.00894966 ; 102.01;
15 ; 17 ; 4 ; -0.000415874 ; -0.00368732 ; 0.0189289 ; 101.831;
16 ; 17 ; 4 ; -0.00349749 ; 0.00366803 ; 0.00323216 ; 101.73;
17 ; 17 ; 4 ; -0.00349203 ; -0.00321189 ; 0.00989902 ; 102.018;
18 ; 17 ; 4 ; 0.000274045 ; -0.00755008 ; 0.00101383 ; 102.075;
19 ; 17 ; 4 ; -0.000609856 ; 0.00996245 ; -0.00857469 ; 102.161;
20 ; 17 ; 4 ; 0.00246925 ; 0.00436254 ; 0.00182709 ; 102.428;
21 ; 17 ; 4 ; 0.00667577 ; 0.00457455 ; 0.000229773 ; 102.02;
22 ; 17 ; 4 ; -0.00931914 ; 0.00676052 ; 0.013974 ; 102.407;
23 ; 17 ; 4 ; -0.00923099 ; -0.00256089 ; 0.000370772 ; 102.156;
24 ; 17 ; 4 ; -0.00163164 ; -0.00340653 ; -0.00514285 ; 102.411;
25 ; 17 ; 4 ; -0.00632667 ; 0.000646296 ; 0.00245318 ; 102.144;
26 ; 17 ; 4 ; -0.0186449 ; -0.00329018 ; -0.00197984 ; 102.088;
27 ; 17 ; 4 ; -0.0141391 ; -0.00149356 ; 0.000428026 ; 102.85;
28 ; 17 ; 4 ; -0.0337466 ; -0.00469387 ; -0.000613428 ; 102.341;
29 ; 17 ; 4 ; -0.0290268 ; 0.00212286 ; 0.00481674 ; 102.585;
30 ; 17 ; 4 ; -0.020157 ; -0.00189134 ; 0.0166762 ; 102.79;
31 ; 17 ; 4 ; -0.0186526 ; -0.00567724 ; -0.00198788 ; 102.457;
32 ; 17 ; 4 ; -0.00366715 ; -0.00525245 ; 0.00328257 ; 102.717;
33 ; 17 ; 4 ; -0.000847192 ; 0.00874182 ; -0.00480242 ; 102.529;
4 ; 18 ; 4 ; 0.0152151 ; 0.0066029 ; 0.00456864 ; 102.297;
5 ; 18 ; 4 ; 0.022119 ; 0.00390037 ; 0.0138957 ; 102.68;
6 ; 18 ; 4 ; 0.0235086 ; -0.0112942 ; 0.0215596 ; 102.219;
7 ; 18 ; 4 ; 0.00884121 ; -0.00945166 ; 0.0142271 ; 102.328;
8 ; 18 ; 4 ; 0.0157667 ; -0.00251172 ; -0.0169645 ; 102.77;
9 ; 18 ; 4 ; 0.0147155 ; -0.0175872 ; 0.0015475 ; 102.294;
10 ; 18 ; 4 ; 0.0125675 ; 0.00170483 ; -0.00293262 ; 102.244;
11 ; 18 ; 4 ; 0.0137492 ; 0.00830464 ; -0.000309859 ; 102.304;
12 ; 18 ; 4 ; 0.00759188 ; 0.0125675 ; 0.00774381 ; 102.19;
13 ; 18 ; 4 ; -0.00587411 ; -0.00979224 ; -0.0167219 ; 101.827;
14 ; 18 ; 4 ; 0.00105547 ; 0.00154707 ; 0.0127807 ; 102.118;
15 ; 18 ; 4 ; 0.0082217 ; -0.000181562 ; 0.00475611 ; 102.34;
16 ; 18 ; 4 ; -0.000222999 ; 0.00744142 ; 0.0129676 ; 102.065;
17 ; 18 ; 4 ; 0.000256234 ; -0.0121896 ; 0.00962647 ; 101.765;
18 ; 18 ; 4 ; -0.00293727 ; 0.012286 ; 0.00417412 ; 102.051;
19 ; 18 ; 4 ; -0.00326894 ; 0.00864717 ; 0.0161981 ; 100.878;
20 ; 18 ; 4 ; 0.00150139 ; 0.0113277 ; 0.00694985 ; 102.328;
21 ; 18 ; 4 ; 0.00108277 ; 0.0107561 ; 0.00829656 ; 101.615;
22 ; 18 ; 4 ; -0.00317111 ; -0.0083766 ; 0.00746406 ; 102.216;
23 ; 18 ; 4 ; -0.000490104 ; -0.00080221 ; 0.0106743 ; 102.057;
24 ; 18 ; 4 ; -0.00947151 ; 0.0147439 ; 0.0137556 ; 101.941;
25 ; 18 ; 4 ; -0.00410063 ; 0.0040387 ; 0.00706527 ; 102.174;
26 ; 18 ; 4 ; -0.00966181 ; 0.00165265 ; 0.0026841 ; 102.677;
27 ; 18 ; 4 ; -0.0148748 ; -0.0108231 ; 0.00610797 ; 102.224;
28 ; 18 ; 4 ; -0.0226243 ; 0.00552178 ; -0.00160804 ; 102.293;
29 ; 18 ; 4 ; -0.0220622 ; 0.000700942 ; -0.00493525 ; 102.721;
30 ; 18 ; 4 ; -0.0192079 ; 0.0109102 ; 0.00259979 ; 102.444;
31 ; 18 ; 4 ; -0.0114664 ; 0.00389754 ; -0.000616867 ; 102.828;
32 ; 18 ; 4 ; 0.00528113 ; -0.0038768 ; 0.00508272 ; 102.618;
33 ; 18 ; 4 ; 0.0116698 ; 0.00469184 ; -0.00663682 ; 102.867;
4 ; 19 ; 4 ; -0.00213634 ; -0.000284534 ; -0.00101804 ; 102.465;
5 ; 19 ; 4 ; 0.00856896 ; -0.0113753 ; 0.00144295 ; 102.846;
6 ; 19 ; 4 ; 0.0138011 ; -0.00497186 ; 0.00157652 ; 102.61;
7 ; 19 ; 4 ; 0.0198452 ; 0.00505123 ; 0.00467269 ; 103.184;
8 ; 19 ; 4 ; 0.0242229 ; -0.0109444 ; 0.00611901 ; 102.695;
9 ; 19 ; 4 ; 0.0184632 ; -0.00133309 ; -0.00220261 ; 102.767;
10 ; 19 ; 4 ; 0.0158232 ; 0.00703518 ; -0.00488888 ; 102.315;
11 ; 19 ; 4 ; -0.00296167 ; -0.0115709 ; 0.00330769 ; 102.105;
12 ; 19 ; 4 ; 0.0117201 ; -0.00261565 ; -0.0100224 ; 102.557;
13 ; 19 ; 4 ; -0.00445764 ; -0.00488269 ; 0.000603233 ; 101.761;
14 ; 19 ; 4 ; -0.0116989 ; 0.0198936 ; 0.00493333 ; 102.157;
15 ; 19 ; 4 ; 0.00738435 ; -0.00539867 ; 0.0093382 ; 101.765;
16 ; 19 ; 4 ; 0.000120842 ; 0.00154515 ; 0.020477 ; 101.839;
17 ; 19 ; 4 ; 0.00205247 ; 0.0039888 ; 0.00543876 ; 102.141;
18 ; 19 ; 4 ; 0.00127795 ; 0.0070482 ; 0.00423589 ; 101.899;
19 ; 19 ; 4 ; 0.00140241 ; 0.0075756 ; 0.00141282 ; 102.092;
20 ; 19 ; 4 ; -0.00327428 ; 0.00018126 ; 0.000912911 ; 102.074;
21 ; 19 ; 4 ; 0.0011587 ; 0.00593628 ; 0.0149539 ; 102.117;
22 ; 19 ; 4 ; -0.0110321 ; 0.00104297 ; 0.00202835 ; 101.807;
23 ; 19 ; 4 ; -0.0160971 ; -0.00211892 ; 0.012101 ; 102.37;
24 ; 19 ; 4 ; 0.00356795 ; 0.0039673 ; 0.000560805 ; 101.974;
25 ; 19 ; 4 ; -0.011968 ; 0.00495331 ; -0.00267308 ; 101.91;
26 ; 19 ; 4 ; -0.0136397 ; -0.00468377 ; 0.00513232 ; 102.773;
27 ; 19 ; 4 ; -0.0120317 ; -0.00161657 ; -0.00455838 ; 102.172;
28 ; 19 ; 4 ; -0.0298937 ; 4.673e-05 ; -0.00110573 ; 102.567;
29 ; 19 ; 4 ; -0.0157871 ; -0.00586062 ; -0.00602221 ; 102.518;
30 ; 19 ; 4 ; -0.00590493 ; 0.00579706 ; -0.000135602 ; 102.78;
31 ; 19 ; 4 ; 0.00559657 ; -0.00576876 ; 0.0206675 ; 102.727;
32 ; 19 ; 4 ; -0.0065889 ; 0.00796427 ; 0.0016361 ; 102.491;
33 ; 19 ; 4 ; 0.00720831 ; 0.0089166 ; -0.00806306 ; 102.156;
4 ; 20 ; 4 ; 0.0157609 ; -0.0075607 ; 0.0145936 ; 102.858;
5 ; 20 ; 4 ; 0.0139504 ; -0.00629553 ; 0.00344332 ; 102.541;
6 ; 20 ; 4 ; 0.0140847 ; 0.0104984 ; 0.00665991 ; 102.562;
7 ; 20 ; 4 ; 0.0104406 ; 0.000667231 ; 0.00920271 ; 102.075;
8 ; 20 ; 4 ; 0.03055 ; -0.00222791 ; 0.0134231 ; 102.268;
9 ; 20 ; 4 ; 0.0100514 ; -0.00281483 ; 0.0133027 ; 102.535;
10 ; 20 ; 4 ; -0.000603581 ; 0.00473947 ; 0.00887488 ; 102.906;
11 ; 20 ; 4 ; 0.016029 ; -0.00678858 ; 0.00171084 ; 102.062;
12 ; 20 ; 4 ; 0.0106416 ; 3.08972e-05 ; 0.00482508 ; 102.044;
13 ; 20 ; 4 ; 0.00687375 ; -0.00180544 ; 0.00981153 ; 102.245;
14 ; 20 ; 4 ; 0.0020787 ; -0.0021412 ; 0.00958381 ; 102.608;
15 ; 20 ; 4 ; -0.0169625 ; -0.00198958 ; 0.0104085 ; 101.753;
16 ; 20 ; 4 ; 0.00717841 ; -0.00360269 ; 0.0115975 ; 102.337;
17 ; 20 ; 4 ; -0.00482256 ; 0.00859799 ; 0.00482284 ; 102.261;
18 ; 20 ; 4 ; 0.00233825 ; 0.00301278 ; 0.00427941 ; 102.101;
19 ; 20 ; 4 ; 0.00795487 ; -0.00135387 ; 0.00824786 ; 101.717;
20 ; 20 ; 4 ; -0.00875669 ; 0.00433251 ; 0.00109825 ; 102.281;
21 ; 20 ; 4 ; -0.00221929 ; -0.0102295 ; 0.00541599 ; 102.352;
22 ; 20 ; 4 ; -0.00034282 ; 0.00386133 ; 0.0136128 ; 101.983;
23 ; 20 ; 4 ; -0.00583812 ; 0.015546 ; 0.0103436 ; 101.924;
24 ; 20 ; 4 ; 0.00118186 ; -0.0034171 ; 0.000759085 ; 102.23;
25 ; 20 ; 4 ; -0.00115597 ; -0.00965554 ; -0.00026089 ; 102.256;
26 ; 20 ; 4 ; -0.0203315 ; -0.00618822 ; -0.0034522 ; 102.471;
27 ; 20 ; 4 ; -0.00292562 ; -9.68197e-05 ; 0.00582006 ; 102.653;
28 ; 20 ; 4 ; -0.0217658 ; -0.00541897 ; 0.012485 ; 101.979;
29 ; 20 ; 4 ; -0.00858116 ; 0.00115665 ; 0.0054939 ; 102.139;
30 ; 20 ; 4 ; -0.0129085 ; 0.0127363 ; 0.0083285 ; 102.096;
31 ; 20 ; 4 ; 0.000442511 ; -0.00203908 ; 0.00169467 ; 102.719;
32 ; 20 ; 4 ; 0.00500958 ; 0.0121232 ; 0.0152316 ; 102.551;
33 ; 20 ; 4 ; 0.0109153 ; 0.0138259 ; -0.0127002 ; 102.634;
4 ; 21 ; 4 ; 0.0152495 ; 0.00556079 ; 0.0213411 ; 102.813;
5 ; 21 ; 4 ; 0.0168378 ; 0.00797747 ; 0.00344439 ; 102.526;
6 ; 21 ; 4 ; 0.0247623 ; 2.50303e-05 ; 0.00946062 ; 102.538;
7 ; 21 ; 4 ; 0.0148326 ; -0.00605372 ; -7.78908e-05 ; 103.111;
8 ; 21 ; 4 ; 0.0206731 ; -0.0091905 ; -0.00896585 ; 102.993;
9 ; 21 ; 4 ; 0.0290147 ; 0.00267623 ; 0.0163712 ; 102.591;
10 ; 21 ; 4 ; 0.0149319 ; -0.000284162 ; 0.000951995 ; 102.56;
11 ; 21 ; 4 ; 0.00620763 ; 0.00429751 ; 0.00284198 ; 102.365;
12 ; 21 ; 4 ; 0.00991986 ; -0.00976313 ; 0.00906301 ; 102.594;
13 ; 21 ; 4 ; 0.00057662 ; -0.0112115 ; -0.00889276 ; 102.78;
14 ; 21 ; 4 ; 0.00262457 ; 0.00120089 ; 0.00801263 ; 101.737;
15 ; 21 ; 4 ; -0.00305018 ; 0.0119385 ; 0.00124827 ; 102.03;
16 ; 21 ; 4 ; -0.00935045 ; 0.00508458 ; -0.0104226 ; 101.818;
17 ; 21 ; 4 ; 0.00508956 ; 0.00995105 ; 0.0014855 ; 101.87;
18 ; 21 ; 4 ; -0.0147162 ; -0.0119771 ; 0.0142958 ; 101.622;
19 ; 21 ; 4 ; -0.01194 ; -0.00835569 ; 0.0080979 ; 101.986;
20 ; 21 ; 4 ; 0.00297528 ; 0.00172514 ; 0.00677518 ; 101.971;
21 ; 21 ; 4 ; -6.71925e-05 ; 0.010845 ; 0.00475224 ; 102.016;
22 ; 21 ; 4 ; -0.0044152 ; -0.005106 ; 0.00730268 ; 102.086;
23 ; 21 ; 4 ; -0.00868483 ; 0.00213446 ; 0.00119513 ; 102.393;
24 ; 21 ; 4 ; 0.00216576 ; -0.00605197 ; -0.0151512 ; 101.828;
25 ; 21 ; 4 ; -0.00917799 ; -0.00139459 ; -0.00360604 ; 102.068;
26 ; 21 ; 4 ; -0.00992734 ; 0.0045826 ; 0.00865842 ; 102.246;
27 ; 21 ; 4 ; -0.0130958 ; -0.00542013 ; -0.00216181 ; 102.688;
28 ; 21 ; 4 ; -0.0216658 ; 0.0026151 ; -0.000147622 ; 102.498;
29 ; 21 ; 4 ; -0.00262623 ; 0.0253385 ; -0.0118555 ; 102.476;
30 ; 21 ; 4 ; -0.00859742 ; 0.00929211 ; -0.0103837 ; 102.43;
31 ; 21 ; 4 ; -0.0092708 ; -0.0110988 ; -0.0053651 ; 102.743;
32 ; 21 ; 4 ; -0.0108016 ; -0.00443119 ; 0.00300036 ; 102.676;
33 ; 21 ; 4 ; -0.000302484 ; -0.0163732 ; -0.0103139 ; 102.462;
4 ; 22 ; 4 ; 0.0168316 ; -0.00252376 ; 0.00821344 ; 102.544;
5 ; 22 ; 4 ; 0.0238892 ; 0.000883244 ; 0.00495206 ; 102.762;
6 ; 22 ; 4 ; 0.019539 ; -0.0063377 ; -0.00130385 ; 102.771;
7 ; 22 ; 4 ; 0.0331552 ; -0.00224202 ; 0.00856301 ; 102.395;
8 ; 22 ; 4 ; 0.0197492 ; 0.00476812 ; -0.00800901 ; 102.181;
9 ; 22 ; 4 ; 0.0224604 ; 0.00866463 ; 0.0168392 ; 102.639;
10 ; 22 ; 4 ; 0.0186321 ; 0.00678873 ; 0.00385259 ; 102.395;
11 ; 22 ; 4 ; 0.0165122 ; 0.0146162 ; -0.00336499 ; 102.418;
12 ; 22 ; 4 ; 0.0186624 ; -0.00498848 ; 0.00793741 ; 102.036;
13 ; 22 ; 4 ; 0.00674903 ; -0.0149245 ; 0.0146865 ; 101.884;
14 ; 22 ; 4 ; 0.014099 ; -0.00225526 ; 0.00828205 ; 101.892;
15 ; 22 ; 4 ; -0.000113665 ; 0.00604817 ; 0.00902011 ; 102.101;
16 ; 22 ; 4 ; 0.00144822 ; 0.00484101 ; 0.00684272 ; 101.864;
17 ; 22 ; 4 ; 0.0128337 ; 0.00471593 ; 0.0039858 ; 101.753;
18 ; 22 ; 4 ; 0.0114223 ; -0.00260217 ; -0.00622076 ; 101.96;
19 ; 22 ; 4 ; 0.00212194 ; 0.00381067 ; 0.0052579 ; 101.646;
20 ; 22 ; 4 ; 0.00152801 ; 0.0118035 ; 0.0039697 ; 102.024;
21 ; 22 ; 4 ; 0.00685347 ; -0.0156394 ; 0.00543598 ; 102.385;
22 ; 22 ; 4 ; -0.00353735 ; -0.00213671 ; 0.0142521 ; 101.933;
23 ; 22 ; 4 ; -0.00493931 ; -0.00256167 ; 0.00198556 ; 102.097;
24 ; 22 ; 4 ; -0.0133628 ; 0.00758308 ; 0.00856507 ; 102.43;
25 ; 22 ; 4 ; -0.0186895 ; 0.0129942 ; -0.00235422 ; 102.216;
26 ; 22 ; 4 ; 0.0017091 ; -0.00600429 ; 0.00807935 ; 102.226;
27 ; 22 ; 4 ; -0.00667418 ; -0.00225386 ; -0.00379199 ; 102.481;
28 ; 22 ; 4 ; -0.0243112 ; 0.00620035 ; 0.00652565 ; 102.898;
29 ; 22 ; 4 ; -0.0164834 ; -0.00108581 ; 0.0194558 ; 102.463;
30 ; 22 ; 4 ; -0.00320993 ; 0.0116477 ; 0.0066951 ; 102.388;
31 ; 22 ; 4 ; -0.0141441 ; -0.0139554 ; 0.00948444 ; 102.728;
32 ; 22 ; 4 ; -0.00153108 ; 0.00719466 ; 0.00905089 ; 102.701;
33 ; 22 ; 4 ; 0.0038631 ; 0.00213405 ; -0.00166508 ; 102.836;
4 ; 23 ; 4 ; 0.00940152 ; -0.000274194 ; 0.0136752 ; 102.471;
5 ; 23 ; 4 ; 0.0154701 ; -0.0014146 ; 0.0150646 ; 102.463;
6 ; 23 ; 4 ; 0.0225798 ; -0.0057843 ; 0.00509542 ; 102.754;
7 ; 23 ; 4 ; 0.0336865 ; -0.00656101 ; 0.00123828 ; 102.458;
8 ; 23 ; 4 ; 0.0183075 ; -0.00777647 ; -0.00688885 ; 102.751;
9 ; 23 ; 4 ; 0.0170609 ; 0.000392162 ; -0.00345686 ; 102.583;
10 ; 23 ; 4 ; 0.0287743 ; -0.00594845 ; -0.0146332 ; 102.057;
11 ; 23 ; 4 ; 0.0194488 ; -0.000284529 ; -0.000397459 ; 102.453;
12 ; 23 ; 4 ; 0.0040618 ; -0.00362912 ; -0.0050338 ; 102.123;
13 ; 23 ; 4 ; 0.00291207 ; 0.0042953 ; 0.00139321 ; 102.449;
14 ; 23 ; 4 ; -0.0144466 ; -0.00341374 ; 0.00996839 ; 101.901;
15 ; 23 ; 4 ; -0.0144672 ; -0.000317 ; -0.00743173 ; 101.833;
16 ; 23 ; 4 ; -0.0156885 ; 0.00745529 ; 0.00648524 ; 102.452;
17 ; 23 ; 4 ; -0.00116038 ; 0.00595541 ; 0.00482808 ; 101.638;
18 ; 23 ; 4 ; -0.00626271 ; -0.00445887 ; -0.00728129 ; 101.588;
19 ; 23 ; 4 ; 0.00054331 ; -0.0018077 ; 0.00395935 ; 102.193;
20 ; 23 ; 4 ; 0.00390529 ; 0.00383217 ; 0.012433 ; 102.22;
21 ; 23 ; 4 ; 0.0119967 ; -0.00543706 ; 0.00839185 ; 102.088;
22 ; 23 ; 4 ; -0.00765185 ; -0.0064706 ; -0.00124779 ; 102.212;
23 ; 23 ; 4 ; 0.00858905 ; -0.00688405 ; 0.00743804 ; 102.177;
24 ; 23 ; 4 ; -0.0187547 ; -0.00119894 ; 0.004007 ; 102.676;
25 ; 23 ; 4 ; -0.017956 ; 0.00307207 ; -0.00335084 ; 102.28;
26 ; 23 ; 4 ; 0.000111697 ; -0.000239306 ; 0.0136876 ; 102.028;
27 ; 23 ; 4 ; -0.0159173 ; -0.00196833 ; 0.0102616 ; 102.463;
28 ; 23 ; 4 ; -0.0132893 ; 0.00690628 ; 0.00747216 ; 102.893;
29 ; 23 ; 4 ; -0.00326076 ; -0.00524392 ; 0.0102434 ; 102.584;
30 ; 23 ; 4 ; -0.0168065 ; 0.0081443 ; -0.00234072 ; 102.531;
31 ; 23 ; 4 ; -0.0172707 ; 0.0155276 ; 0.00443794 ; 102.435;
32 ; 23 ; 4 ; -0.0122856 ; 0.0107277 ; -0.00202704 ; 102.463;
33 ; 23 ; 4 ; 0.00138039 ; -0.00820356 ; 0.00754193 ; 102.57;
4 ; 24 ; 4 ; 0.00796962 ; 0.00713243 ; 0.00214872 ; 102.648;
5 ; 24 ; 4 ; 0.00699965 ; -0.00129625 ; -0.00861151 ; 102.691;
6 ; 24 ; 4 ; 0.00767131 ; -0.00192062 ; -0.00832653 ; 102.685;
7 ; 24 ; 4 ; 0.0138068 ; -0.000516101 ; 0.00884986 ; 102.531;
8 ; 24 ; 4 ; 0.0248724 ; 0.0105239 ; -0.00566472 ; 102.443;
9 ; 24 ; 4 ; 0.00884953 ; -0.00842667 ; -0.0129753 ; 102.695;
10 ; 24 ; 4 ; 0.00918915 ; -0.0172408 ; 0.00715396 ; 102.29;
11 ; 24 ; 4 ; 0.00725581 ; -0.0170991 ; -0.00605449 ; 102.685;
12 ; 24 ; 4 ; 0.00768437 ; -0.00874523 ; 0.00420959 ; 102.365;
13 ; 24 ; 4 ; 0.00594484 ; -0.00073795 ; -0.00519085 ; 102.062;
14 ; 24 ; 4 ; 0.00713395 ; -0.0174531 ; -0.000512302 ; 101.694;
15 ; 24 ; 4 ; -0.00571819 ; -0.00499953 ; 0.00623768 ; 102.036;
16 ; 24 ; 4 ; -0.00657394 ; -0.0212846 ; 0.00997137 ; 101.94;
17 ; 24 ; 4 ; 0.00472559 ; -0.00785447 ; 0.0114922 ; 102.156;
18 ; 24 ; 4 ; 0.00431109 ; -0.00448713 ; 0.00324118 ; 102.071;
19 ; 24 ; 4 ; 0.00643101 ; -0.0224879 ; 0.0052561 ; 101.735;
20 ; 24 ; 4 ; 0.00152861 ; -0.0184223 ; 0.0215606 ; 102.202;
21 ; 24 ; 4 ; 0.0154146 ; -0.00909159 ; -0.00172448 ; 102.358;
22 ; 24 ; 4 ; 0.00374752 ; -0.00555456 ; -0.00268497 ; 102.572;
23 ; 24 ; 4 ; -0.00720959 ; -0.00913033 ; -0.00830648 ; 102.474;
24 ; 24 ; 4 ; -0.00654278 ; 0.00270694 ; 0.0112983 ; 101.926;
25 ; 24 ; 4 ; -0.0205349 ; 0.00121579 ; 0.000849451 ; 102.325;
26 ; 24 ; 4 ; -0.0193818 ; -0.0104292 ; -0.00297109 ; 102.496;
27 ; 24 ; 4 ; -0.0158999 ; -0.0184982 ; 0.00523963 ; 102.716;
28 ; 24 ; 4 ; -0.0052654 ; -0.00622545 ; 0.00737319 ; 102.822;
29 ; 24 ; 4 ; -0.00798557 ; 0.00453133 ; 0.00158621 ; 102.987;
30 ; 24 ; 4 ; -0.0202573 ; -0.00155531 ; 0.00828361 ; 102.789;
31 ; 24 ; 4 ; 0.0050879 ; 0.000493786 ; -0.000268672 ; 102.453;
32 ; 24 ; 4 ; -0.00170359 ; -0.00723451 ; 0.00293744 ; 102.922;
33 ; 24 ; 4 ; 0.00411007 ; -0.000285623 ; -0.00283791 ; 102.519;
4 ; 25 ; 4 ; 0.0233418 ; -0.0087113 ; -0.00430781 ; 103.147;
5 ; 25 ; 4 ; 0.0292386 ; -0.00689163 ; 0.00374099 ; 102.614;
6 ; 25 ; 4 ; 0.0250204 ; -0.0111865 ; -0.00336041 ; 102.865;
7 ; 25 ; 4 ; 0.0184529 ; 0.000336038 ; -0.000518531 ; 102.683;
8 ; 25 ; 4 ; 0.0171288 ; 0.00082875 ; -0.00142088 ; 103.146;
9 ; 25 ; 4 ; 0.0202539 ; -0.0115843 ; 0.0123677 ; 102.085;
10 ; 25 ; 4 ; 0.00883911 ; -0.00346406 ; -0.0177658 ; 102.947;
11 ; 25 ; 4 ; -0.000579941 ; -0.00866864 ; -0.00420403 ; 102.935;
12 ; 25 ; 4 ; 0.00185386 ; -0.0196644 ; 0.00361118 ; 101.819;
13 ; 25 ; 4 ; -0.00329119 ; -0.0108117 ; -0.00373934 ; 102.218;
14 ; 25 ; 4 ; -9.93349e-05 ; -0.0119818 ; -0.0003083 ; 102.394;
15 ; 25 ; 4 ; 0.00880911 ; -0.0132577 ; -0.0063635 ; 102.703;
16 ; 25 ; 4 ; 0.00220139 ; -0.0154542 ; -0.00310657 ; 102.207;
17 ; 25 ; 4 ; -0.0125409 ; -0.00429367 ; 0.00152354 ; 102.719;
18 ; 25 ; 4 ; -0.00460414 ; -0.0031435 ; -0.00209629 ; 102.016;
19 ; 25 ; 4 ; 0.014738 ; -0.0136492 ; 0.00535475 ; 102.422;
20 ; 25 ; 4 ; -0.00280452 ; -0.0165875 ; 0.00477183 ; 102.203;
21 ; 25 ; 4 ; -0.0129991 ; -0.019408 ; 0.0118687 ; 102.077;
22 ; 25 ; 4 ; 0.00203884 ; -0.0133042 ; 0.0123513 ; 102.164;
23 ; 25 ; 4 ; 0.00862908 ; -0.016334 ; 0.0141302 ; 102.151;
24 ; 25 ; 4 ; 0.00664227 ; -0.00409489 ; 0.0102647 ; 102.345;
25 ; 25 ; 4 ; -0.0103609 ; -0.0183146 ; 0.00343476 ; 102.356;
26 ; 25 ; 4 ; -0.00467183 ; -0.00892201 ; 0.00656149 ; 102.164;
27 ; 25 ; 4 ; -0.00903237 ; -0.0041808 ; 0.0129008 ; 102.349;
28 ; 25 ; 4 ; -0.0159653 ; -0.00985834 ; 0.00609067 ; 102.696;
29 ; 25 ; 4 ; -0.0207858 ; 0.00488165 ; 0.016225 ; 102.692;
30 ; 25 ; 4 ; -0.00866144 ; -0.0149752 ; 0.00452379 ; 102.63;
31 ; 25 ; 4 ; -0.00709411 ; -0.00755136 ; 0.0146919 ; 102.339;
32 ; 25 ; 4 ; 0.00648607 ; -0.0156618 ; 0.00250159 ; 102.516;
33 ; 25 ; 4 ; 0.00798268 ; -0.00545915 ; 0.00190973 ; 102.664;
4 ; 26 ; 4 ; 0.0144628 ; -0.000965912 ; 0.00372966 ; 102.768;
5 ; 26 ; 4 ; 0.0157 ; -0.00822295 ; 0.0104354 ; 102.728;
6 ; 26 ; 4 ; 0.0183564 ; -0.00376087 ; 0.00475402 ; 102.649;
7 ; 26 ; 4 ; 0.0242693 ; -0.0080985 ; -0.000481361 ; 102.551;
8 ; 26 ; 4 ; 0.0236043 ; -0.00491801 ; 0.0098903 ; 102.758;
9 ; 26 ; 4 ; 0.00314831 ; -0.00109576 ; 0.00228713 ; 102.986;
10 ; 26 ; 4 ; 0.010221 ; -0.00457765 ; -0.0131907 ; 102.653;
11 ; 26 ; 4 ; 0.00849073 ; -0.0237744 ; -0.0046861 ; 103.06;
12 ; 26 ; 4 ; 0.0036596 ; -0.0176319 ; 0.0104881 ; 103.038;
13 ; 26 ; 4 ; -0.000384392 ; 0.000633613 ; 0.010421 ; 102.554;
14 ; 26 ; 4 ; 0.00892171 ; 0.010869 ; 0.00315427 ; 102.173;
15 ; 26 ; 4 ; -0.00183148 ; -0.0230912 ; 0.0172221 ; 102.423;
16 ; 26 ; 4 ; -0.0173322 ; -0.00948301 ; 0.012757 ; 102.328;
17 ; 26 ; 4 ; -0.00514604 ; -0.00977057 ; -0.000915473 ; 102.243;
18 ; 26 ; 4 ; -0.0108323 ; -0.0108222 ; 0.012801 ; 102.063;
19 ; 26 ; 4 ; -0.00807617 ; -0.0132057 ; 0.0143651 ; 102.491;
20 ; 26 ; 4 ; -0.00732756 ; -0.0194187 ; 0.00477218 ; 101.93;
21 ; 26 ; 4 ; -0.00286574 ; -0.00567344 ; -0.00666371 ; 102.222;
22 ; 26 ; 4 ; -0.00277589 ; -0.00631744 ; -0.0053939 ; 102.393;
23 ; 26 ; 4 ; 0.0092931 ; -0.0129494 ; 0.00803577 ; 102.685;
24 ; 26 ; 4 ; 0.00412966 ; -0.0139546 ; 0.00664704 ; 102.363;
25 ; 26 ; 4 ; -0.0103631 ; -0.0060997 ; -0.00364571 ; 102.01;
26 ; 26 ; 4 ; -0.012269 ; -0.00814686 ; -0.0177513 ; 102.708;
27 ; 26 ; 4 ; -0.0175414 ; -0.00322558 ; -0.00550613 ; 102.826;
28 ; 26 ; 4 ; -0.0212638 ; -0.0092445 ; -0.0119689 ; 102.672;
29 ; 26 ; 4 ; -0.0220358 ; -0.0035197 ; 0.0124879 ; 102.612;
30 ; 26 ; 4 ; -0.0133661 ; -0.012212 ; -0.00235412 ; 102.902;
31 ; 26 ; 4 ; -0.00991498 ; -0.00311811 ; -0.0147872 ; 103.079;
32 ; 26 ; 4 ; -0.00134238 ; -0.00479383 ; 0.00707804 ; 102.907;
33 ; 26 ; 4 ; 0.00225776 ; 0.000359324 ; 0.00378326 ; 101.882;
4 ; 27 ; 4 ; 0.0079813 ; -0.0216596 ; 0.00900797 ; 103.225;
5 ; 27 ; 4 ; 0.00597908 ; -0.0100732 ; -0.00399738 ; 102.831;
6 ; 27 ; 4 ; 0.0221022 ; -0.00246134 ; -0.00365997 ; 102.791;
7 ; 27 ; 4 ; 0.0158153 ; -0.0117468 ; 0.0144348 ; 103.29;
8 ; 27 ; 4 ; 0.0239618 ; -0.00244643 ; 0.00531707 ; 102.749;
9 ; 27 ; 4 ; 0.0154218 ; -0.00286373 ; -0.00185241 ; 103.326;
10 ; 27 ; 4 ; 0.012879 ; 0.00526774 ; -0.00482735 ; 102.697;
11 ; 27 ; 4 ; 0.0264796 ; -0.0148704 ; 0.00443446 ; 102.582;
12 ; 27 ; 4 ; 0.000232632 ; -0.019298 ; 0.00538407 ; 103.062;
13 ; 27 ; 4 ; 0.00915272 ; -0.0126353 ; 0.00672663 ; 102.452;
14 ; 27 ; 4 ; 0.00267041 ; -0.0137986 ; 0.00842792 ; 102.248;
15 ; 27 ; 4 ; -0.0107101 ; -0.000448552 ; 0.000634141 ; 102.008;
16 ; 27 ; 4 ; 0.0050151 ; -0.00966902 ; 0.00730894 ; 102.697;
17 ; 27 ; 4 ; 0.00347866 ; -0.0290013 ; 0.00555485 ; 102.106;
18 ; 27 ; 4 ; 0.00115123 ; -0.0148461 ; 0.0132586 ; 102.057;
19 ; 27 ; 4 ; 0.00253909 ; -0.00873024 ; -0.00362376 ; 102.498;
20 ; 27 ; 4 ; -0.013112 ; -0.0221135 ; 0.0145564 ; 102.46;
21 ; 27 ; 4 ; 0.0188682 ; -0.00255425 ; -0.00251381 ; 102.442;
22 ; 27 ; 4 ; 0.00938107 ; -0.0164678 ; 0.00210229 ; 102.233;
23 ; 27 ; 4 ; 0.00298049 ; -0.000653916 ; -0.00819458 ; 102.559;
24 ; 27 ; 4 ; -0.00166992 ; -0.0197642 ; 0.00589896 ; 102.417;
25 ; 27 ; 4 ; -2.02564e-05 ; -0.0121771 ; -0.00856532 ; 102.93;
26 ; 27 ; 4 ; -0.00567045 ; -0.00932819 ; 0.00074238 ; 102.731;
27 ; 27 ; 4 ; -0.0181647 ; -0.00668606 ; 0.00442697 ; 102.766;
28 ; 27 ; 4 ; -0.0269535 ; -0.016825 ; 0.00433419 ; 102.904;
29 ; 27 ; 4 ; -0.00976396 ; -0.0165556 ; 0.000851093 ; 102.551;
30 ; 27 ; 4 ; 0.000895392 ; -0.00968927 ; -0.00294563 ; 102.59;
31 ; 27 ; 4 ; -0.00056747 ; -0.0131999 ; 0.000159033 ; 102.194;
32 ; 27 ; 4 ; -0.00246986 ; -0.00377966 ; -0.0024369 ; 103.097;
33 ; 27 ; 4 ; 0.0129682 ; -0.00803788 ; -0.00296371 ; 102.764;
4 ; 28 ; 4 ; 0.00649021 ; -0.0122761 ; 0.00223858 ; 102.737;
5 ; 28 ; 4 ; 0.0122732 ; -0.00951798 ; 0.0144519 ; 103.277;
6 ; 28 ; 4 ; 0.0176523 ; -0.00981563 ; -0.00692421 ; 102.846;
7 ; 28 ; 4 ; 0.0235424 ; -0.0165698 ; 0.000809289 ; 102.73;
8 ; 28 ; 4 ; 0.0289388 ; -0.00987283 ; -0.00136205 ; 102.684;
9 ; 28 ; 4 ; 0.0110779 ; -0.00437833 ; 0.00158628 ; 102.95;
10 ; 28 ; 4 ; 0.0131511 ; -0.0239751 ; -0.0048487 ; 102.889;
11 ; 28 ; 4 ; 0.0224389 ; -0.00390222 ; -0.000751789 ; 102.552;
12 ; 28 ; 4 ; 0.00171644 ; -0.0336317 ; -0.0113606 ; 102.312;
13 ; 28 ; 4 ; 0.00925566 ; -0.00215897 ; -0.000390835 ; 102.647;
14 ; 28 ; 4 ; -0.0146047 ; -0.0193273 ; 0.00159748 ; 102.797;
15 ; 28 ; 4 ; 0.00322424 ; -0.0218324 ; 0.00890591 ; 102.535;
16 ; 28 ; 4 ; -0.00132094 ; -0.00482513 ; -0.00390195 ; 102.753;
17 ; 28 ; 4 ; 0.010264 ; -0.018476 ; -0.00608419 ; 102.416;
18 ; 28 ; 4 ; 0.00740293 ; -0.0177137 ; 0.00689548 ; 102.54;
19 ; 28 ; 4 ; 0.00759514 ; -0.00823304 ; 0.011459 ; 102.456;
20 ; 28 ; 4 ; 0.000498685 ; -0.0240413 ; 0.00558906 ; 102.209;
21 ; 28 ; 4 ; 0.00283256 ; -0.0165381 ; -0.00342151 ; 102.786;
22 ; 28 ; 4 ; 0.00679477 ; -0.0100286 ; 0.00673942 ; 102.668;
23 ; 28 ; 4 ; -0.00719066 ; -0.0130298 ; 0.0127984 ; 102.04;
24 ; 28 ; 4 ; 0.000686432 ; -0.0153668 ; 0.00977093 ; 102.268;
25 ; 28 ; 4 ; -0.0106129 ; -0.0135856 ; -0.00257228 ; 102.781;
26 ; 28 ; 4 ; -0.00412884 ; -0.0149086 ; -0.00412149 ; 102.43;
27 ; 28 ; 4 ; -0.0025362 ; -0.0147527 ; -0.00968122 ; 102.729;
28 ; 28 ; 4 ; 0.00523989 ; -0.0237972 ; 0.0167278 ; 103.097;
29 ; 28 ; 4 ; -0.00889737 ; -0.0143066 ; 0.00759906 ; 102.812;
30 ; 28 ; 4 ; -0.00617725 ; -0.00396848 ; -0.00342939 ; 102.762;
31 ; 28 ; 4 ; -0.00446071 ; -0.0112044 ; -0.00547415 ; 103;
32 ; 28 ; 4 ; 0.00604627 ; -0.0178072 ; -0.00217159 ; 102.825;
33 ; 28 ; 4 ; 0.0109957 ; -0.0178843 ; -0.00254893 ; 102.592;
4 ; 29 ; 4 ; 0.0141782 ; -0.0120333 ; -0.00517361 ; 103.437;
5 ; 29 ; 4 ; 0.0209842 ; -0.0174609 ; -0.00421747 ; 102.777;
6 ; 29 ; 4 ; 0.00284365 ; -0.0185382 ; 0.0065121 ; 103.271;
7 ; 29 ; 4 ; 0.0296803 ; -0.00895238 ; 0.00286327 ; 102.514;
8 ; 29 ; 4 ; 0.0213087 ; -0.0147817 ; 0.0067085 ; 103.168;
9 ; 29 ; 4 ; 0.0256978 ; -0.00134824 ; 0.00522104 ; 102.082;
10 ; 29 ; 4 ; 0.0203271 ; -0.0165019 ; -0.000328919 ; 103.077;
11 ; 29 ; 4 ; 0.00787061 ; -0.0178526 ; 0.00128145 ; 102.412;
12 ; 29 ; 4 ; 0.00632615 ; -0.0078422 ; -0.00245927 ; 102.56;
13 ; 29 ; 4 ; -0.00232488 ; -0.0167301 ; 0.000822599 ; 102.566;
14 ; 29 ; 4 ; -0.000660908 ; -0.0102494 ; 0.0161317 ; 102.404;
15 ; 29 ; 4 ; -0.00996383 ; -0.0193767 ; 0.0025017 ; 102.65;
16 ; 29 ; 4 ; -0.00119893 ; -0.00495157 ; 0.00723601 ; 102.426;
17 ; 29 ; 4 ; 0.0112351 ; -0.0106012 ; 0.000899256 ; 101.96;
18 ; 29 ; 4 ; 0.010002 ; -0.00309766 ; 0.00623245 ; 102.368;
19 ; 29 ; 4 ; 0.0183951 ; -0.0161372 ; 0.0109671 ; 102.665;
20 ; 29 ; 4 ; 0.0187559 ; -0.0179462 ; 0.00803633 ; 102.154;
21 ; 29 ; 4 ; 0.00398031 ; -0.00489086 ; -0.00149873 ; 102.49;
22 ; 29 ; 4 ; -0.00049235 ; -0.0122214 ; -0.00316278 ; 102.619;
23 ; 29 ; 4 ; -0.000735962 ; -0.0251447 ; 0.0176454 ; 102.659;
24 ; 29 ; 4 ; -0.000487496 ; -0.0164361 ; 0.00386373 ; 102.505;
25 ; 29 ; 4 ; -0.00296034 ; -0.0114734 ; 0.016077 ; 102.765;
26 ; 29 ; 4 ; -0.00394965 ; -0.0124475 ; -0.00153971 ; 102.599;
27 ; 29 ; 4 ; -0.00905688 ; -0.0166034 ; 0.00858036 ; 103.089;
28 ; 29 ; 4 ; -0.0144421 ; -0.00693482 ; 0.0117009 ; 103.033;
29 ; 29 ; 4 ; -0.0194035 ; -0.0160976 ; 0.0148776 ; 103.489;
30 ; 29 ; 4 ; -0.00533502 ; -0.00920856 ; -0.00564744 ; 103.181;
31 ; 29 ; 4 ; 0.00425118 ; -0.0121558 ; -0.00465112 ; 103.302;
32 ; 29 ; 4 ; -0.00747084 ; -0.0145834 ; 0.0103297 ; 102.596;
33 ; 29 ; 4 ; 0.00179125 ; -0.0063674 ; 0.0055857 ; 102.732;
4 ; 30 ; 4 ; -0.00741538 ; -0.0140382 ; -0.0128921 ; 103.209;
5 ; 30 ; 4 ; 0.00342951 ; -0.0100103 ; -0.00506663 ; 103.265;
6 ; 30 ; 4 ; 0.0132866 ; -0.00822662 ; 0.0106134 ; 102.705;
7 ; 30 ; 4 ; 0.0230831 ; -0.00902646 ; 0.00561679 ; 102.776;
8 ; 30 ; 4 ; 0.0129004 ; -0.0159535 ; -0.000282868 ; 102.827;
9 ; 30 ; 4 ; 0.00523247 ; -0.0173054 ; 0.00893395 ; 102.832;
10 ; 30 ; 4 ; 0.0183015 ; -0.000375938 ; 0.000409106 ; 102.981;
11 ; 30 ; 4 ; 0.0113995 ; -0.00752453 ; 0.00989195 ; 102.614;
12 ; 30 ; 4 ; 0.0185055 ; -0.0203173 ; 0.00337668 ; 102.569;
13 ; 30 ; 4 ; 0.00457361 ; -0.019895 ; -0.00172443 ; 102.804;
14 ; 30 ; 4 ; 0.00507649 ; -0.0101295 ; 0.00549806 ; 102.706;
15 ; 30 ; 4 ; -0.00242478 ; -0.0126963 ; -0.0013596 ; 102.385;
16 ; 30 ; 4 ; -0.0167581 ; -0.014339 ; 0.00860442 ; 102.515;
17 ; 30 ; 4 ; -0.00464688 ; -0.01525 ; -0.00550397 ; 102.459;
18 ; 30 ; 4 ; -0.0021595 ; -0.0125213 ; 0.0133616 ; 102.782;
19 ; 30 ; 4 ; 0.00371326 ; -0.0267265 ; 0.01443 ; 102.472;
20 ; 30 ; 4 ; 0.00262153 ; -0.00542742 ; -0.0058687 ; 102.398;
21 ; 30 ; 4 ; -0.0038492 ; -0.0145105 ; 0.006854 ; 102.704;
22 ; 30 ; 4 ; 0.0218688 ; -0.0147 ; 0.0016326 ; 102.505;
23 ; 30 ; 4 ; 0.00101064 ; -0.0122167 ; 0.0075325 ; 102.636;
24 ; 30 ; 4 ; -0.00391181 ; -0.0160609 ; 0.00527583 ; 102.829;
25 ; 30 ; 4 ; 0.00789608 ; -0.00463358 ; 0.00106209 ; 102.716;
26 ; 30 ; 4 ; 0.00619973 ; -0.0148252 ; 0.00558591 ; 102.71;
27 ; 30 ; 4 ; -0.0027141 ; -0.0186305 ; 0.00399043 ; 103.02;
28 ; 30 ; 4 ; -0.00273742 ; -0.0148824 ; -0.00334897 ; 102.913;
29 ; 30 ; 4 ; -0.0140512 ; -0.00867175 ; -0.000739116 ; 102.996;
30 ; 30 ; 4 ; -0.0113825 ; -0.0222486 ; 0.00496904 ; 102.935;
31 ; 30 ; 4 ; -0.0118344 ; -0.00189387 ; 0.00143627 ; 103.166;
32 ; 30 ; 4 ; -0.00242153 ; -0.0159457 ; -0.0167901 ; 102.911;
33 ; 30 ; 4 ; 0.00599142 ; -0.0090805 ; -0.00286774 ; 102.854;
4 ; 31 ; 4 ; 0.0116113 ; -0.0221747 ; 0.0113025 ; 102.976;
5 ; 31 ; 4 ; 0.00627018 ; -0.00173878 ; 0.00807312 ; 103.294;
6 ; 31 ; 4 ; -5.86926e-06 ; -0.0109405 ; 0.00300991 ; 102.798;
7 ; 31 ; 4 ; 0.0111868 ; -0.00451529 ; 0.00713509 ; 103.082;
8 ; 31 ; 4 ; 0.00874179 ; -0.0133859 ; 0.000218166 ; 103.003;
9 ; 31 ; 4 ; 0.0175092 ; -0.0158158 ; -0.00316253 ; 102.65;
10 ; 31 ; 4 ; 0.0168294 ; -0.000863576 ; 0.00758555 ; 102.676;
11 ; 31 ; 4 ; 0.033506 ; -0.0101294 ; 0.00767524 ; 103.109;
12 ; 31 ; 4 ; 0.013965 ; -0.0129421 ; -0.00721369 ; 102.457;
13 ; 31 ; 4 ; -0.00626364 ; -0.00471337 ; 0.000461231 ; 103.007;
14 ; 31 ; 4 ; -0.00727931 ; -0.00602623 ; 0.000100952 ; 102.574;
15 ; 31 ; 4 ; 0.0162691 ; -0.0163934 ; 0.00290767 ; 102.743;
16 ; 31 ; 4 ; -0.00326036 ; -0.0142861 ; 6.53463e-05 ; 102.473;
17 ; 31 ; 4 ; -0.00603358 ; -0.0143269 ; 0.0166858 ; 102.696;
18 ; 31 ; 4 ; -0.00580086 ; -0.011676 ; 0.0052619 ; 102.595;
19 ; 31 ; 4 ; -0.00666663 ; -0.00948029 ; 0.0109302 ; 102.62;
20 ; 31 ; 4 ; -0.00458942 ; -0.000886927 ; 0.00887396 ; 102.645;
21 ; 31 ; 4 ; 0.00312135 ; -0.0161505 ; -0.00284396 ; 102.697;
22 ; 31 ; 4 ; 0.00458662 ; -0.0151115 ; 0.00205215 ; 102.845;
23 ; 31 ; 4 ; 0.00431461 ; -0.0106288 ; -0.00104431 ; 102.678;
24 ; 31 ; 4 ; 0.000388252 ; -0.0164248 ; 0.00253911 ; 102.794;
25 ; 31 ; 4 ; -0.000674516 ; -0.0118827 ; -0.00815745 ; 102.768;
26 ; 31 ; 4 ; -0.00808993 ; 0.000467889 ; -9.46623e-05 ; 102.605;
27 ; 31 ; 4 ; -0.00995487 ; -0.0181857 ; 0.00819235 ; 102.219;
28 ; 31 ; 4 ; -0.0154302 ; -0.00793232 ; -0.00114801 ; 102.768;
29 ; 31 ; 4 ; -0.0097583 ; -0.0110621 ; 0.00512925 ; 102.944;
30 ; 31 ; 4 ; -0.0111589 ; -0.0165177 ; 0.0108219 ; 103.456;
31 ; 31 ; 4 ; -0.00679424 ; -0.00393901 ; 0.014296 ; 103.045;
32 ; 31 ; 4 ; 0.00470544 ; -0.0167389 ; 0.00682922 ; 102.78;
33 ; 31 ; 4 ; -0.000964596 ; -0.0122147 ; -0.00390028 ; 102.894;
4 ; 32 ; 4 ; 0.00548502 ; -0.00653628 ; 0.0123607 ; 102.786;
5 ; 32 ; 4 ; 0.00946803 ; -0.00671585 ; -0.00823584 ; 102.955;
6 ; 32 ; 4 ; 0.00492477 ; -0.00343961 ; 0.00973832 ; 103.211;
7 ; 32 ; 4 ; 0.0113394 ; -0.00622506 ; 0.000654197 ; 103.014;
8 ; 32 ; 4 ; 0.0324126 ; -0.0117073 ; 0.00513801 ; 102.687;
9 ; 32 ; 4 ; 0.0212155 ; -0.000355079 ; 0.00233995 ; 102.575;
10 ; 32 ; 4 ; 0.0114824 ; -0.0141974 ; 0.0115308 ; 102.523;
11 ; 32 ; 4 ; 0.00343282 ; 0.0024325 ; 0.0151705 ; 103.259;
12 ; 32 ; 4 ; 0.00660281 ; -0.00917931 ; 0.00998011 ; 103.018;
13 ; 32 ; 4 ; 0.0011071 ; -0.0240697 ; 0.0104221 ; 102.683;
14 ; 32 ; 4 ; -0.00245603 ; -0.0166065 ; 0.00438761 ; 102.696;
15 ; 32 ; 4 ; -0.00188505 ; -0.00624968 ; 0.00500978 ; 102.611;
16 ; 32 ; 4 ; 0.0206493 ; -0.0238462 ; -0.0110289 ; 102.095;
17 ; 32 ; 4 ; 8.49084e-05 ; -0.00631353 ; 0.00164009 ; 103.218;
18 ; 32 ; 4 ; -0.00206769 ; -0.0149093 ; -0.000320985 ; 102.525;
19 ; 32 ; 4 ; 0.00712329 ; -0.00966634 ; -0.0115285 ; 103.194;
20 ; 32 ; 4 ; -0.00329885 ; 0.00270294 ; 0.0117518 ; 102.731;
21 ; 32 ; 4 ; 0.00805981 ; -0.0104975 ; 0.00751086 ; 102.791;
22 ; 32 ; 4 ; -0.00459996 ; -0.00356013 ; 0.00666712 ; 102.432;
23 ; 32 ; 4 ; 0.00429975 ; -0.00493956 ; 0.00487359 ; 102.476;
24 ; 32 ; 4 ; 0.0121487 ; -0.0135358 ; 0.00590872 ; 102.357;
25 ; 32 ; 4 ; -0.014962 ; -0.0173528 ; 0.0238118 ; 102.866;
26 ; 32 ; 4 ; -0.00588708 ; -0.00781491 ; 0.00181659 ; 102.35;
27 ; 32 ; 4 ; -0.0174481 ; -0.0148717 ; 0.00508978 ; 102.635;
28 ; 32 ; 4 ; -0.0101706 ; -0.00489527 ; 0.0197129 ; 103.159;
29 ; 32 ; 4 ; -0.0129035 ; -0.00799902 ; 0.00438224 ; 103.457;
30 ; 32 ; 4 ; 0.00282958 ; 0.012605 ; 0.0192823 ; 103.176;
31 ; 32 ; 4 ; -0.00251077 ; -0.0105918 ; 0.012396 ; 102.378;
32 ; 32 ; 4 ; 0.000283228 ; -0.00838943 ; 0.0130757 ; 102.732;
33 ; 32 ; 4 ; 0.00267674 ; 0.000356291 ; 0.0018466 ; 102.89;
4 ; 33 ; 4 ; 0.00880895 ; -0.00534532 ; 0.00649069 ; 103.103;
5 ; 33 ; 4 ; 0.0211437 ; -0.00128246 ; -0.0029747 ; 103.191;
6 ; 33 ; 4 ; 0.00115117 ; -0.00897554 ; 0.00315042 ; 102.99;
7 ; 33 ; 4 ; 0.0190607 ; 0.00151462 ; 0.003439 ; 102.618;
8 ; 33 ; 4 ; 0.0257566 ; -0.00215981 ; -0.00110741 ; 103.419;
9 ; 33 ; 4 ; 0.0292933 ; -0.000983789 ; 0.00530347 ; 102.687;
10 ; 33 ; 4 ; 0.00740549 ; 0.0126999 ; 0.0015135 ; 103.016;
11 ; 33 ; 4 ; 0.0122404 ; 0.00285916 ; 0.0148519 ; 103.056;
12 ; 33 ; 4 ; 0.0145595 ; -0.0103899 ; 0.00071956 ; 102.294;
13 ; 33 ; 4 ; 0.0098359 ; -0.00637547 ; 0.00443457 ; 102.757;
14 ; 33 ; 4 ; -0.00437633 ; -0.00652904 ; 0.00633999 ; 102.357;
15 ; 33 ; 4 ; 0.00242104 ; -0.000428557 ; -7.41721e-05 ; 103.122;
16 ; 33 ; 4 ; 0.0163054 ; -0.0103979 ; 0.000297388 ; 102.467;
17 ; 33 ; 4 ; 0.00831495 ; -0.0135022 ; 0.00133993 ; 103.021;
18 ; 33 ; 4 ; -0.00192268 ; -0.0100857 ; -0.00192787 ; 103.164;
19 ; 33 ; 4 ; 0.00129698 ; 0.00652618 ; -0.0127784 ; 102.128;
20 ; 33 ; 4 ; 0.0138931 ; 0.00278313 ; 0.00221512 ; 102.439;
21 ; 33 ; 4 ; 0.00500345 ; -0.0124059 ; 0.00793016 ; 102.551;
22 ; 33 ; 4 ; 0.00922972 ; -0.00691906 ; 0.0101582 ; 102.432;
23 ; 33 ; 4 ; -0.00341737 ; -0.000643705 ; -0.00193479 ; 102.715;
24 ; 33 ; 4 ; 0.00648235 ; -0.010537 ; 0.00652572 ; 102.465;
25 ; 33 ; 4 ; 0.00107849 ; -0.00698106 ; 0.00598632 ; 102.367;
26 ; 33 ; 4 ; 0.00412309 ; -0.0028414 ; 0.00226368 ; 102.569;
27 ; 33 ; 4 ; -0.00176208 ; -0.0129964 ; 0.00270985 ; 103.096;
28 ; 33 ; 4 ; -0.00945692 ; 0.00243202 ; 0.013132 ; 103.04;
29 ; 33 ; 4 ; 0.00127588 ; 0.00244529 ; 0.00620859 ; 103.099;
30 ; 33 ; 4 ; -0.000421108 ; -0.00173864 ; 0.000690714 ; 103.305;
31 ; 33 ; 4 ; -0.00180441 ; 0.000852159 ; -0.00359132 ; 102.821;
32 ; 33 ; 4 ; 0.0143231 ; -0.00645957 ; 0.00492496 ; 103.023;
33 ; 33 ; 4 ; 0.00401752 ; 0.00689202 ; 0.00311512 ; 102.924;
4 ; 4 ; 5 ; 0.00784241 ; -0.0050251 ; 0.00828919 ; 102.933;
5 ; 4 ; 5 ; 0.00336394 ; -0.0044792 ; 0.0102177 ; 102.933;
6 ; 4 ; 5 ; 0.00438099 ; -0.00880056 ; -0.00594352 ; 103.104;
7 ; 4 ; 5 ; 0.00510188 ; 0.00378188 ; 0.00701767 ; 102.919;
8 ; 4 ; 5 ; 0.00554158 ; 0.00942877 ; 0.00691618 ; 103.352;
9 ; 4 ; 5 ; 0.00876458 ; 0.00249669 ; 0.0109891 ; 103.03;
10 ; 4 ; 5 ; 0.00306984 ; 0.00275612 ; 0.0152498 ; 103.221;
11 ; 4 ; 5 ; 0.0143814 ; 0.000839111 ; 0.00128665 ; 102.968;
12 ; 4 ; 5 ; 0.00618074 ; 0.00201936 ; -0.0194007 ; 102.55;
13 ; 4 ; 5 ; -0.00720538 ; 0.00396434 ; 0.00118731 ; 102.872;
14 ; 4 ; 5 ; 0.00438877 ; 0.00182673 ; 0.00700791 ; 102.32;
15 ; 4 ; 5 ; -0.00319676 ; -0.00650888 ; 0.0223313 ; 102.365;
16 ; 4 ; 5 ; -0.00131391 ; 0.0124964 ; 0.0160021 ; 103.136;
17 ; 4 ; 5 ; 0.0119701 ; 0.00835171 ; -0.00641789 ; 102.403;
18 ; 4 ; 5 ; 0.00615767 ; -0.00217093 ; 0.000701078 ; 102.853;
19 ; 4 ; 5 ; -0.00349378 ; 0.00606804 ; 0.0137785 ; 102.464;
20 ; 4 ; 5 ; 0.00254079 ; 0.00956582 ; 0.0142207 ; 102.669;
21 ; 4 ; 5 ; -0.00366575 ; -0.00371832 ; -0.00150741 ; 102.57;
22 ; 4 ; 5 ; 0.000855454 ; 0.00554071 ; 0.0160801 ; 103.053;
23 ; 4 ; 5 ; 0.00241733 ; -0.000666574 ; 0.00859191 ; 102.597;
24 ; 4 ; 5 ; -0.00953433 ; -0.00271404 ; 0.00769174 ; 102.558;
25 ; 4 ; 5 ; -0.00415762 ; 0.0134996 ; 0.00207137 ; 102.876;
26 ; 4 ; 5 ; 0.00160975 ; 0.0100719 ; 0.00474819 ; 102.596;
27 ; 4 ; 5 ; -0.012092 ; 0.00625765 ; 0.00662337 ; 102.788;
28 ; 4 ; 5 ; -0.00297845 ; -0.00370013 ; 0.0119136 ; 102.409;
29 ; 4 ; 5 ; -0.0174595 ; 0.00464693 ; 0.000690643 ; 102.873;
30 ; 4 ; 5 ; -0.0102142 ; 0.00834398 ; -0.00930904 ; 103.044;
31 ; 4 ; 5 ; -0.00509164 ; 0.0178931 ; 0.00956472 ; 103.017;
32 ; 4 ; 5 ; -0.011395 ; -0.00159978 ; 0.00899344 ; 102.76;
33 ; 4 ; 5 ; 0.000369933 ; -0.000862662 ; -0.00743266 ; 103.059;
4 ; 5 ; 5 ; 0.0135902 ; 0.00796645 ; 0.00109492 ; 102.665;
5 ; 5 ; 5 ; 0.0147199 ; 0.00464869 ; 0.00975068 ; 103.356;
6 ; 5 ; 5 ; 0.0141187 ; 0.013551 ; 0.00263616 ; 102.954;
7 ; 5 ; 5 ; 0.00536803 ; 0.00606109 ; 0.0145318 ; 102.465;
8 ; 5 ; 5 ; 0.0113039 ; 0.0250986 ; 0.01184 ; 102.79;
9 ; 5 ; 5 ; 0.0144401 ; 0.00503166 ; 0.0182464 ; 102.304;
10 ; 5 ; 5 ; 0.0301339 ; 0.0137305 ; 0.00507199 ; 103.383;
11 ; 5 ; 5 ; 0.00751142 ; -0.00178889 ; 0.00425824 ; 102.312;
12 ; 5 ; 5 ; 0.007747 ; 0.0130654 ; 0.00867764 ; 102.551;
13 ; 5 ; 5 ; -0.00406067 ; 0.00289208 ; 0.00960002 ; 102.466;
14 ; 5 ; 5 ; -0.00545783 ; 0.0212725 ; 0.00950043 ; 102.848;
15 ; 5 ; 5 ; -0.00355381 ; 0.0112872 ; 0.0184704 ; 102.613;
16 ; 5 ; 5 ; -0.0012701 ; 0.00400181 ; 0.0137913 ; 102.519;
17 ; 5 ; 5 ; -0.00247441 ; -0.00220673 ; 0.00935578 ; 102.902;
18 ; 5 ; 5 ; -0.0100045 ; 0.0116865 ; 0.00194001 ; 102.526;
19 ; 5 ; 5 ; -0.0111438 ; 0.0170925 ; 0.022587 ; 102.939;
20 ; 5 ; 5 ; -0.0057569 ; 0.0176281 ; 0.0162496 ; 102.613;
21 ; 5 ; 5 ; -0.00178427 ; -0.000682532 ; 0.0223359 ; 102.819;
22 ; 5 ; 5 ; -0.0183888 ; 0.0034567 ; 0.015237 ; 102.424;
23 ; 5 ; 5 ; -0.00392682 ; 0.0115906 ; 0.0106218 ; 102.785;
24 ; 5 ; 5 ; 0.00135548 ; -0.00366258 ; -0.00611204 ; 102.682;
25 ; 5 ; 5 ; 0.00785512 ; 0.00861714 ; 0.0127839 ; 103.015;
26 ; 5 ; 5 ; -0.0049389 ; 0.0241216 ; 0.00965413 ; 103.035;
27 ; 5 ; 5 ; -0.0151247 ; 0.0173566 ; 0.0174259 ; 103.201;
28 ; 5 ; 5 ; -0.00755085 ; 0.024307 ; 0.00556161 ; 102.729;
29 ; 5 ; 5 ; -0.0173994 ; 0.0140848 ; 0.00554926 ; 102.578;
30 ; 5 ; 5 ; -0.0312079 ; 0.0187107 ; 0.0180212 ; 102.641;
31 ; 5 ; 5 ; -0.0083479 ; 0.0183819 ; 0.0105551 ; 102.961;
32 ; 5 ; 5 ; -0.0117566 ; -0.00832232 ; 0.0201595 ; 102.744;
33 ; 5 ; 5 ; 0.00298753 ; -0.00267379 ; -0.00546964 ; 102.665;
4 ; 6 ; 5 ; -0.00599144 ; 0.021753 ; -0.0116737 ; 103.312;
5 ; 6 ; 5 ; 0.0116758 ; 0.0212376 ; 0.0203793 ; 103.257;
6 ; 6 ; 5 ; -0.00220662 ; 0.0208133 ; 0.0155805 ; 102.673;
7 ; 6 ; 5 ; 0.00738058 ; 0.00356401 ; -0.00191795 ; 102.782;
8 ; 6 ; 5 ; 0.0138342 ; 0.0187834 ; 0.0061857 ; 102.584;
9 ; 6 ; 5 ; 0.010007 ; 0.0115994 ; 0.0077377 ; 102.913;
10 ; 6 ; 5 ; 0.0134616 ; 0.0170914 ; -0.00335733 ; 102.733;
11 ; 6 ; 5 ; 0.0165305 ; 0.00206241 ; -0.0037325 ; 103.312;
12 ; 6 ; 5 ; -0.00298054 ; 0.0204849 ; 0.00585152 ; 102.455;
13 ; 6 ; 5 ; -0.010745 ; 0.021304 ; 0.00687887 ; 102.492;
14 ; 6 ; 5 ; -0.0112365 ; 0.0171506 ; 0.0126876 ; 102.378;
15 ; 6 ; 5 ; -0.00874116 ; 0.0155223 ; 0.0129357 ; 102.624;
16 ; 6 ; 5 ; -0.0106265 ; 0.00885823 ; 0.0151193 ; 102.969;
17 ; 6 ; 5 ; -0.000431515 ; 0.00466745 ; 0.00540493 ; 102.571;
18 ; 6 ; 5 ; -0.00578658 ; 0.00419234 ; 0.0126882 ; 102.712;
19 ; 6 ; 5 ; -0.00271499 ; 0.0165598 ; 0.00831407 ; 102.742;
20 ; 6 ; 5 ; 0.00247618 ; 0.0153078 ; 0.0124498 ; 102.475;
21 ; 6 ; 5 ; -0.00811157 ; 0.00325635 ; 0.0172909 ; 102.523;
22 ; 6 ; 5 ; 0.0046352 ; 0.0239824 ; 0.00536279 ; 102.293;
23 ; 6 ; 5 ; 0.00171647 ; 0.0073667 ; 1.87826e-05 ; 102.873;
24 ; 6 ; 5 ; -0.00652281 ; 0.0120847 ; 0.011863 ; 102.949;
25 ; 6 ; 5 ; -0.00789368 ; 0.0237197 ; 0.0203937 ; 102.74;
26 ; 6 ; 5 ; -0.00555248 ; 0.0236444 ; 0.00339125 ; 102.885;
27 ; 6 ; 5 ; -0.0125633 ; 0.0229545 ; -0.00530437 ; 102.709;
28 ; 6 ; 5 ; -0.0168022 ; 0.0238299 ; 0.00627064 ; 102.343;
29 ; 6 ; 5 ; -0.0196607 ; 0.0169205 ; -0.00493909 ; 103.456;
30 ; 6 ; 5 ; -0.0208766 ; 0.00795291 ; 0.00963698 ; 103.23;
31 ; 6 ; 5 ; -0.00795411 ; 0.0161829 ; 0.0270217 ; 102.593;
32 ; 6 ; 5 ; 0.00185922 ; 0.00289662 ; 0.00294178 ; 103.049;
33 ; 6 ; 5 ; -0.00292449 ; 0.00338618 ; 0.00914695 ; 102.782;
4 ; 7 ; 5 ; 0.00153138 ; 0.0178384 ; -0.00196432 ; 103.261;
5 ; 7 ; 5 ; 0.0107696 ; 0.0169322 ; 0.0110041 ; 102.692;
6 ; 7 ; 5 ; 0.0162561 ; 0.019255 ; 0.00779058 ; 103.409;
7 ; 7 ; 5 ; 0.00818468 ; 0.00363847 ; 0.00116276 ; 102.891;
8 ; 7 ; 5 ; 0.0170799 ; 0.0221185 ; 0.00109652 ; 102.777;
9 ; 7 ; 5 ; 0.0157092 ; 0.0128581 ; -0.000357355 ; 103.063;
10 ; 7 ; 5 ; 0.0141377 ; 0.00964314 ; 0.0111339 ; 102.994;
11 ; 7 ; 5 ; 0.00352727 ; 0.0107204 ; -0.00285508 ; 102.476;
12 ; 7 ; 5 ; 0.00188665 ; 0.0202389 ; 0.0180524 ; 103.107;
13 ; 7 ; 5 ; 0.00115865 ; 0.0230137 ; 0.00348793 ; 102.793;
14 ; 7 ; 5 ; -0.00525146 ; 0.0186412 ; 0.0110663 ; 102.589;
15 ; 7 ; 5 ; -0.00654406 ; 0.008049 ; 0.00613903 ; 102.422;
16 ; 7 ; 5 ; 0.00113745 ; 0.0181903 ; 0.00658846 ; 102.852;
17 ; 7 ; 5 ; -5.05497e-05 ; 0.0233301 ; 0.00476774 ; 102.545;
18 ; 7 ; 5 ; -0.00298902 ; 0.0162369 ; 0.00462208 ; 103.005;
19 ; 7 ; 5 ; 0.0194186 ; 0.00994749 ; 0.00280736 ; 102.691;
20 ; 7 ; 5 ; 0.00923251 ; 0.0252569 ; 0.0153766 ; 102.811;
21 ; 7 ; 5 ; -0.00795692 ; 0.0300117 ; 0.0121656 ; 102.365;
22 ; 7 ; 5 ; -0.00301617 ; 0.0278509 ; 0.000849677 ; 102.377;
23 ; 7 ; 5 ; -0.00381176 ; 0.00954236 ; 0.00858181 ; 102.879;
24 ; 7 ; 5 ; 0.00201222 ; 0.0269542 ; 0.0113455 ; 102.712;
25 ; 7 ; 5 ; -0.010285 ; 0.011265 ; 0.0164277 ; 102.161;
26 ; 7 ; 5 ; -0.0100031 ; 0.0335358 ; 0.00572034 ; 102.702;
27 ; 7 ; 5 ; -0.0155744 ; 0.0206407 ; 0.0107724 ; 103.144;
28 ; 7 ; 5 ; -0.0137272 ; 0.0303592 ; 0.00765128 ; 102.527;
29 ; 7 ; 5 ; -0.0175199 ; 0.0226871 ; 0.000762482 ; 103.222;
30 ; 7 ; 5 ; -0.00479855 ; 0.00409051 ; 0.00929075 ; 102.869;
31 ; 7 ; 5 ; -0.00429481 ; 0.0106779 ; -0.00175609 ; 103.164;
32 ; 7 ; 5 ; -0.00508837 ; 0.0161681 ; 0.00248639 ; 102.371;
33 ; 7 ; 5 ; -0.00992733 ; 0.00804185 ; 0.0108289 ; 103.203;
4 ; 8 ; 5 ; -0.00346987 ; -0.00343291 ; 0.0171947 ; 102.544;
5 ; 8 ; 5 ; 0.00306402 ; 0.0121292 ; 0.00965156 ; 103.006;
6 ; 8 ; 5 ; -0.000778543 ; 0.00676297 ; 0.0084155 ; 102.696;
7 ; 8 ; 5 ; 0.00488411 ; 0.015825 ; 0.00321931 ; 102.872;
8 ; 8 ; 5 ; 0.00399111 ; 0.00389479 ; 0.00267645 ; 103.108;
9 ; 8 ; 5 ; 0.00747419 ; 0.00575005 ; -0.00762822 ; 102.629;
10 ; 8 ; 5 ; 0.00958096 ; 0.019763 ; 0.00465258 ; 102.963;
11 ; 8 ; 5 ; 0.012027 ; 0.011378 ; -0.00986431 ; 102.908;
12 ; 8 ; 5 ; 0.00727793 ; 0.0171182 ; 0.0179083 ; 102.462;
13 ; 8 ; 5 ; 0.00243617 ; 0.0252554 ; 0.00585266 ; 102.55;
14 ; 8 ; 5 ; 0.000579539 ; 0.0201487 ; 0.0094631 ; 102.806;
15 ; 8 ; 5 ; -3.79982e-05 ; 0.0112558 ; 0.000723501 ; 102.272;
16 ; 8 ; 5 ; -0.0136732 ; 0.0250535 ; 0.0119925 ; 102.896;
17 ; 8 ; 5 ; 0.00114454 ; 0.0129245 ; 0.0198273 ; 102.822;
18 ; 8 ; 5 ; 0.0115095 ; 0.00812182 ; 0.00764942 ; 102.384;
19 ; 8 ; 5 ; -0.00804248 ; 0.0245973 ; 0.00454835 ; 102.476;
20 ; 8 ; 5 ; -0.00172974 ; 0.0125281 ; -0.00305984 ; 102.23;
21 ; 8 ; 5 ; 0.00654246 ; 0.0198446 ; 0.0121319 ; 102.747;
22 ; 8 ; 5 ; 0.0076286 ; 0.0271986 ; 0.0140364 ; 102.286;
23 ; 8 ; 5 ; -0.00144086 ; 0.0192268 ; 0.00470114 ; 102.298;
24 ; 8 ; 5 ; -0.00453041 ; 0.0114309 ; 0.0284531 ; 102.509;
25 ; 8 ; 5 ; -0.00392853 ; 0.0243533 ; 0.00982332 ; 103.052;
26 ; 8 ; 5 ; -0.000724575 ; 0.0141911 ; 0.00864635 ; 102.659;
27 ; 8 ; 5 ; -0.0283496 ; 0.01367 ; 0.0167155 ; 103.107;
28 ; 8 ; 5 ; -0.0154533 ; 0.017408 ; -0.0096907 ; 102.998;
29 ; 8 ; 5 ; -0.0130899 ; 0.0265422 ; 0.00562104 ; 103.342;
30 ; 8 ; 5 ; -0.0135447 ; 0.0137183 ; 0.0199988 ; 102.682;
31 ; 8 ; 5 ; -0.00954003 ; 0.0115909 ; -0.00155085 ; 102.918;
32 ; 8 ; 5 ; -0.00704422 ; 0.013176 ; 0.00678492 ; 103.021;
33 ; 8 ; 5 ; -0.0211931 ; 0.00504959 ; 0.00216577 ; 103.043;
4 ; 9 ; 5 ; 0.00678949 ; 0.00828614 ; 0.00881925 ; 102.94;
5 ; 9 ; 5 ; 0.0142628 ; 0.0151351 ; 0.0125275 ; 102.963;
6 ; 9 ; 5 ; 0.00226045 ; 0.00944653 ; 0.0128958 ; 103.02;
7 ; 9 ; 5 ; 0.00900212 ; 0.00869825 ; 0.00195394 ; 102.669;
8 ; 9 ; 5 ; 0.00844701 ; 0.000965904 ; 0.00859898 ; 103.343;
9 ; 9 ; 5 ; 0.00938728 ; 0.00900611 ; 0.0104805 ; 102.812;
10 ; 9 ; 5 ; 0.00116214 ; 0.0284131 ; -0.00238009 ; 102.849;
11 ; 9 ; 5 ; 0.00167689 ; 0.00408607 ; 0.000989741 ; 102.728;
12 ; 9 ; 5 ; -0.00391381 ; 0.0213008 ; 0.00661388 ; 102.212;
13 ; 9 ; 5 ; -0.00806046 ; 0.0221993 ; 0.00469118 ; 102.414;
14 ; 9 ; 5 ; 0.00415226 ; 0.0225434 ; 0.00548848 ; 102.43;
15 ; 9 ; 5 ; 0.0120273 ; 0.0162978 ; 0.0098703 ; 102.304;
16 ; 9 ; 5 ; -0.00395524 ; 0.0173317 ; 0.0189946 ; 101.778;
17 ; 9 ; 5 ; -0.00896261 ; 0.0246141 ; 0.0168356 ; 102.547;
18 ; 9 ; 5 ; -0.00867737 ; 0.0094382 ; 0.0198751 ; 102.029;
19 ; 9 ; 5 ; 0.0024624 ; 0.0198552 ; -0.00243355 ; 102.807;
20 ; 9 ; 5 ; 0.00972745 ; 0.0253768 ; -0.00818829 ; 103.063;
21 ; 9 ; 5 ; -0.0158677 ; 0.0257064 ; -0.00225267 ; 102.389;
22 ; 9 ; 5 ; -0.012004 ; 0.0134636 ; 0.00873784 ; 102.452;
23 ; 9 ; 5 ; 0.00831121 ; 0.0210758 ; -0.00553356 ; 102.318;
24 ; 9 ; 5 ; -0.00880418 ; 0.0146264 ; -0.000143374 ; 102.641;
25 ; 9 ; 5 ; 0.0138201 ; 0.0282749 ; 0.0074651 ; 102.021;
26 ; 9 ; 5 ; -0.00783486 ; 0.0102999 ; 0.0119826 ; 102.848;
27 ; 9 ; 5 ; -0.023246 ; 0.00944364 ; 0.0125871 ; 102.588;
28 ; 9 ; 5 ; -0.0163836 ; 0.0112005 ; -0.00704585 ; 102.784;
29 ; 9 ; 5 ; -0.0142209 ; 0.00952474 ; 0.00310821 ; 102.851;
30 ; 9 ; 5 ; -0.0067636 ; 0.0162351 ; 0.00466506 ; 102.23;
31 ; 9 ; 5 ; -0.00808863 ; 0.00591891 ; -0.00639449 ; 102.765;
32 ; 9 ; 5 ; 0.00367155 ; 0.0123066 ; 0.00395609 ; 102.735;
33 ; 9 ; 5 ; -0.00199349 ; 0.0140483 ; 0.00463282 ; 102.769;
4 ; 10 ; 5 ; 0.011088 ; 0.0112351 ; 0.00748622 ; 102.765;
5 ; 10 ; 5 ; 0.0213531 ; 0.0162234 ; 0.00196135 ; 102.661;
6 ; 10 ; 5 ; 0.014602 ; 0.00736536 ; 0.0118366 ; 102.821;
7 ; 10 ; 5 ; 0.011283 ; 0.0244784 ; 0.0106916 ; 102.679;
8 ; 10 ; 5 ; -0.000442283 ; 0.00947884 ; 0.00702423 ; 102.636;
9 ; 10 ; 5 ; 0.0159232 ; -0.00236559 ; 0.00571657 ; 102.673;
10 ; 10 ; 5 ; 0.0120807 ; 0.0209115 ; 0.0160023 ; 102.944;
11 ; 10 ; 5 ; -0.00217364 ; 0.0204055 ; 0.00159722 ; 102.137;
12 ; 10 ; 5 ; 0.00510926 ; 0.0168339 ; 0.00663041 ; 102.577;
13 ; 10 ; 5 ; 0.00701908 ; 0.0215543 ; 0.0165375 ; 102.328;
14 ; 10 ; 5 ; -0.00495757 ; 0.0179915 ; 0.00979364 ; 102.369;
15 ; 10 ; 5 ; -0.0120436 ; 0.0142859 ; 0.0123876 ; 102.287;
16 ; 10 ; 5 ; -0.0173868 ; 0.0149903 ; 0.00106446 ; 102.183;
17 ; 10 ; 5 ; 0.00638841 ; 0.00888102 ; 0.00621578 ; 102.661;
18 ; 10 ; 5 ; -0.0190609 ; 0.0152673 ; 0.0129826 ; 102.219;
19 ; 10 ; 5 ; -0.00139196 ; 0.0310425 ; 0.00852845 ; 102.395;
20 ; 10 ; 5 ; -0.00617222 ; 0.0151999 ; 0.0228161 ; 102.111;
21 ; 10 ; 5 ; -0.0148291 ; 0.0131652 ; 0.0138437 ; 102.352;
22 ; 10 ; 5 ; -0.0123488 ; 0.0235889 ; 0.0164644 ; 102.377;
23 ; 10 ; 5 ; -0.00305766 ; 0.0133401 ; 0.0143526 ; 102.519;
24 ; 10 ; 5 ; -0.0112928 ; 0.0285668 ; 0.0179385 ; 102.612;
25 ; 10 ; 5 ; -0.0202354 ; 0.00898944 ; 0.00456464 ; 102.341;
26 ; 10 ; 5 ; -0.00382082 ; 0.0254467 ; 0.0126141 ; 102.491;
27 ; 10 ; 5 ; -0.0269327 ; 0.00607349 ; 0.00456354 ; 102.818;
28 ; 10 ; 5 ; -0.019123 ; 0.0153354 ; -0.00529822 ; 102.796;
29 ; 10 ; 5 ; -0.0217699 ; 0.0118427 ; 0.000242224 ; 102.985;
30 ; 10 ; 5 ; -0.0227574 ; 0.0149388 ; 0.0050806 ; 102.763;
31 ; 10 ; 5 ; -0.00818552 ; 0.0144119 ; 0.00416197 ; 102.839;
32 ; 10 ; 5 ; -0.0121753 ; 0.0136907 ; 0.0212956 ; 102.442;
33 ; 10 ; 5 ; -0.00344821 ; 0.00220152 ; -0.0026654 ; 102.877;
4 ; 11 ; 5 ; 0.00396652 ; 0.00144922 ; 0.0345024 ; 103.103;
5 ; 11 ; 5 ; 0.0200595 ; 0.0148494 ; 0.0147498 ; 102.615;
6 ; 11 ; 5 ; 0.0199299 ; 0.015356 ; 0.00670549 ; 102.716;
7 ; 11 ; 5 ; 0.010868 ; 0.0145991 ; 0.0246619 ; 102.67;
8 ; 11 ; 5 ; 0.0193464 ; 0.0169026 ; 0.0200347 ; 102.64;
9 ; 11 ; 5 ; 0.00865996 ; -0.00233179 ; -0.00511138 ; 103.127;
10 ; 11 ; 5 ; 0.0268392 ; 0.0138709 ; 0.00649503 ; 102.881;
11 ; 11 ; 5 ; 0.0138546 ; 0.013266 ; 0.0105545 ; 102.779;
12 ; 11 ; 5 ; 0.00638458 ; 0.00966401 ; 0.0229405 ; 102.529;
13 ; 11 ; 5 ; -0.00115934 ; 0.00860553 ; 0.00515336 ; 102.36;
14 ; 11 ; 5 ; -0.00181604 ; 0.0149168 ; 0.0220373 ; 102.346;
15 ; 11 ; 5 ; 0.00669586 ; 0.0093334 ; 0.0149322 ; 101.883;
16 ; 11 ; 5 ; 0.0130402 ; 0.0163788 ; 0.0112889 ; 102.29;
17 ; 11 ; 5 ; 0.00805731 ; 0.0243308 ; 0.0196066 ; 102.464;
18 ; 11 ; 5 ; -0.00161535 ; 0.00195327 ; 0.0043301 ; 101.895;
19 ; 11 ; 5 ; -0.00315132 ; 0.00841786 ; 0.0158882 ; 102.241;
20 ; 11 ; 5 ; 0.00907151 ; 0.0131514 ; 0.00556455 ; 102.167;
21 ; 11 ; 5 ; -0.0157268 ; 0.0011459 ; 0.00454461 ; 102.21;
22 ; 11 ; 5 ; -0.00893599 ; 0.00930099 ; 0.00924825 ; 102.41;
23 ; 11 ; 5 ; -0.0188627 ; 0.0124222 ; 0.00983612 ; 102.307;
24 ; 11 ; 5 ; -0.00312326 ; 0.0187163 ; 0.00596602 ; 101.952;
25 ; 11 ; 5 ; -0.0207117 ; 0.00852377 ; 0.017963 ; 102.313;
26 ; 11 ; 5 ; -0.00693192 ; 0.0127922 ; -0.000328514 ; 102.204;
27 ; 11 ; 5 ; -0.00939714 ; 0.00708093 ; 0.00799318 ; 102.901;
28 ; 11 ; 5 ; -0.0183639 ; -0.00195727 ; 0.0131379 ; 102.722;
29 ; 11 ; 5 ; -0.0220915 ; 0.016194 ; 0.00526056 ; 102.641;
30 ; 11 ; 5 ; -0.0190362 ; 0.0154539 ; -0.00224901 ; 102.561;
31 ; 11 ; 5 ; -0.00343175 ; 0.0222203 ; -0.00735655 ; 102.483;
32 ; 11 ; 5 ; -0.0111308 ; 0.00401202 ; 0.00900203 ; 102.612;
33 ; 11 ; 5 ; -0.00558526 ; -0.00289844 ; 0.0121021 ; 102.345;
4 ; 12 ; 5 ; -0.00427317 ; 0.00517343 ; 0.0100747 ; 102.918;
5 ; 12 ; 5 ; 0.00888267 ; -0.000570989 ; 0.018123 ; 102.985;
6 ; 12 ; 5 ; 0.0142331 ; 0.0119772 ; -0.00326583 ; 102.477;
7 ; 12 ; 5 ; 0.0208364 ; 0.00209893 ; 0.0144274 ; 102.661;
8 ; 12 ; 5 ; 0.0241496 ; 0.0113598 ; 0.000327449 ; 102.886;
9 ; 12 ; 5 ; 0.0240742 ; 0.00936098 ; 0.0022198 ; 102.278;
10 ; 12 ; 5 ; 0.0115338 ; -0.00302159 ; 0.0117356 ; 102.855;
11 ; 12 ; 5 ; 0.00425833 ; -0.00577554 ; 0.00798953 ; 102.64;
12 ; 12 ; 5 ; 0.00337896 ; 0.0137502 ; 0.0189556 ; 101.885;
13 ; 12 ; 5 ; -0.0128072 ; 0.00513378 ; 0.0113597 ; 102.281;
14 ; 12 ; 5 ; -0.00536644 ; 0.00343275 ; 0.0267082 ; 102.106;
15 ; 12 ; 5 ; -0.000368362 ; 0.0108675 ; 0.00268431 ; 102.299;
16 ; 12 ; 5 ; -0.00487266 ; 0.0247253 ; 0.00193818 ; 102.496;
17 ; 12 ; 5 ; -0.0126576 ; 0.017839 ; -0.00505675 ; 101.959;
18 ; 12 ; 5 ; -0.00545047 ; 0.00907945 ; 0.0110974 ; 102.116;
19 ; 12 ; 5 ; -0.0157367 ; 0.0144293 ; 0.0113351 ; 102.143;
20 ; 12 ; 5 ; 0.0040043 ; 0.0194181 ; 0.0235114 ; 102.489;
21 ; 12 ; 5 ; 0.0121118 ; 0.0036531 ; 0.0198055 ; 102.61;
22 ; 12 ; 5 ; 0.00271494 ; 0.00808132 ; 0.000738122 ; 102.146;
23 ; 12 ; 5 ; -0.00811056 ; 0.00800288 ; 0.00415732 ; 102.49;
24 ; 12 ; 5 ; -0.0111278 ; 0.0132484 ; 0.00699405 ; 102.444;
25 ; 12 ; 5 ; -0.0132568 ; 0.00610836 ; 0.0155749 ; 102.098;
26 ; 12 ; 5 ; -0.00844971 ; 0.000371105 ; -0.00105906 ; 102.45;
27 ; 12 ; 5 ; -0.0127349 ; -0.00948178 ; -0.00140262 ; 102.362;
28 ; 12 ; 5 ; -0.0148306 ; 0.0150751 ; 0.0119585 ; 102.541;
29 ; 12 ; 5 ; -0.0249785 ; 0.0174561 ; 0.0113036 ; 102.753;
30 ; 12 ; 5 ; -0.0131133 ; 0.0148909 ; 0.0161779 ; 102.739;
31 ; 12 ; 5 ; 0.00156542 ; 0.000610974 ; 0.0193554 ; 102.223;
32 ; 12 ; 5 ; -0.015683 ; -0.002837 ; 0.0180588 ; 103.085;
33 ; 12 ; 5 ; 0.00362193 ; 0.000180361 ; -0.0015825 ; 102.623;
4 ; 13 ; 5 ; 0.0029115 ; 0.00112481 ; 0.0151102 ; 102.926;
5 ; 13 ; 5 ; 0.00931554 ; 0.00631931 ; 0.0138193 ; 102.76;
6 ; 13 ; 5 ; 0.00440157 ; -0.00168809 ; 0.017126 ; 102.475;
7 ; 13 ; 5 ; 0.0130767 ; 0.0104885 ; 0.0143028 ; 102.461;
8 ; 13 ; 5 ; 0.0206401 ; -0.00368683 ; 0.00161303 ; 102.47;
9 ; 13 ; 5 ; 0.0155075 ; 0.00630553 ; 0.00630262 ; 102.921;
10 ; 13 ; 5 ; 0.00697907 ; 0.00157617 ; 0.00305245 ; 102.307;
11 ; 13 ; 5 ; -0.00322233 ; 0.000152606 ; 0.00418894 ; 102.533;
12 ; 13 ; 5 ; 0.00651648 ; 0.00291256 ; 0.00173563 ; 102.564;
13 ; 13 ; 5 ; 0.00591496 ; 0.00755543 ; 0.0109624 ; 102.248;
14 ; 13 ; 5 ; -0.000380612 ; 0.0173513 ; 0.0164472 ; 102.281;
15 ; 13 ; 5 ; -0.00824285 ; 0.0125368 ; 0.00940545 ; 102.187;
16 ; 13 ; 5 ; -0.000770647 ; 0.00311946 ; 0.0126713 ; 101.793;
17 ; 13 ; 5 ; -0.00512193 ; 0.0109017 ; 0.0159691 ; 102.127;
18 ; 13 ; 5 ; -0.00934274 ; 0.0177141 ; -0.000363223 ; 102.371;
19 ; 13 ; 5 ; 0.00643476 ; 0.006748 ; 0.0204705 ; 101.92;
20 ; 13 ; 5 ; -0.0088917 ; 0.0227533 ; 0.0179053 ; 102.146;
21 ; 13 ; 5 ; 0.00749101 ; 0.00785487 ; 0.00253722 ; 102.012;
22 ; 13 ; 5 ; -0.0022148 ; 0.0187972 ; 0.0109103 ; 102.105;
23 ; 13 ; 5 ; -0.00829215 ; 0.00187061 ; 0.0160045 ; 101.953;
24 ; 13 ; 5 ; -0.0134305 ; 0.00710387 ; 0.00952814 ; 102.272;
25 ; 13 ; 5 ; -0.0153531 ; 0.00476626 ; 0.000561498 ; 102.462;
26 ; 13 ; 5 ; -0.0140857 ; -0.00576341 ; 0.00993684 ; 102.548;
27 ; 13 ; 5 ; -0.0147425 ; 0.00951922 ; 0.000658173 ; 102.587;
28 ; 13 ; 5 ; -0.0282301 ; 0.00528015 ; -0.00143093 ; 102.916;
29 ; 13 ; 5 ; -0.0141035 ; -0.000229248 ; 0.0062255 ; 102.657;
30 ; 13 ; 5 ; -0.0201149 ; 0.00841367 ; -0.0139917 ; 102.591;
31 ; 13 ; 5 ; -0.0183165 ; 0.00284795 ; -0.00323067 ; 102.342;
32 ; 13 ; 5 ; -0.0007879 ; 0.00565857 ; 0.00734828 ; 102.17;
33 ; 13 ; 5 ; -0.0115257 ; 0.00877435 ; 0.0132071 ; 102.468;
4 ; 14 ; 5 ; 0.0104453 ; -0.00516641 ; 0.0143673 ; 102.674;
5 ; 14 ; 5 ; 0.0047659 ; -0.00574672 ; 0.0113778 ; 102.387;
6 ; 14 ; 5 ; 0.0154744 ; 0.0097167 ; 0.00579788 ; 102.863;
7 ; 14 ; 5 ; 0.00782461 ; 0.00562337 ; 0.010173 ; 102.359;
8 ; 14 ; 5 ; 0.0172872 ; -0.00568058 ; 0.0115463 ; 102.486;
9 ; 14 ; 5 ; 0.0256394 ; -0.00371386 ; 0.0134542 ; 102.465;
10 ; 14 ; 5 ; 0.022407 ; 0.00485085 ; 0.00470262 ; 102.967;
11 ; 14 ; 5 ; 0.0141324 ; -0.00106871 ; 0.0124132 ; 102.295;
12 ; 14 ; 5 ; 0.00748547 ; -0.00217854 ; 0.00950317 ; 101.899;
13 ; 14 ; 5 ; 0.00900974 ; 0.00489145 ; 0.0150542 ; 102.601;
14 ; 14 ; 5 ; 0.00141485 ; 0.0105627 ; 0.0155311 ; 102.327;
15 ; 14 ; 5 ; -0.0198436 ; 0.00332791 ; 0.0165019 ; 102.077;
16 ; 14 ; 5 ; -0.0039095 ; -0.00795117 ; 0.00564815 ; 102.087;
17 ; 14 ; 5 ; -0.00510701 ; 0.0227362 ; 0.00955952 ; 101.872;
18 ; 14 ; 5 ; -0.00641334 ; 0.0062634 ; 0.0116263 ; 102.074;
19 ; 14 ; 5 ; -0.00638229 ; 0.0123226 ; -0.00015889 ; 102.064;
20 ; 14 ; 5 ; 0.0150341 ; 0.0048497 ; 0.00791581 ; 102.176;
21 ; 14 ; 5 ; -0.00394821 ; 0.0100479 ; 0.00613657 ; 101.984;
22 ; 14 ; 5 ; -0.00719028 ; 0.0154861 ; 0.000928383 ; 101.788;
23 ; 14 ; 5 ; -0.0127511 ; -0.00359888 ; 0.0117286 ; 102.034;
24 ; 14 ; 5 ; -0.0125228 ; -0.000540309 ; 0.0087585 ; 102.302;
25 ; 14 ; 5 ; 0.00116541 ; -0.000236998 ; 0.00315564 ; 102.23;
26 ; 14 ; 5 ; -0.0153911 ; 0.00323974 ; 0.0118977 ; 102.268;
27 ; 14 ; 5 ; -0.0151225 ; 0.00855564 ; 0.0163073 ; 102.619;
28 ; 14 ; 5 ; -0.0161021 ; 0.0129562 ; 0.0134379 ; 102.958;
29 ; 14 ; 5 ; -0.0270723 ; 0.017965 ; 0.0169292 ; 102.569;
30 ; 14 ; 5 ; -0.0313546 ; 0.00358798 ; -0.00370893 ; 102.405;
31 ; 14 ; 5 ; -0.0148104 ; -0.00580674 ; -0.00373025 ; 102.625;
32 ; 14 ; 5 ; -0.00555357 ; 0.00871954 ; 0.00892544 ; 102.302;
33 ; 14 ; 5 ; 0.000601286 ; -0.00799098 ; 0.0127675 ; 102.79;
4 ; 15 ; 5 ; 0.00540362 ; -0.00913323 ; 0.00734981 ; 102.453;
5 ; 15 ; 5 ; 0.011449 ; 0.00886463 ; 0.024047 ; 102.646;
6 ; 15 ; 5 ; 0.0174419 ; 0.00524175 ; 0.0211008 ; 102.615;
7 ; 15 ; 5 ; 0.0115699 ; 0.00572777 ; 0.0062338 ; 102.783;
8 ; 15 ; 5 ; 0.011428 ; -0.0145886 ; 0.0160174 ; 102.292;
9 ; 15 ; 5 ; 0.00893299 ; 0.00490577 ; 0.025667 ; 102.244;
10 ; 15 ; 5 ; 0.0184582 ; 0.000744034 ; 0.0124087 ; 102.479;
11 ; 15 ; 5 ; 0.00764581 ; -0.0054076 ; -0.000933319 ; 101.654;
12 ; 15 ; 5 ; 0.00173804 ; -0.016478 ; 0.0103472 ; 102.408;
13 ; 15 ; 5 ; -0.00195018 ; -0.00769917 ; 0.00972138 ; 102.186;
14 ; 15 ; 5 ; -0.00534949 ; 0.00362922 ; 0.00997751 ; 101.884;
15 ; 15 ; 5 ; -0.0159035 ; -0.00710164 ; 0.0104794 ; 102.008;
16 ; 15 ; 5 ; -0.00842471 ; 0.00896398 ; 0.0026699 ; 102.117;
17 ; 15 ; 5 ; 0.00107497 ; 0.00537937 ; 0.0213884 ; 102.157;
18 ; 15 ; 5 ; 0.0163111 ; 0.00758332 ; 0.0130027 ; 101.913;
19 ; 15 ; 5 ; -0.0162754 ; 0.00635918 ; 0.0105328 ; 102.462;
20 ; 15 ; 5 ; -0.00831 ; -0.00113953 ; 0.0136097 ; 102.117;
21 ; 15 ; 5 ; -0.0104295 ; -0.000344694 ; 0.018108 ; 101.959;
22 ; 15 ; 5 ; -0.0094699 ; 0.00168274 ; 0.0118717 ; 102.142;
23 ; 15 ; 5 ; -0.00520448 ; -0.00323609 ; 0.00608557 ; 102.057;
24 ; 15 ; 5 ; -0.00619015 ; 0.00153983 ; 0.00808841 ; 101.997;
25 ; 15 ; 5 ; -0.00971267 ; 0.00252485 ; 0.0202907 ; 102.898;
26 ; 15 ; 5 ; -0.00992391 ; 0.000876394 ; 0.01065 ; 102.084;
27 ; 15 ; 5 ; -0.0206901 ; 0.00583236 ; 0.0175106 ; 102.797;
28 ; 15 ; 5 ; -0.0251722 ; 0.00258894 ; -0.00274972 ; 102.4;
29 ; 15 ; 5 ; -0.0165702 ; 0.00692109 ; 0.0108078 ; 102.442;
30 ; 15 ; 5 ; -0.0111445 ; 0.011833 ; 0.00289325 ; 102.531;
31 ; 15 ; 5 ; -0.0213402 ; -0.00300353 ; 0.0165206 ; 102.455;
32 ; 15 ; 5 ; -0.0118937 ; 0.01068 ; 0.0103055 ; 102.527;
33 ; 15 ; 5 ; -0.0115266 ; -0.0109011 ; 0.00382336 ; 102.32;
4 ; 16 ; 5 ; 0.00525031 ; -0.0168104 ; 0.0138073 ; 102.783;
5 ; 16 ; 5 ; 0.00285822 ; 0.00509357 ; 0.00628913 ; 102.859;
6 ; 16 ; 5 ; 0.0211308 ; -0.000362145 ; 0.00585275 ; 102.836;
7 ; 16 ; 5 ; 0.0340603 ; 0.00419036 ; 0.00525544 ; 102.24;
8 ; 16 ; 5 ; 0.0116126 ; 0.00259146 ; 0.0158985 ; 102.5;
9 ; 16 ; 5 ; 0.00830384 ; -0.0123312 ; 0.00661978 ; 102.038;
10 ; 16 ; 5 ; 0.0109205 ; -0.00619206 ; 0.00794076 ; 102.579;
11 ; 16 ; 5 ; 0.0160903 ; -0.0131915 ; 0.00851416 ; 102.677;
12 ; 16 ; 5 ; 0.00943858 ; -0.011375 ; 0.0141799 ; 101.999;
13 ; 16 ; 5 ; -0.00490387 ; -0.00423805 ; 0.00666827 ; 102.369;
14 ; 16 ; 5 ; 0.000623066 ; -0.0179043 ; 0.0275195 ; 102.114;
15 ; 16 ; 5 ; -0.00196517 ; -0.00442834 ; 0.0089477 ; 102.339;
16 ; 16 ; 5 ; 0.0137119 ; -0.00918945 ; 0.0116597 ; 102.078;
17 ; 16 ; 5 ; 0.00181614 ; 0.00260119 ; 0.0108315 ; 101.896;
18 ; 16 ; 5 ; 0.0056638 ; -0.00499218 ; 0.0217884 ; 102.281;
19 ; 16 ; 5 ; -0.00772151 ; 0.00284137 ; 0.0150611 ; 101.724;
20 ; 16 ; 5 ; -0.00734561 ; -0.00253962 ; -0.00345403 ; 101.6;
21 ; 16 ; 5 ; -0.00452749 ; 0.000241871 ; -0.00254872 ; 102.245;
22 ; 16 ; 5 ; -0.00840401 ; -0.00678293 ; 0.0061876 ; 102.301;
23 ; 16 ; 5 ; -0.00539505 ; -0.00672725 ; 0.00557705 ; 101.958;
24 ; 16 ; 5 ; -0.00834146 ; -0.0128986 ; 0.0260965 ; 101.959;
25 ; 16 ; 5 ; -0.0182751 ; -0.00312319 ; 0.0284114 ; 102.014;
26 ; 16 ; 5 ; -0.02169 ; 0.0100079 ; 0.00145154 ; 102.065;
27 ; 16 ; 5 ; -0.0115483 ; -0.0012691 ; 0.00780407 ; 102.254;
28 ; 16 ; 5 ; -0.0224757 ; -0.01101 ; -0.00150584 ; 102.797;
29 ; 16 ; 5 ; -0.038095 ; 0.000868972 ; 0.000432071 ; 102.831;
30 ; 16 ; 5 ; -0.0134069 ; -0.00261853 ; 0.0103646 ; 102.717;
31 ; 16 ; 5 ; -0.00981508 ; 0.00833117 ; 0.00311765 ; 102.776;
32 ; 16 ; 5 ; -0.018144 ; -0.00439489 ; 0.0106288 ; 102.794;
33 ; 16 ; 5 ; -0.000839045 ; -0.00359229 ; -0.00040599 ; 102.08;
4 ; 17 ; 5 ; -0.00527209 ; 0.00160007 ; 0.0118472 ; 102.579;
5 ; 17 ; 5 ; 0.0104836 ; -0.00734864 ; 0.00185084 ; 102.656;
6 ; 17 ; 5 ; 0.0188797 ; -0.00512293 ; 0.00906503 ; 102.321;
7 ; 17 ; 5 ; 0.0135295 ; 0.00298425 ; 0.011416 ; 102.651;
8 ; 17 ; 5 ; 0.0121571 ; -0.0126093 ; 0.00673927 ; 102.303;
9 ; 17 ; 5 ; 0.0172443 ; -0.00520677 ; 0.0155929 ; 102.782;
10 ; 17 ; 5 ; 0.0199864 ; -0.0077844 ; 0.0134268 ; 102.185;
11 ; 17 ; 5 ; 0.0276837 ; 0.00613576 ; 0.0111034 ; 102.372;
12 ; 17 ; 5 ; 0.0155341 ; -0.00784871 ; 0.0232765 ; 101.762;
13 ; 17 ; 5 ; -0.00368381 ; 0.000634318 ; 0.012362 ; 102.318;
14 ; 17 ; 5 ; 0.0006982 ; -0.0118972 ; -0.00841867 ; 102.365;
15 ; 17 ; 5 ; 0.000479277 ; 0.0183595 ; 0.0208647 ; 102.187;
16 ; 17 ; 5 ; 0.00414905 ; -0.0036672 ; 0.0152856 ; 102.076;
17 ; 17 ; 5 ; 0.00776639 ; -0.000402516 ; 0.0139687 ; 101.994;
18 ; 17 ; 5 ; -0.0106526 ; -0.00606883 ; 0.000681858 ; 101.865;
19 ; 17 ; 5 ; 0.0023885 ; -0.00011089 ; -7.40909e-05 ; 101.87;
20 ; 17 ; 5 ; 0.00775174 ; 0.000176773 ; 0.0131159 ; 102.012;
21 ; 17 ; 5 ; -0.00650388 ; -0.00416579 ; 0.00944822 ; 102.272;
22 ; 17 ; 5 ; -0.0135108 ; 0.00533891 ; 0.014495 ; 101.681;
23 ; 17 ; 5 ; -0.0050337 ; -0.00465507 ; 0.00440734 ; 102.348;
24 ; 17 ; 5 ; -0.00762464 ; -0.00369554 ; 0.00967786 ; 102.02;
25 ; 17 ; 5 ; -0.0153497 ; -0.0017179 ; 0.0163116 ; 102.765;
26 ; 17 ; 5 ; -0.0211735 ; 0.00966029 ; 0.0060498 ; 102.444;
27 ; 17 ; 5 ; -0.0210137 ; 0.00184263 ; 0.0228308 ; 102.275;
28 ; 17 ; 5 ; -0.0231374 ; -0.00766088 ; 0.0187114 ; 102.532;
29 ; 17 ; 5 ; -0.0431555 ; -0.0096578 ; 0.0149851 ; 102.353;
30 ; 17 ; 5 ; -0.0146388 ; 0.000210284 ; 0.0119184 ; 102.435;
31 ; 17 ; 5 ; -0.0183185 ; -0.00492575 ; 0.00209548 ; 102.378;
32 ; 17 ; 5 ; -0.0101588 ; -0.0098871 ; 0.00505521 ; 102.44;
33 ; 17 ; 5 ; -0.00015639 ; -0.0137399 ; 0.00717054 ; 102.473;
4 ; 18 ; 5 ; 0.00172837 ; 0.00842137 ; 0.0121735 ; 102.619;
5 ; 18 ; 5 ; 0.00817562 ; 0.0105378 ; 0.0298965 ; 102.402;
6 ; 18 ; 5 ; 0.00157637 ; 0.00454331 ; 0.00782241 ; 102.747;
7 ; 18 ; 5 ; 0.0239466 ; 0.00429072 ; -0.00392005 ; 102.31;
8 ; 18 ; 5 ; 0.0190432 ; 0.00057429 ; 0.00155901 ; 102.566;
9 ; 18 ; 5 ; 0.0273794 ; -0.00207285 ; 0.00350087 ; 102.2;
10 ; 18 ; 5 ; 0.0167968 ; -0.0121033 ; 0.00389947 ; 102.258;
11 ; 18 ; 5 ; 0.0262652 ; 0.000486127 ; 0.00607793 ; 102.029;
12 ; 18 ; 5 ; 0.0133159 ; 0.00543605 ; 0.0226545 ; 102.202;
13 ; 18 ; 5 ; 0.0013732 ; -0.00656366 ; 0.00469771 ; 102.061;
14 ; 18 ; 5 ; -0.0033479 ; -0.00590438 ; 0.0161619 ; 101.946;
15 ; 18 ; 5 ; -0.000302896 ; 0.00456074 ; 0.0104345 ; 102.08;
16 ; 18 ; 5 ; -0.00168935 ; -0.00867322 ; 0.0166651 ; 101.502;
17 ; 18 ; 5 ; 0.00635946 ; -0.00638739 ; 0.0211645 ; 102.251;
18 ; 18 ; 5 ; -0.0025012 ; -0.00956366 ; 0.0125601 ; 102.118;
19 ; 18 ; 5 ; -0.00309421 ; 0.00886458 ; 0.00834264 ; 101.906;
20 ; 18 ; 5 ; 0.0113808 ; 0.00792309 ; 0.0159808 ; 102.137;
21 ; 18 ; 5 ; -0.0182596 ; 0.00738926 ; 0.0142832 ; 101.844;
22 ; 18 ; 5 ; -0.00418373 ; -0.0104031 ; 0.0225129 ; 102.097;
23 ; 18 ; 5 ; -0.0234575 ; 0.000532255 ; 0.014355 ; 102.259;
24 ; 18 ; 5 ; -0.0160074 ; 0.00688843 ; 0.0112634 ; 102.263;
25 ; 18 ; 5 ; -0.0289747 ; 0.00760705 ; 0.0134255 ; 102.04;
26 ; 18 ; 5 ; -0.0247352 ; 0.00783044 ; 0.0142039 ; 102.407;
27 ; 18 ; 5 ; -0.0250485 ; -0.00725209 ; 0.00832521 ; 102.368;
28 ; 18 ; 5 ; -0.0162557 ; -0.006753 ; 0.00133289 ; 102.535;
29 ; 18 ; 5 ; -0.00922167 ; -0.000672478 ; 0.00717001 ; 102.37;
30 ; 18 ; 5 ; -0.02037 ; 0.00223855 ; 0.0189979 ; 102.096;
31 ; 18 ; 5 ; -0.023363 ; -0.013973 ; 0.00995676 ; 102.409;
32 ; 18 ; 5 ; -0.00980238 ; -0.0049487 ; 0.0151384 ; 102.782;
33 ; 18 ; 5 ; 0.00469265 ; -0.00826303 ; -0.00616811 ; 102.221;
4 ; 19 ; 5 ; 0.00885699 ; -0.0081757 ; 0.00549091 ; 102.884;
5 ; 19 ; 5 ; 0.0118949 ; -0.00332973 ; 0.0137087 ; 102.621;
6 ; 19 ; 5 ; 0.0137246 ; 0.00497741 ; 0.0147243 ; 102.792;
7 ; 19 ; 5 ; 0.0101847 ; 0.00641362 ; 0.0033998 ; 102.065;
8 ; 19 ; 5 ; 0.01891 ; -0.00104287 ; -0.00372058 ; 102.631;
9 ; 19 ; 5 ; 0.0226654 ; -0.00478116 ; 0.0137074 ; 102.714;
10 ; 19 ; 5 ; 0.0203616 ; -0.00915033 ; 0.0224179 ; 102.252;
11 ; 19 ; 5 ; 0.0127807 ; 0.00122509 ; 0.0126447 ; 102.346;
12 ; 19 ; 5 ; 0.021572 ; 0.00586231 ; 0.0142297 ; 102.31;
13 ; 19 ; 5 ; 0.00449469 ; -0.00712075 ; 0.00823851 ; 101.804;
14 ; 19 ; 5 ; 9.3037e-06 ; 0.0102018 ; 0.00538243 ; 102.429;
15 ; 19 ; 5 ; 0.00944719 ; 0.0121049 ; 0.0112958 ; 101.629;
16 ; 19 ; 5 ; 0.0190248 ; -0.00296313 ; 0.0156075 ; 101.809;
17 ; 19 ; 5 ; -0.00166506 ; 0.0144154 ; 0.0199356 ; 102.118;
18 ; 19 ; 5 ; 0.00256595 ; -0.00580994 ; 0.00896226 ; 101.817;
19 ; 19 ; 5 ; -0.00249756 ; 0.0224062 ; 0.0182812 ; 101.661;
20 ; 19 ; 5 ; -0.00704104 ; -0.0038848 ; 0.00913172 ; 101.38;
21 ; 19 ; 5 ; 0.0030278 ; 0.00134469 ; 0.0131568 ; 102.198;
22 ; 19 ; 5 ; -0.0179748 ; -0.0168892 ; 0.0123822 ; 101.954;
23 ; 19 ; 5 ; -0.0134337 ; -0.00067734 ; 0.0132942 ; 101.36;
24 ; 19 ; 5 ; -0.0108884 ; 0.0180918 ; 0.0122038 ; 101.833;
25 ; 19 ; 5 ; -0.0203317 ; 0.010539 ; 0.00667957 ; 102.094;
26 ; 19 ; 5 ; -0.0303513 ; -0.00221457 ; 0.0120011 ; 102.007;
27 ; 19 ; 5 ; -0.0254854 ; -0.00461568 ; 0.017676 ; 102.541;
28 ; 19 ; 5 ; -0.0243414 ; 0.00420111 ; 0.0150439 ; 102.414;
29 ; 19 ; 5 ; -0.0171563 ; 0.00078203 ; 0.00483438 ; 102.362;
30 ; 19 ; 5 ; -0.0171485 ; -0.00295641 ; -0.00122321 ; 102.453;
31 ; 19 ; 5 ; -0.008198 ; -0.00483833 ; 0.00120483 ; 102.317;
32 ; 19 ; 5 ; -0.00837706 ; 0.0122741 ; -0.000949653 ; 102.423;
33 ; 19 ; 5 ; 0.00325116 ; -0.00896963 ; 0.0105414 ; 102.585;
4 ; 20 ; 5 ; 0.0189231 ; -0.000529544 ; 0.0160818 ; 102.561;
5 ; 20 ; 5 ; 0.0208787 ; 0.00125478 ; 0.0063543 ; 102.712;
6 ; 20 ; 5 ; 0.0193996 ; 0.00149502 ; 0.0179827 ; 102.529;
7 ; 20 ; 5 ; 0.0206921 ; -0.0103083 ; 0.00170798 ; 102.433;
8 ; 20 ; 5 ; 0.0145821 ; 0.00841521 ; 0.0198805 ; 102.045;
9 ; 20 ; 5 ; 0.0201845 ; 0.00748369 ; 0.00617371 ; 102.728;
10 ; 20 ; 5 ; 0.0172175 ; 0.00626177 ; 0.0195098 ; 101.889;
11 ; 20 ; 5 ; 0.0246746 ; 0.010274 ; 0.00290131 ; 102.346;
12 ; 20 ; 5 ; 0.0131039 ; 0.00301927 ; 0.00901633 ; 102.359;
13 ; 20 ; 5 ; 0.00981354 ; -0.00607642 ; 0.0146749 ; 101.63;
14 ; 20 ; 5 ; 0.00722121 ; -0.00915039 ; 0.0100063 ; 101.898;
15 ; 20 ; 5 ; -0.00997349 ; 0.00185253 ; -9.00018e-05 ; 102.55;
16 ; 20 ; 5 ; 0.00140612 ; -0.00177719 ; 0.013725 ; 101.97;
17 ; 20 ; 5 ; -0.0102958 ; -0.00791915 ; 0.0115817 ; 101.873;
18 ; 20 ; 5 ; -0.00142422 ; -0.014473 ; 0.0249625 ; 101.504;
19 ; 20 ; 5 ; -0.000346985 ; 0.0128589 ; 0.023537 ; 101.846;
20 ; 20 ; 5 ; -0.0167483 ; -0.0073124 ; -0.00340138 ; 101.696;
21 ; 20 ; 5 ; 0.000320033 ; -0.00257831 ; 3.41377e-05 ; 102.16;
22 ; 20 ; 5 ; -0.00521117 ; 0.0021689 ; 0.00805985 ; 102.132;
23 ; 20 ; 5 ; 0.00486364 ; -0.00776812 ; 0.022539 ; 102.257;
24 ; 20 ; 5 ; -0.0052238 ; -0.0020421 ; 0.00972589 ; 102.073;
25 ; 20 ; 5 ; -0.0165933 ; 0.00352877 ; 0.00955284 ; 102.372;
26 ; 20 ; 5 ; -0.0137294 ; 0.00398014 ; 0.00224128 ; 102.572;
27 ; 20 ; 5 ; -0.0226106 ; -0.00481004 ; -0.00301273 ; 102.318;
28 ; 20 ; 5 ; -0.0236253 ; -0.019867 ; 0.00497323 ; 101.978;
29 ; 20 ; 5 ; -0.0210472 ; 0.0105044 ; 0.00542833 ; 102.185;
30 ; 20 ; 5 ; -0.0133453 ; 0.00628559 ; 0.00753721 ; 102.513;
31 ; 20 ; 5 ; -0.0157143 ; -0.0026753 ; 0.011975 ; 102.432;
32 ; 20 ; 5 ; -0.00578247 ; 0.0106322 ; 0.0144748 ; 102.76;
33 ; 20 ; 5 ; -0.00193929 ; -5.40404e-05 ; -0.00494779 ; 102.154;
4 ; 21 ; 5 ; 0.00749962 ; 0.00715856 ; 0.0201392 ; 102.317;
5 ; 21 ; 5 ; 0.0059819 ; 0.0121286 ; 0.0137831 ; 102.973;
6 ; 21 ; 5 ; 0.00833697 ; -0.00558858 ; 0.0131134 ; 102.502;
7 ; 21 ; 5 ; 0.00665309 ; 0.0047135 ; 0.019658 ; 102.54;
8 ; 21 ; 5 ; 0.0105257 ; -0.000858231 ; 0.00334531 ; 102.422;
9 ; 21 ; 5 ; 0.0307204 ; -0.00473312 ; 0.0170391 ; 102.207;
10 ; 21 ; 5 ; 0.0226421 ; 0.00370957 ; 0.00106763 ; 102.396;
11 ; 21 ; 5 ; 0.00853088 ; 0.0128487 ; 0.0123614 ; 102.546;
12 ; 21 ; 5 ; 0.0104978 ; 0.0128599 ; 0.0113224 ; 102.404;
13 ; 21 ; 5 ; 0.0031952 ; -0.0114399 ; 0.0085482 ; 102.005;
14 ; 21 ; 5 ; -0.012738 ; 0.00493686 ; 0.0267307 ; 102.163;
15 ; 21 ; 5 ; 0.0019427 ; 0.00821553 ; 0.0200467 ; 102.264;
16 ; 21 ; 5 ; -0.011052 ; -0.00499518 ; 0.0105107 ; 101.722;
17 ; 21 ; 5 ; -0.0129021 ; 0.000475896 ; 0.0141347 ; 102.054;
18 ; 21 ; 5 ; -0.00773517 ; -0.00442061 ; 0.0149877 ; 101.941;
19 ; 21 ; 5 ; 0.00152334 ; -0.00624373 ; 0.00141012 ; 101.911;
20 ; 21 ; 5 ; 0.00790635 ; 0.00470993 ; -0.000389682 ; 102.051;
21 ; 21 ; 5 ; 0.0127677 ; 0.000711564 ; 0.0124726 ; 102.241;
22 ; 21 ; 5 ; 0.00117497 ; 0.0172671 ; 0.00376907 ; 102.384;
23 ; 21 ; 5 ; -0.00312374 ; 0.000577157 ; 0.0184445 ; 102.418;
24 ; 21 ; 5 ; -0.00774972 ; -0.0069886 ; -0.00246327 ; 101.894;
25 ; 21 ; 5 ; -0.020977 ; -0.000295427 ; 0.0205589 ; 101.873;
26 ; 21 ; 5 ; -0.0330334 ; 0.00576709 ; 0.00280287 ; 102.076;
27 ; 21 ; 5 ; -0.024571 ; -0.00309958 ; 0.0174079 ; 102.464;
28 ; 21 ; 5 ; -0.0199124 ; 0.0111194 ; 0.00838578 ; 102.447;
29 ; 21 ; 5 ; -0.0139907 ; -0.00294909 ; 0.0159811 ; 102.584;
30 ; 21 ; 5 ; -0.0148179 ; -0.00523584 ; -0.00789421 ; 102.592;
31 ; 21 ; 5 ; -0.00762107 ; 0.00672867 ; -0.00052611 ; 102.75;
32 ; 21 ; 5 ; -0.0244221 ; 0.002421 ; 0.0141772 ; 102.517;
33 ; 21 ; 5 ; -0.0070293 ; 0.000849122 ; 0.00405322 ; 102.059;
4 ; 22 ; 5 ; 0.00930804 ; -0.00963063 ; 0.00513515 ; 103.256;
5 ; 22 ; 5 ; 0.0229131 ; 0.00385635 ; 0.0164696 ; 102.663;
6 ; 22 ; 5 ; 0.0238405 ; 0.00629532 ; 0.0133688 ; 102.666;
7 ; 22 ; 5 ; 0.0197444 ; 0.0126066 ; -0.00138152 ; 102.432;
8 ; 22 ; 5 ; 0.0188629 ; -0.00101603 ; 0.00759314 ; 102.439;
9 ; 22 ; 5 ; 0.0134617 ; 0.0016395 ; 0.00714327 ; 102.638;
10 ; 22 ; 5 ; 0.0097095 ; 0.000322076 ; 0.00763329 ; 102.384;
11 ; 22 ; 5 ; 0.01385 ; 0.00291892 ; -0.00758351 ; 102.154;
12 ; 22 ; 5 ; 0.00260951 ; 0.00396712 ; 0.0267512 ; 102.032;
13 ; 22 ; 5 ; 0.00537269 ; -0.00347559 ; 0.0213006 ; 101.787;
14 ; 22 ; 5 ; 0.0117182 ; -0.0028115 ; 0.00555368 ; 102.213;
15 ; 22 ; 5 ; -0.00340403 ; -0.0127175 ; 0.0121658 ; 101.969;
16 ; 22 ; 5 ; -0.00216435 ; 0.00700269 ; 0.00705842 ; 101.865;
17 ; 22 ; 5 ; 0.0060562 ; 0.00264885 ; -0.0105453 ; 102.069;
18 ; 22 ; 5 ; -0.00299797 ; -0.00248826 ; 0.0180592 ; 102.081;
19 ; 22 ; 5 ; -0.00421191 ; 0.000695727 ; 0.00767765 ; 102.13;
20 ; 22 ; 5 ; -0.00783444 ; -0.00132989 ; 0.0249276 ; 101.993;
21 ; 22 ; 5 ; -0.00865376 ; -0.0136357 ; 0.018307 ; 102.009;
22 ; 22 ; 5 ; -0.00447281 ; -0.00679379 ; 0.00469742 ; 102.02;
23 ; 22 ; 5 ; -0.00521678 ; -0.00470984 ; 0.00723088 ; 101.927;
24 ; 22 ; 5 ; -0.0092832 ; -0.00152705 ; -0.00443222 ; 102.043;
25 ; 22 ; 5 ; -0.0101823 ; 0.00378828 ; 0.015491 ; 102.147;
26 ; 22 ; 5 ; -0.0244525 ; 0.000431933 ; 0.0140734 ; 102.712;
27 ; 22 ; 5 ; -0.0255844 ; -0.0103416 ; 0.0145129 ; 102.319;
28 ; 22 ; 5 ; -0.0305995 ; 0.0066875 ; 0.0118195 ; 102.299;
29 ; 22 ; 5 ; -0.0243884 ; 0.00920455 ; 0.0159687 ; 102.834;
30 ; 22 ; 5 ; -0.0172787 ; -0.00610819 ; 0.0100085 ; 102.706;
31 ; 22 ; 5 ; -0.0183593 ; -0.000705556 ; 0.0139863 ; 102.573;
32 ; 22 ; 5 ; -0.0253562 ; 0.00815722 ; 0.00599534 ; 102.522;
33 ; 22 ; 5 ; -0.0167545 ; 0.00178092 ; -0.00598397 ; 102.661;
4 ; 23 ; 5 ; 0.0044476 ; 0.00540295 ; 0.00194604 ; 102.404;
5 ; 23 ; 5 ; 0.00488287 ; -0.00471899 ; 0.0130603 ; 102.579;
6 ; 23 ; 5 ; 0.00714863 ; 0.00165057 ; 0.0064972 ; 102.83;
7 ; 23 ; 5 ; 0.0259845 ; 0.00822991 ; 0.0133078 ; 102.97;
8 ; 23 ; 5 ; 0.0185576 ; 0.00262116 ; 0.0250841 ; 103.136;
9 ; 23 ; 5 ; 0.0253667 ; -0.0055079 ; 0.0142498 ; 102.363;
10 ; 23 ; 5 ; 0.0158046 ; -0.00391084 ; 0.00228307 ; 102.25;
11 ; 23 ; 5 ; 0.0136577 ; -0.0103072 ; 0.000368984 ; 102.106;
12 ; 23 ; 5 ; 0.00688125 ; 0.00197133 ; -0.00984116 ; 101.867;
13 ; 23 ; 5 ; 0.0116985 ; -0.00507836 ; 0.00570554 ; 101.609;
14 ; 23 ; 5 ; -0.00635575 ; -0.00422699 ; 0.00592564 ; 102.13;
15 ; 23 ; 5 ; -0.00467537 ; -0.0103744 ; 0.0148118 ; 102.378;
16 ; 23 ; 5 ; -0.0164352 ; -0.00333279 ; 0.0328638 ; 102.078;
17 ; 23 ; 5 ; -0.0102826 ; -0.0138799 ; -0.00378469 ; 101.543;
18 ; 23 ; 5 ; -0.00151935 ; -0.00281023 ; 0.00382438 ; 101.881;
19 ; 23 ; 5 ; -0.00253098 ; 0.00499199 ; 0.0196929 ; 102.12;
20 ; 23 ; 5 ; -0.00319143 ; 0.000810444 ; 0.0229256 ; 102.012;
21 ; 23 ; 5 ; 0.00646401 ; -0.00222516 ; 0.00594105 ; 102.521;
22 ; 23 ; 5 ; -0.00600179 ; -0.00427709 ; 0.0135329 ; 101.946;
23 ; 23 ; 5 ; -0.00673415 ; -0.00532193 ; 0.0256405 ; 102.169;
24 ; 23 ; 5 ; -0.0136251 ; -0.0065655 ; 0.0120635 ; 102.261;
25 ; 23 ; 5 ; -0.0213758 ; 0.000905756 ; 0.0142966 ; 102.46;
26 ; 23 ; 5 ; -0.0128462 ; 0.00808441 ; 0.0148869 ; 102.564;
27 ; 23 ; 5 ; -0.0140658 ; -0.0076101 ; 0.00895799 ; 102.414;
28 ; 23 ; 5 ; -0.0283802 ; -0.00995913 ; 0.00765461 ; 102.501;
29 ; 23 ; 5 ; -0.0252045 ; 0.00235232 ; 0.0043709 ; 102.576;
30 ; 23 ; 5 ; -0.0149462 ; 0.00573336 ; 0.00120254 ; 102.585;
31 ; 23 ; 5 ; 0.00663475 ; 0.00462803 ; 0.00786137 ; 102.439;
32 ; 23 ; 5 ; -0.0113781 ; 0.00588679 ; 0.00590191 ; 102.66;
33 ; 23 ; 5 ; -0.0115664 ; 0.00526433 ; 0.0024254 ; 102.55;
4 ; 24 ; 5 ; 0.00196585 ; 0.00941402 ; 0.0136258 ; 102.799;
5 ; 24 ; 5 ; 0.00106124 ; 0.000856597 ; 0.0123072 ; 103.159;
6 ; 24 ; 5 ; 0.00978243 ; -0.00783116 ; 0.0050156 ; 102.773;
7 ; 24 ; 5 ; 0.0194629 ; -0.0015592 ; 0.00411101 ; 102.428;
8 ; 24 ; 5 ; 0.0185705 ; -0.00662362 ; -0.00612121 ; 102.835;
9 ; 24 ; 5 ; 0.0110647 ; -0.005307 ; 0.00483079 ; 102.559;
10 ; 24 ; 5 ; 0.0118563 ; -0.00613194 ; 0.00866542 ; 102.906;
11 ; 24 ; 5 ; 0.00986659 ; -0.00582206 ; 0.00751906 ; 102.16;
12 ; 24 ; 5 ; 0.00246261 ; -0.0107429 ; 0.0145804 ; 102.499;
13 ; 24 ; 5 ; 0.010324 ; -0.00991167 ; -0.00391178 ; 102.198;
14 ; 24 ; 5 ; 0.00465663 ; -0.00723557 ; 0.0133174 ; 102.455;
15 ; 24 ; 5 ; -0.00596359 ; -0.00512719 ; 0.00818546 ; 102.201;
16 ; 24 ; 5 ; -0.00631192 ; 0.00249729 ; 0.0230618 ; 102.197;
17 ; 24 ; 5 ; -0.00111206 ; -0.0138499 ; 0.0109843 ; 102.238;
18 ; 24 ; 5 ; -0.00054746 ; -0.0052325 ; 0.00757114 ; 102.054;
19 ; 24 ; 5 ; -0.00749558 ; -0.0207186 ; 0.00390029 ; 101.943;
20 ; 24 ; 5 ; 0.00515278 ; -0.00437156 ; 0.00188191 ; 102.476;
21 ; 24 ; 5 ; 0.00821036 ; -0.00717804 ; 0.00635977 ; 102.331;
22 ; 24 ; 5 ; -0.0042391 ; -0.00229382 ; 0.00509236 ; 102.601;
23 ; 24 ; 5 ; -0.0161465 ; -0.0136825 ; 0.023803 ; 102.248;
24 ; 24 ; 5 ; -0.00449707 ; -0.00596445 ; 0.0143664 ; 102.061;
25 ; 24 ; 5 ; -0.0205856 ; -0.00972638 ; 0.0123135 ; 102.523;
26 ; 24 ; 5 ; -0.0230516 ; -0.0156292 ; 0.0114108 ; 102.993;
27 ; 24 ; 5 ; -0.0167721 ; -0.004085 ; -0.00176432 ; 102.321;
28 ; 24 ; 5 ; -0.0183029 ; -0.00494538 ; 0.00535258 ; 102.631;
29 ; 24 ; 5 ; -0.019351 ; -0.00289539 ; 0.003302 ; 102.676;
30 ; 24 ; 5 ; -0.0185792 ; -0.0127799 ; 0.0127554 ; 102.56;
31 ; 24 ; 5 ; -0.00582848 ; 0.00196302 ; 0.000166651 ; 102.194;
32 ; 24 ; 5 ; 0.00283866 ; 0.0190227 ; -0.00105841 ; 102.536;
33 ; 24 ; 5 ; 0.00324659 ; -0.00604254 ; 0.00231078 ; 102.651;
4 ; 25 ; 5 ; 0.00951602 ; -0.00185945 ; 0.00634159 ; 103.016;
5 ; 25 ; 5 ; 0.0158111 ; -0.00205798 ; 0.0205287 ; 103.024;
6 ; 25 ; 5 ; 0.0274941 ; -0.00153354 ; 0.000243566 ; 102.51;
7 ; 25 ; 5 ; 0.0152847 ; 0.000469222 ; -0.00111881 ; 102.676;
8 ; 25 ; 5 ; 0.0222233 ; 0.000254002 ; 0.00252982 ; 102.595;
9 ; 25 ; 5 ; 0.00700578 ; -0.00853444 ; 0.00629199 ; 102.574;
10 ; 25 ; 5 ; 0.00687565 ; -0.00658252 ; 0.0060627 ; 102.405;
11 ; 25 ; 5 ; 0.00270832 ; -0.0126557 ; 0.0141374 ; 102.516;
12 ; 25 ; 5 ; 0.00246577 ; -0.0149294 ; 0.0148719 ; 102.437;
13 ; 25 ; 5 ; 0.00732918 ; -0.00250606 ; 0.0236275 ; 102.49;
14 ; 25 ; 5 ; 0.00810492 ; -0.0208379 ; 0.00292464 ; 102.406;
15 ; 25 ; 5 ; 0.00106375 ; -0.0112713 ; -0.00557083 ; 101.738;
16 ; 25 ; 5 ; -0.0044022 ; -0.0138873 ; 0.0119118 ; 102.504;
17 ; 25 ; 5 ; 0.00739178 ; -0.0138261 ; -0.00478959 ; 102.441;
18 ; 25 ; 5 ; 0.00129499 ; -0.00854838 ; 0.012862 ; 102.145;
19 ; 25 ; 5 ; 0.00299466 ; -0.0165393 ; 0.00827682 ; 102.489;
20 ; 25 ; 5 ; -0.00500154 ; -0.0152923 ; 0.0134296 ; 102.42;
21 ; 25 ; 5 ; 0.00206027 ; -4.71107e-06 ; 0.00781992 ; 102.499;
22 ; 25 ; 5 ; 0.00666869 ; -0.016031 ; 0.0143223 ; 102.259;
23 ; 25 ; 5 ; -0.0101465 ; -0.00555652 ; 0.0116473 ; 102.311;
24 ; 25 ; 5 ; -0.0216862 ; -0.0076985 ; 0.00752998 ; 102.764;
25 ; 25 ; 5 ; -0.0259491 ; -0.0156406 ; 0.00852823 ; 102.459;
26 ; 25 ; 5 ; -0.0119793 ; -0.0172493 ; 0.00490458 ; 102.756;
27 ; 25 ; 5 ; -0.0168053 ; -0.00625731 ; 0.0027037 ; 102.616;
28 ; 25 ; 5 ; -0.0208596 ; -0.00985752 ; 0.00357832 ; 102.873;
29 ; 25 ; 5 ; -0.0199045 ; -0.00241014 ; -0.000627264 ; 102.638;
30 ; 25 ; 5 ; -0.0164204 ; -0.0106983 ; 0.00406201 ; 102.593;
31 ; 25 ; 5 ; -0.0280018 ; 0.00632405 ; 0.00624459 ; 103.026;
32 ; 25 ; 5 ; -0.00729268 ; -0.0053264 ; 0.00401866 ; 102.226;
33 ; 25 ; 5 ; 0.000224195 ; -0.00406409 ; 0.0103643 ; 102.997;
4 ; 26 ; 5 ; 0.00667829 ; -0.0167188 ; 0.00454415 ; 102.818;
5 ; 26 ; 5 ; 0.0127405 ; -0.00215329 ; 0.0110955 ; 102.485;
6 ; 26 ; 5 ; 0.00986474 ; 0.0028899 ; 0.0119879 ; 102.754;
7 ; 26 ; 5 ; 0.0192391 ; -0.00930278 ; -8.12799e-05 ; 102.957;
8 ; 26 ; 5 ; 0.029088 ; -0.000566124 ; 0.0142789 ; 102.928;
9 ; 26 ; 5 ; 0.0174651 ; -0.00257516 ; 0.0247591 ; 102.586;
10 ; 26 ; 5 ; 0.00813733 ; -0.0135934 ; 0.00862614 ; 102.902;
11 ; 26 ; 5 ; 0.00441116 ; -0.0144981 ; -0.000157757 ; 102.664;
12 ; 26 ; 5 ; 0.00549437 ; -0.0134572 ; -0.00273706 ; 102.036;
13 ; 26 ; 5 ; -0.00185505 ; -0.011176 ; 0.0017726 ; 102.583;
14 ; 26 ; 5 ; 0.00991038 ; -0.0214935 ; 0.0129879 ; 102.486;
15 ; 26 ; 5 ; -0.0143909 ; -0.023057 ; 0.00346884 ; 102.497;
16 ; 26 ; 5 ; -0.00686234 ; -0.0116384 ; 0.00715308 ; 102.002;
17 ; 26 ; 5 ; -0.00100272 ; -0.0212221 ; 0.00432009 ; 102.183;
18 ; 26 ; 5 ; -0.00352871 ; -0.0125499 ; 0.0255464 ; 101.89;
19 ; 26 ; 5 ; -0.0168156 ; -0.0200936 ; 0.00408211 ; 102.208;
20 ; 26 ; 5 ; -0.00631706 ; -0.0235682 ; 0.0083807 ; 102.956;
21 ; 26 ; 5 ; -0.000468433 ; -0.0125103 ; 0.00735449 ; 102.521;
22 ; 26 ; 5 ; -0.0061735 ; -0.00935776 ; 0.0194488 ; 102.397;
23 ; 26 ; 5 ; -0.000682016 ; -0.0210205 ; 0.01257 ; 102.411;
24 ; 26 ; 5 ; -0.0182166 ; -0.0164395 ; 0.000298186 ; 102.485;
25 ; 26 ; 5 ; -0.00670459 ; -0.0155402 ; 0.0134382 ; 102.858;
26 ; 26 ; 5 ; -0.0302261 ; -0.0161614 ; 0.00711791 ; 102.822;
27 ; 26 ; 5 ; -0.0324217 ; -0.00914998 ; 0.00782131 ; 102.889;
28 ; 26 ; 5 ; -0.0161893 ; -0.0187072 ; 0.00954826 ; 102.855;
29 ; 26 ; 5 ; -0.0178646 ; -0.00490638 ; -0.00327394 ; 103.038;
30 ; 26 ; 5 ; -0.00714121 ; -0.00268531 ; 0.0183213 ; 102.392;
31 ; 26 ; 5 ; -0.00444621 ; 0.00246803 ; 6.38399e-05 ; 102.806;
32 ; 26 ; 5 ; 0.0076214 ; 0.00489061 ; 0.00853698 ; 102.236;
33 ; 26 ; 5 ; -0.0102959 ; 0.00343552 ; -0.00898926 ; 102.983;
4 ; 27 ; 5 ; 0.00491288 ; -0.00365418 ; 0.0036632 ; 102.975;
5 ; 27 ; 5 ; 0.00479061 ; -0.0180066 ; 0.00720194 ; 103.022;
6 ; 27 ; 5 ; 0.0143436 ; 0.000252023 ; 0.00181246 ; 102.706;
7 ; 27 ; 5 ; 0.016243 ; -0.0133107 ; 0.0155779 ; 103.227;
8 ; 27 ; 5 ; 0.00632182 ; -0.0127303 ; -0.00516381 ; 102.703;
9 ; 27 ; 5 ; 0.0166553 ; -0.0103274 ; 0.00332927 ; 102.758;
10 ; 27 ; 5 ; 0.0115973 ; -0.0105121 ; 0.00353027 ; 103.471;
11 ; 27 ; 5 ; -0.0162025 ; -0.000797062 ; 0.00824426 ; 102.893;
12 ; 27 ; 5 ; 0.00180747 ; -0.0153059 ; -0.00290737 ; 102.241;
13 ; 27 ; 5 ; -0.00653028 ; -0.0137524 ; 0.0105244 ; 102.553;
14 ; 27 ; 5 ; 0.00265336 ; -0.00777368 ; 0.015446 ; 102.596;
15 ; 27 ; 5 ; -0.00925763 ; -0.020848 ; -0.00813451 ; 102.562;
16 ; 27 ; 5 ; 0.00497333 ; -0.0047914 ; 0.0105167 ; 102.649;
17 ; 27 ; 5 ; -0.010471 ; -0.0248808 ; 0.00482662 ; 102.093;
18 ; 27 ; 5 ; -0.00406083 ; -0.00949404 ; 0.0304502 ; 102.524;
19 ; 27 ; 5 ; 0.00513064 ; -0.0162451 ; 0.0108991 ; 102.481;
20 ; 27 ; 5 ; -0.01823 ; -0.0225856 ; 0.00962784 ; 102.437;
21 ; 27 ; 5 ; -0.000510906 ; -0.0168088 ; 0.00274965 ; 102.622;
22 ; 27 ; 5 ; -0.00455588 ; -0.0128154 ; 0.00869625 ; 102.733;
23 ; 27 ; 5 ; -0.00855702 ; -0.0119145 ; 0.00108178 ; 101.958;
24 ; 27 ; 5 ; -0.0063979 ; -0.0188211 ; -0.000991884 ; 101.896;
25 ; 27 ; 5 ; -0.0224593 ; -0.0197287 ; -0.00287128 ; 102.488;
26 ; 27 ; 5 ; -0.0155142 ; -0.021373 ; 6.43978e-05 ; 102.776;
27 ; 27 ; 5 ; -0.0141724 ; -0.0172215 ; 0.0094871 ; 102.964;
28 ; 27 ; 5 ; -0.023129 ; -0.0246822 ; 0.0107846 ; 102.82;
29 ; 27 ; 5 ; -0.00466768 ; -0.0169712 ; -0.0120847 ; 102.213;
30 ; 27 ; 5 ; -0.0108971 ; -0.00989988 ; 0.011553 ; 102.876;
31 ; 27 ; 5 ; -0.0194392 ; -0.000880885 ; 0.00247929 ; 102.897;
32 ; 27 ; 5 ; -0.00420504 ; -0.000577545 ; 0.00719462 ; 102.314;
33 ; 27 ; 5 ; -0.0016916 ; -0.0145923 ; 0.0132587 ; 102.819;
4 ; 28 ; 5 ; -0.00416968 ; -0.00198432 ; 0.00709803 ; 102.998;
5 ; 28 ; 5 ; 0.00495244 ; -0.00568821 ; 0.0113116 ; 102.958;
6 ; 28 ; 5 ; 0.005961 ; -0.00811936 ; 0.00292111 ; 102.612;
7 ; 28 ; 5 ; 0.0201297 ; -0.0063818 ; -0.00302658 ; 102.931;
8 ; 28 ; 5 ; 0.0112298 ; -0.0118112 ; 0.0112155 ; 103.104;
9 ; 28 ; 5 ; 0.0137448 ; -0.0217065 ; 0.00125737 ; 102.779;
10 ; 28 ; 5 ; 0.0135253 ; -0.0196511 ; 0.00370636 ; 102.632;
11 ; 28 ; 5 ; 0.0197789 ; -0.0122969 ; -0.000969407 ; 102.799;
12 ; 28 ; 5 ; -0.00986087 ; -0.0262312 ; 0.00101236 ; 102.534;
13 ; 28 ; 5 ; -0.0127095 ; -0.0167073 ; -0.010006 ; 102.607;
14 ; 28 ; 5 ; 0.00684923 ; -0.0251129 ; 0.015965 ; 102.211;
15 ; 28 ; 5 ; -0.0175362 ; -0.0104641 ; 0.0146446 ; 102.48;
16 ; 28 ; 5 ; 0.00351822 ; -0.0206313 ; 0.00778652 ; 102.051;
17 ; 28 ; 5 ; 0.00139743 ; -0.0186109 ; -0.00197064 ; 102.364;
18 ; 28 ; 5 ; 0.00628043 ; -0.0269518 ; 0.0151663 ; 102.578;
19 ; 28 ; 5 ; 0.00115129 ; -0.0300762 ; 0.00558859 ; 102.61;
20 ; 28 ; 5 ; 0.00349882 ; -0.00508779 ; 0.0180921 ; 102.303;
21 ; 28 ; 5 ; -0.00290561 ; -0.0154587 ; 0.00519882 ; 102.049;
22 ; 28 ; 5 ; 0.0100725 ; -0.0136364 ; 0.00313955 ; 102.452;
23 ; 28 ; 5 ; -0.0081749 ; -0.020759 ; 0.00863695 ; 102.356;
24 ; 28 ; 5 ; -0.00846525 ; -0.0274827 ; 0.00187606 ; 102.067;
25 ; 28 ; 5 ; -0.012028 ; -0.0150236 ; 0.011023 ; 102.535;
26 ; 28 ; 5 ; -0.00536152 ; -0.0245314 ; 0.00488 ; 102.732;
27 ; 28 ; 5 ; -0.0141235 ; -0.0109187 ; 0.00484232 ; 102.566;
28 ; 28 ; 5 ; -0.0135904 ; -0.0323143 ; -0.00216701 ; 102.968;
29 ; 28 ; 5 ; -0.00618592 ; -0.0166209 ; 0.00344916 ; 102.354;
30 ; 28 ; 5 ; -0.0154513 ; -0.00944046 ; 0.00190018 ; 102.498;
31 ; 28 ; 5 ; -0.00368836 ; -0.00723833 ; -0.00297688 ; 102.561;
32 ; 28 ; 5 ; -0.0128114 ; -0.020941 ; 0.00752057 ; 102.942;
33 ; 28 ; 5 ; -0.00351381 ; -0.0219391 ; 0.00724845 ; 102.94;
4 ; 29 ; 5 ; 0.0099174 ; -0.00850996 ; 0.00316832 ; 102.969;
5 ; 29 ; 5 ; 0.0103271 ; -0.00273488 ; 0.0158626 ; 103.226;
6 ; 29 ; 5 ; 0.00300453 ; -0.0212381 ; 0.00123802 ; 102.844;
7 ; 29 ; 5 ; 0.00935206 ; -0.014813 ; 0.0101433 ; 102.669;
8 ; 29 ; 5 ; 0.0127951 ; -0.0105065 ; 0.0234471 ; 103.506;
9 ; 29 ; 5 ; 0.018081 ; -0.0239509 ; 0.0107717 ; 102.874;
10 ; 29 ; 5 ; 0.00646285 ; -0.00379709 ; 0.00501205 ; 102.835;
11 ; 29 ; 5 ; 0.0149812 ; -0.0183475 ; 0.00368242 ; 102.609;
12 ; 29 ; 5 ; 0.017137 ; -0.0150633 ; 0.00346486 ; 102.718;
13 ; 29 ; 5 ; -0.00320439 ; -0.0173573 ; 0.0154139 ; 102.756;
14 ; 29 ; 5 ; -0.00555213 ; -0.0270585 ; 0.0145935 ; 102.258;
15 ; 29 ; 5 ; -0.0140405 ; -0.0234835 ; 0.0149776 ; 102.673;
16 ; 29 ; 5 ; -0.0160112 ; -0.0179696 ; 0.00475657 ; 102.247;
17 ; 29 ; 5 ; -0.00595838 ; -0.0130534 ; -0.00391931 ; 102.079;
18 ; 29 ; 5 ; -0.00833363 ; -0.0151555 ; 0.00559134 ; 102.01;
19 ; 29 ; 5 ; -0.00136733 ; -0.0184982 ; 0.00292838 ; 102.075;
20 ; 29 ; 5 ; -0.0117387 ; -0.0157263 ; 0.0067324 ; 102.768;
21 ; 29 ; 5 ; -0.0104857 ; -0.0149379 ; 0.002151 ; 102.04;
22 ; 29 ; 5 ; -0.010269 ; -0.0194285 ; 0.0247081 ; 102.481;
23 ; 29 ; 5 ; -0.00581762 ; -0.00599164 ; 0.0210769 ; 102.647;
24 ; 29 ; 5 ; -0.00744128 ; -0.00238016 ; 0.00776027 ; 102.808;
25 ; 29 ; 5 ; -0.0118562 ; -0.0247617 ; 0.000419637 ; 102.637;
26 ; 29 ; 5 ; -0.0181172 ; -0.0151281 ; 0.0135439 ; 102.608;
27 ; 29 ; 5 ; -0.00668631 ; -0.0162965 ; 0.0161602 ; 102.748;
28 ; 29 ; 5 ; -0.0326711 ; -0.0105931 ; 0.00977074 ; 103.099;
29 ; 29 ; 5 ; -0.00996796 ; -0.0082142 ; 0.0188529 ; 103.005;
30 ; 29 ; 5 ; -0.00228497 ; -0.0183819 ; 0.00488096 ; 102.275;
31 ; 29 ; 5 ; -0.00500749 ; -0.0139834 ; 0.0121586 ; 103.344;
32 ; 29 ; 5 ; -0.0105385 ; -0.0154915 ; 0.00754926 ; 102.945;
33 ; 29 ; 5 ; -0.00996614 ; -0.0130957 ; -0.00570195 ; 102.59;
4 ; 30 ; 5 ; -0.00280029 ; -0.00099053 ; 0.00261212 ; 103.237;
5 ; 30 ; 5 ; 0.012575 ; -0.0181277 ; -0.000809967 ; 103.418;
6 ; 30 ; 5 ; 0.0167676 ; -0.0159685 ; 0.0153462 ; 103.099;
7 ; 30 ; 5 ; 0.0141756 ; -0.0241775 ; 0.00740882 ; 102.544;
8 ; 30 ; 5 ; 0.0147897 ; -0.0111706 ; 0.0135264 ; 103.034;
9 ; 30 ; 5 ; 0.0108803 ; -0.00329363 ; 0.00686218 ; 102.954;
10 ; 30 ; 5 ; 0.00932922 ; -0.0146148 ; 0.0150354 ; 102.552;
11 ; 30 ; 5 ; 0.0128806 ; -0.0115625 ; 0.00592972 ; 102.818;
12 ; 30 ; 5 ; 0.0115457 ; -0.0147579 ; 0.00596213 ; 103.019;
13 ; 30 ; 5 ; -0.0010352 ; -0.0230284 ; 0.00524978 ; 102.605;
14 ; 30 ; 5 ; -0.00579673 ; -0.0214566 ; 0.00519797 ; 102.841;
15 ; 30 ; 5 ; 0.0060667 ; -0.00814815 ; 0.0103043 ; 102.598;
16 ; 30 ; 5 ; -0.00177312 ; -0.0175798 ; 0.0052324 ; 103.033;
17 ; 30 ; 5 ; 0.00175325 ; -0.027731 ; 0.0226863 ; 102.736;
18 ; 30 ; 5 ; -0.00567238 ; -0.0112795 ; 0.00610309 ; 102.754;
19 ; 30 ; 5 ; -0.000179369 ; -0.01864 ; 0.0110174 ; 102.273;
20 ; 30 ; 5 ; -0.00256094 ; -0.0128218 ; 0.00262517 ; 102.591;
21 ; 30 ; 5 ; 0.000691971 ; -0.0258254 ; 0.0280629 ; 102.845;
22 ; 30 ; 5 ; -0.014795 ; -0.023983 ; 0.00180349 ; 102.914;
23 ; 30 ; 5 ; -0.00880017 ; -0.0178203 ; 0.000964256 ; 102.661;
24 ; 30 ; 5 ; -0.0018486 ; -0.00377719 ; 0.00741336 ; 102.772;
25 ; 30 ; 5 ; -0.00186822 ; -0.00651062 ; 0.0158828 ; 102.402;
26 ; 30 ; 5 ; -0.0112425 ; -0.0232965 ; 0.0104363 ; 102.635;
27 ; 30 ; 5 ; -0.0210682 ; -0.008425 ; 0.0056083 ; 103.235;
28 ; 30 ; 5 ; -0.0271872 ; -0.0031589 ; -0.00907588 ; 102.889;
29 ; 30 ; 5 ; -0.0236673 ; -0.00877522 ; 0.00486674 ; 103.059;
30 ; 30 ; 5 ; -0.0152587 ; -0.0126844 ; 0.0104453 ; 102.739;
31 ; 30 ; 5 ; -0.0241373 ; -0.00252889 ; 0.0178535 ; 102.71;
32 ; 30 ; 5 ; -0.00117535 ; -0.00462531 ; 0.0122099 ; 102.95;
33 ; 30 ; 5 ; 0.00619893 ; -0.0159661 ; 0.00806251 ; 102.714;
4 ; 31 ; 5 ; -0.00320823 ; -0.0100108 ; 0.0208405 ; 103.272;
5 ; 31 ; 5 ; 0.00804027 ; -0.0180837 ; 0.0110189 ; 102.96;
6 ; 31 ; 5 ; 0.0124462 ; -0.012545 ; 0.0131516 ; 102.916;
7 ; 31 ; 5 ; 0.00739976 ; -0.0154389 ; 0.0166865 ; 102.709;
8 ; 31 ; 5 ; 0.00930647 ; -0.0146188 ; 0.00886247 ; 102.948;
9 ; 31 ; 5 ; 0.0232226 ; -0.01005 ; 0.00749742 ; 103.133;
10 ; 31 ; 5 ; 0.0159922 ; -0.0142403 ; 0.0134959 ; 102.894;
11 ; 31 ; 5 ; 0.00285606 ; -0.0132072 ; 0.0191559 ; 102.371;
12 ; 31 ; 5 ; -0.00829626 ; -0.0153659 ; 0.00939874 ; 102.868;
13 ; 31 ; 5 ; -0.00522567 ; -0.0291879 ; 0.0122593 ; 102.344;
14 ; 31 ; 5 ; -0.00167019 ; -0.0157732 ; 0.0122081 ; 102.46;
15 ; 31 ; 5 ; 0.00342467 ; -0.0191935 ; -0.00226388 ; 102.602;
16 ; 31 ; 5 ; -0.0110047 ; -0.00427888 ; 0.000195267 ; 102.717;
17 ; 31 ; 5 ; -0.0123233 ; -0.0109197 ; -0.00741209 ; 102.276;
18 ; 31 ; 5 ; -0.00671323 ; -0.0167549 ; 0.016079 ; 102.058;
19 ; 31 ; 5 ; 0.00565418 ; -0.00171693 ; 0.0143694 ; 102.34;
20 ; 31 ; 5 ; 0.00223058 ; -0.0221735 ; 0.00532053 ; 102.22;
21 ; 31 ; 5 ; 0.00520605 ; -0.0126012 ; 0.0157184 ; 102.213;
22 ; 31 ; 5 ; -0.00659689 ; -0.0108022 ; 0.0060692 ; 102.426;
23 ; 31 ; 5 ; -0.00745256 ; -0.00978872 ; 0.000938125 ; 102.244;
24 ; 31 ; 5 ; -0.0163885 ; -0.00663775 ; 0.00304132 ; 102.612;
25 ; 31 ; 5 ; -0.0124582 ; -0.013625 ; -0.00452482 ; 102.871;
26 ; 31 ; 5 ; -0.0127507 ; -0.0169755 ; 0.00113551 ; 103.231;
27 ; 31 ; 5 ; -0.0154274 ; -0.0197254 ; 0.0114723 ; 102.841;
28 ; 31 ; 5 ; -0.00624403 ; -0.00718457 ; -0.00178787 ; 102.732;
29 ; 31 ; 5 ; -0.00222851 ; -0.00177522 ; -0.00389 ; 102.908;
30 ; 31 ; 5 ; -0.00617489 ; 0.00760184 ; 0.0118209 ; 102.572;
31 ; 31 ; 5 ; -0.0197918 ; -0.00175025 ; 0.00837839 ; 102.795;
32 ; 31 ; 5 ; -0.0152512 ; -0.00995727 ; 0.00839456 ; 103.222;
33 ; 31 ; 5 ; -0.00600692 ; -0.00711604 ; -0.00289683 ; 103.277;
4 ; 32 ; 5 ; -0.00413107 ; -0.0151826 ; 0.00512858 ; 103.259;
5 ; 32 ; 5 ; 0.00303858 ; -0.00208649 ; 0.0122812 ; 103.246;
6 ; 32 ; 5 ; 0.00470432 ; 0.00311757 ; 0.02284 ; 103.054;
7 ; 32 ; 5 ; 0.00860372 ; -0.00474441 ; 0.00907405 ; 103.517;
8 ; 32 ; 5 ; 0.01618 ; -0.00180111 ; -0.000845698 ; 102.955;
9 ; 32 ; 5 ; 0.00706925 ; -0.0121128 ; 0.018634 ; 102.979;
10 ; 32 ; 5 ; 0.0123069 ; -0.0163369 ; 0.0103959 ; 102.913;
11 ; 32 ; 5 ; 0.0101063 ; -0.0112374 ; 0.00631085 ; 102.884;
12 ; 32 ; 5 ; 0.00956287 ; -0.00575657 ; 0.00431168 ; 102.74;
13 ; 32 ; 5 ; 0.00278507 ; -0.029486 ; 0.00374213 ; 102.958;
14 ; 32 ; 5 ; 0.00346129 ; -0.0093057 ; 0.00744037 ; 102.844;
15 ; 32 ; 5 ; -0.00143336 ; -0.0256124 ; 0.0116183 ; 102.628;
16 ; 32 ; 5 ; -0.0110579 ; -0.0121519 ; -0.00860185 ; 102.582;
17 ; 32 ; 5 ; 0.000414808 ; -0.0179925 ; -0.0144201 ; 102.418;
18 ; 32 ; 5 ; -0.00479723 ; -0.0196028 ; 0.0105195 ; 102.372;
19 ; 32 ; 5 ; -0.00996047 ; -0.00968995 ; 0.00853883 ; 102.927;
20 ; 32 ; 5 ; 0.00363558 ; -0.0049347 ; 0.0144522 ; 102.617;
21 ; 32 ; 5 ; -0.0137767 ; -0.0107842 ; 0.00183973 ; 102.735;
22 ; 32 ; 5 ; 0.0028652 ; -0.0121202 ; 0.0146316 ; 102.682;
23 ; 32 ; 5 ; -0.0123855 ; -0.00338849 ; -0.00247287 ; 102.86;
24 ; 32 ; 5 ; -0.00682458 ; -0.0166163 ; 0.00833855 ; 102.386;
25 ; 32 ; 5 ; -0.00281212 ; -0.00590228 ; -0.000837107 ; 102.381;
26 ; 32 ; 5 ; -0.00228527 ; -0.0318296 ; 0.00373208 ; 102.518;
27 ; 32 ; 5 ; -0.0171633 ; -0.012272 ; 0.00104763 ; 103.049;
28 ; 32 ; 5 ; -0.0166454 ; -0.00749906 ; 0.0126099 ; 102.601;
29 ; 32 ; 5 ; -0.0190694 ; -0.00131602 ; 0.00380037 ; 103.266;
30 ; 32 ; 5 ; -0.00712727 ; -0.00570054 ; 0.00983606 ; 102.761;
31 ; 32 ; 5 ; -0.00134393 ; -0.0119507 ; 0.00661941 ; 102.951;
32 ; 32 ; 5 ; -0.00379462 ; -0.00419992 ; -0.00529069 ; 103.037;
33 ; 32 ; 5 ; -0.0118206 ; -0.00161852 ; -0.00593685 ; 102.497;
4 ; 33 ; 5 ; 0.0092054 ; -0.00224908 ; 0.00831307 ; 103.253;
5 ; 33 ; 5 ; 0.0143067 ; -0.0101002 ; 0.0131343 ; 103.013;
6 ; 33 ; 5 ; 0.0122353 ; 0.00532472 ; 0.00423335 ; 102.795;
7 ; 33 ; 5 ; 0.0149499 ; -0.00127086 ; 0.00811644 ; 103.229;
8 ; 33 ; 5 ; 0.024113 ; -0.00259594 ; 0.0178938 ; 102.798;
9 ; 33 ; 5 ; 0.0186714 ; 0.00951667 ; 0.0169547 ; 102.861;
10 ; 33 ; 5 ; 0.00957577 ; -0.00931765 ; 0.00690893 ; 102.461;
11 ; 33 ; 5 ; 0.0104803 ; 0.00139509 ; -0.00420043 ; 102.89;
12 ; 33 ; 5 ; 0.0119046 ; 0.00525251 ; 0.00907864 ; 102.58;
13 ; 33 ; 5 ; -0.00601435 ; -0.0139169 ; 0.002956 ; 102.454;
14 ; 33 ; 5 ; -0.0146992 ; 0.000279505 ; 0.0115833 ; 102.697;
15 ; 33 ; 5 ; -0.00728624 ; -0.00302886 ; 0.0154485 ; 102.029;
16 ; 33 ; 5 ; -0.0187683 ; -0.0129645 ; 0.0019656 ; 102.808;
17 ; 33 ; 5 ; -0.00244652 ; 0.00271842 ; 0.0200602 ; 102.646;
18 ; 33 ; 5 ; 0.00377829 ; -0.00885105 ; 0.00211386 ; 102.435;
19 ; 33 ; 5 ; 0.00394624 ; -0.000907855 ; 0.0090608 ; 102.619;
20 ; 33 ; 5 ; 0.00131558 ; -0.0113258 ; 0.0271256 ; 102.506;
21 ; 33 ; 5 ; -0.00060039 ; -0.0156645 ; -0.00065202 ; 102.465;
22 ; 33 ; 5 ; -0.00263028 ; -0.00391801 ; 0.0168824 ; 102.675;
23 ; 33 ; 5 ; -0.00126757 ; -0.00806736 ; -0.000186161 ; 102.623;
24 ; 33 ; 5 ; 0.0113671 ; -0.012449 ; 0.00556678 ; 102.121;
25 ; 33 ; 5 ; 0.000458654 ; -0.0101206 ; 0.011572 ; 102.814;
26 ; 33 ; 5 ; -0.0122923 ; -0.001925 ; 0.0144224 ; 102.507;
27 ; 33 ; 5 ; -0.0165184 ; 0.0109397 ; -0.000392935 ; 103.06;
28 ; 33 ; 5 ; -0.0129174 ; -0.013509 ; 0.00872187 ; 103.045;
29 ; 33 ; 5 ; -0.019035 ; -0.00322422 ; 0.000414246 ; 102.976;
30 ; 33 ; 5 ; -0.00308096 ; -0.00438121 ; 0.00323039 ; 102.759;
31 ; 33 ; 5 ; 0.00330236 ; 0.00394489 ; 0.00415626 ; 103.268;
32 ; 33 ; 5 ; 0.0017402 ; -0.0107415 ; 0.000938531 ; 102.842;
33 ; 33 ; 5 ; 0.00350252 ; 0.00558548 ; 0.00457779 ; 103.26;
4 ; 4 ; 6 ; -0.00547434 ; 0.00379754 ; 0.0185255 ; 103.377;
5 ; 4 ; 6 ; 0.00861969 ; 0.0129152 ; 0.00550107 ; 103.285;
6 ; 4 ; 6 ; 0.0113746 ; 0.00886269 ; 0.00942565 ; 102.492;
7 ; 4 ; 6 ; -0.0103527 ; 0.0184797 ; 0.0132442 ; 102.863;
8 ; 4 ; 6 ; 0.0116985 ; -0.0120612 ; 0.0123674 ; 103.032;
9 ; 4 ; 6 ; -0.00577438 ; -0.000528968 ; 0.0222589 ; 102.811;
10 ; 4 ; 6 ; 0.0058889 ; -0.0128775 ; 0.00670059 ; 102.897;
11 ; 4 ; 6 ; 0.0136637 ; 0.0023854 ; 0.0149558 ; 102.737;
12 ; 4 ; 6 ; 0.00787712 ; -0.00352141 ; 0.0104074 ; 102.787;
13 ; 4 ; 6 ; 0.0119189 ; -0.00338703 ; -0.000533511 ; 102.971;
14 ; 4 ; 6 ; -0.00425405 ; -0.00836968 ; 0.0039181 ; 102.214;
15 ; 4 ; 6 ; 0.00506072 ; 0.0063047 ; 0.0171982 ; 102.343;
16 ; 4 ; 6 ; -0.0113505 ; -0.0187213 ; 0.0240621 ; 102.645;
17 ; 4 ; 6 ; 0.00525108 ; 0.00937372 ; 0.0172503 ; 102.589;
18 ; 4 ; 6 ; -0.000240525 ; -0.002549 ; 0.0100489 ; 102.096;
19 ; 4 ; 6 ; -0.00630936 ; -0.00176691 ; 0.0115219 ; 102.6;
20 ; 4 ; 6 ; -0.0015303 ; 0.016278 ; 0.022792 ; 102.613;
21 ; 4 ; 6 ; 0.00450328 ; 0.0063838 ; 0.00970485 ; 102.813;
22 ; 4 ; 6 ; 0.0018176 ; -0.000196353 ; 0.0115549 ; 102.885;
23 ; 4 ; 6 ; -0.0119721 ; -0.00281221 ; -0.000917801 ; 102.79;
24 ; 4 ; 6 ; -0.0141619 ; 0.000346549 ; -0.00331032 ; 102.776;
25 ; 4 ; 6 ; 0.00200654 ; 0.00159118 ; 0.00775796 ; 102.418;
26 ; 4 ; 6 ; -0.00718483 ; 0.0135949 ; 0.00624824 ; 103.179;
27 ; 4 ; 6 ; -0.0127906 ; 0.0123682 ; -0.00635455 ; 102.816;
28 ; 4 ; 6 ; -0.0142265 ; 0.000358816 ; 0.00817522 ; 103.11;
29 ; 4 ; 6 ; -0.0124977 ; -0.00768215 ; 0.00228619 ; 103.168;
30 ; 4 ; 6 ; -0.0203965 ; 0.00240153 ; -0.00360415 ; 102.802;
31 ; 4 ; 6 ; 0.00399647 ; 0.00613518 ; 0.0162773 ; 102.688;
32 ; 4 ; 6 ; -0.0139225 ; 0.0196013 ; 0.0155432 ; 102.622;
33 ; 4 ; 6 ; -0.0027679 ; 0.00555577 ; 0.00477603 ; 102.769;
4 ; 5 ; 6 ; 0.00868434 ; 0.00041628 ; 0.00833898 ; 103.254;
5 ; 5 ; 6 ; 0.0148273 ; 0.0129176 ; 0.0133391 ; 103.49;
6 ; 5 ; 6 ; 0.00850462 ; 0.0125644 ; 0.0152491 ; 102.99;
7 ; 5 ; 6 ; 0.00581521 ; 0.0072748 ; 0.00657413 ; 103.222;
8 ; 5 ; 6 ; 0.0206441 ; 0.00292851 ; 0.009387 ; 102.926;
9 ; 5 ; 6 ; 0.0270816 ; 0.00398624 ; 0.0214958 ; 103.006;
10 ; 5 ; 6 ; 0.00851912 ; 0.0159579 ; -0.00387094 ; 103.069;
11 ; 5 ; 6 ; 0.0145514 ; 0.00652511 ; 0.00886687 ; 103.188;
12 ; 5 ; 6 ; 0.0170556 ; 0.00329727 ; 0.0111224 ; 103.054;
13 ; 5 ; 6 ; 0.00556977 ; -0.0035291 ; 0.00487842 ; 102.552;
14 ; 5 ; 6 ; 0.00715198 ; 0.00755459 ; 0.00872007 ; 102.647;
15 ; 5 ; 6 ; 0.00989914 ; 0.00395658 ; 0.0252959 ; 102.699;
16 ; 5 ; 6 ; 0.00081317 ; -0.00746272 ; 0.0111092 ; 102.745;
17 ; 5 ; 6 ; -0.00189648 ; 0.0152209 ; 0.00112051 ; 102.628;
18 ; 5 ; 6 ; 0.00569614 ; 0.00772104 ; 0.00853366 ; 102.48;
19 ; 5 ; 6 ; -0.00356003 ; -0.00526166 ; 0.0113352 ; 102.696;
20 ; 5 ; 6 ; -0.00198355 ; 0.00133473 ; 0.0113162 ; 102.865;
21 ; 5 ; 6 ; 0.00710069 ; -0.000994356 ; 0.00856762 ; 102.881;
22 ; 5 ; 6 ; 0.0145485 ; 0.0102804 ; 0.0175961 ; 103.062;
23 ; 5 ; 6 ; 0.00206695 ; 0.0178213 ; 0.0189445 ; 102.695;
24 ; 5 ; 6 ; 0.0157345 ; 0.00580804 ; -0.0104329 ; 102.808;
25 ; 5 ; 6 ; 0.000374179 ; 0.00915109 ; 0.0105921 ; 102.622;
26 ; 5 ; 6 ; -0.00629425 ; 0.00695297 ; 0.00696291 ; 102.698;
27 ; 5 ; 6 ; -0.0128315 ; 0.000548657 ; 0.0164375 ; 102.964;
28 ; 5 ; 6 ; -0.00638247 ; 0.0153303 ; 0.0128997 ; 103.001;
29 ; 5 ; 6 ; -0.0177155 ; 0.00787492 ; 0.00290972 ; 102.725;
30 ; 5 ; 6 ; -0.0127869 ; 0.00668049 ; 0.00817261 ; 103.243;
31 ; 5 ; 6 ; -0.0150809 ; 0.0111334 ; 0.0233196 ; 102.917;
32 ; 5 ; 6 ; -0.0205337 ; -0.000896344 ; 0.0178871 ; 102.757;
33 ; 5 ; 6 ; -0.00160354 ; 0.00147238 ; -0.000325581 ; 102.824;
4 ; 6 ; 6 ; 0.00260463 ; 0.0190666 ; 0.00216217 ; 102.737;
5 ; 6 ; 6 ; -0.00179666 ; 0.00965272 ; 0.0117414 ; 103.232;
6 ; 6 ; 6 ; 0.00648327 ; 0.00327136 ; -4.46779e-05 ; 102.631;
7 ; 6 ; 6 ; 0.00831188 ; -0.000354885 ; 0.0178345 ; 102.722;
8 ; 6 ; 6 ; 0.0107424 ; 0.0154277 ; 0.0150853 ; 102.97;
9 ; 6 ; 6 ; 0.00869663 ; 0.00961334 ; 0.0096114 ; 102.758;
10 ; 6 ; 6 ; 0.0125166 ; 0.0157202 ; -0.00159367 ; 103.062;
11 ; 6 ; 6 ; 0.0251289 ; 0.0120254 ; 0.0170316 ; 102.785;
12 ; 6 ; 6 ; 0.00482088 ; 0.00935218 ; 0.0224195 ; 103.275;
13 ; 6 ; 6 ; -0.00287701 ; 0.015452 ; 0.0334445 ; 102.456;
14 ; 6 ; 6 ; -0.000930123 ; 0.0100974 ; 0.0218099 ; 102.848;
15 ; 6 ; 6 ; 0.00115353 ; 0.010155 ; 0.019486 ; 102.698;
16 ; 6 ; 6 ; 0.00669579 ; 0.00383577 ; 0.00746125 ; 102.414;
17 ; 6 ; 6 ; 0.00263445 ; 0.0120739 ; 0.00484386 ; 102.281;
18 ; 6 ; 6 ; 0.00827137 ; 0.0110065 ; 0.0023244 ; 102.518;
19 ; 6 ; 6 ; -0.00977274 ; 0.011253 ; 0.015851 ; 102.648;
20 ; 6 ; 6 ; -0.00562562 ; 0.0171183 ; 0.0255313 ; 102.612;
21 ; 6 ; 6 ; -0.00427951 ; -0.00529513 ; 0.0238778 ; 102.531;
22 ; 6 ; 6 ; -0.00360115 ; 0.00835084 ; 0.0197912 ; 102.491;
23 ; 6 ; 6 ; 0.00863673 ; 0.0165069 ; 0.00879716 ; 102.729;
24 ; 6 ; 6 ; 0.00329644 ; 0.0127643 ; 0.00372149 ; 102.041;
25 ; 6 ; 6 ; -0.0110569 ; 0.0272955 ; -0.00396559 ; 102.278;
26 ; 6 ; 6 ; -0.00651117 ; 0.00518309 ; 0.0184215 ; 103.403;
27 ; 6 ; 6 ; -0.0127532 ; 0.0164501 ; 0.0161826 ; 102.73;
28 ; 6 ; 6 ; 0.00685494 ; 0.0226263 ; 0.00644653 ; 102.78;
29 ; 6 ; 6 ; -0.0204394 ; 0.0131444 ; -0.00432183 ; 102.748;
30 ; 6 ; 6 ; -0.0154842 ; 0.00387702 ; -0.00151771 ; 103.069;
31 ; 6 ; 6 ; -0.00789242 ; 0.00716724 ; 0.019457 ; 102.908;
32 ; 6 ; 6 ; -0.00514096 ; 0.0112703 ; 0.00160064 ; 102.792;
33 ; 6 ; 6 ; -0.0064773 ; 0.0139092 ; -0.000494797 ; 103.041;
4 ; 7 ; 6 ; 0.000381542 ; -0.0115852 ; 0.00764975 ; 102.96;
5 ; 7 ; 6 ; -0.000687434 ; -0.000961282 ; 0.0110221 ; 102.62;
6 ; 7 ; 6 ; 0.0155452 ; 0.0125004 ; 0.0107984 ; 103.441;
7 ; 7 ; 6 ; 0.0126987 ; 0.0185844 ; -0.00186213 ; 102.884;
8 ; 7 ; 6 ; 0.0033127 ; 0.0130167 ; 0.00645541 ; 103.269;
9 ; 7 ; 6 ; 0.00824929 ; 0.0169318 ; -0.00115676 ; 103.144;
10 ; 7 ; 6 ; 0.0098534 ; 0.0150472 ; 0.0132175 ; 102.596;
11 ; 7 ; 6 ; 0.00906017 ; 0.0214359 ; -0.00466759 ; 102.651;
12 ; 7 ; 6 ; 0.0105834 ; 0.00803314 ; 0.0133363 ; 102.74;
13 ; 7 ; 6 ; 0.00305741 ; 0.0161513 ; 0.00186679 ; 102.825;
14 ; 7 ; 6 ; -0.00407396 ; 0.00927556 ; 0.0211076 ; 102.444;
15 ; 7 ; 6 ; -0.00415239 ; 0.0067217 ; 0.00923708 ; 102.915;
16 ; 7 ; 6 ; -0.000934223 ; 0.0110596 ; 0.00617461 ; 102.355;
17 ; 7 ; 6 ; -0.00837602 ; 0.00715275 ; 0.0233864 ; 102.458;
18 ; 7 ; 6 ; -0.00934588 ; 0.0186647 ; 0.0141535 ; 102.293;
19 ; 7 ; 6 ; -0.00543931 ; -0.00933846 ; -0.00226079 ; 102.901;
20 ; 7 ; 6 ; -0.00224384 ; 0.0245011 ; 0.0136184 ; 102.457;
21 ; 7 ; 6 ; -0.00172212 ; 0.0152137 ; 0.00361888 ; 102.634;
22 ; 7 ; 6 ; -0.00731477 ; 0.021416 ; 0.0141522 ; 102.511;
23 ; 7 ; 6 ; 0.00321753 ; 0.0072891 ; 0.0255095 ; 102.662;
24 ; 7 ; 6 ; -0.00887072 ; 0.0121162 ; 0.0149357 ; 102.503;
25 ; 7 ; 6 ; -0.00924274 ; 0.0334705 ; 0.0105165 ; 102.99;
26 ; 7 ; 6 ; -0.0122665 ; 0.0168638 ; 0.00422772 ; 102.69;
27 ; 7 ; 6 ; -0.00696302 ; 0.0212083 ; 0.0214893 ; 102.895;
28 ; 7 ; 6 ; -0.00535735 ; 0.0319789 ; 0.0162612 ; 102.909;
29 ; 7 ; 6 ; -0.0174126 ; 0.0229037 ; 0.00892213 ; 102.724;
30 ; 7 ; 6 ; -0.0144498 ; 0.0196888 ; 0.0135897 ; 103.383;
31 ; 7 ; 6 ; -0.012186 ; -0.0040975 ; 0.00682808 ; 102.86;
32 ; 7 ; 6 ; -0.0186574 ; 0.0121459 ; 0.017193 ; 102.849;
33 ; 7 ; 6 ; -0.015687 ; 0.010351 ; -0.00930473 ; 103.06;
4 ; 8 ; 6 ; 0.000996595 ; 0.0043539 ; 0.00120019 ; 102.869;
5 ; 8 ; 6 ; 0.00864997 ; 0.0083247 ; 0.00973922 ; 102.871;
6 ; 8 ; 6 ; 0.0048239 ; 0.0131898 ; 0.0113518 ; 102.91;
7 ; 8 ; 6 ; 0.00541359 ; 0.014559 ; 0.0118598 ; 102.641;
8 ; 8 ; 6 ; 0.012064 ; 0.0226796 ; 0.0185975 ; 102.78;
9 ; 8 ; 6 ; 0.00585027 ; 0.00125003 ; 0.00827872 ; 102.71;
10 ; 8 ; 6 ; 0.00635053 ; 0.00861136 ; 0.00806598 ; 102.522;
11 ; 8 ; 6 ; -0.00126861 ; 0.0164157 ; 0.011235 ; 102.722;
12 ; 8 ; 6 ; -0.00648707 ; 0.0115431 ; 0.0170481 ; 102.714;
13 ; 8 ; 6 ; 0.00792554 ; 0.0121425 ; 0.00272267 ; 102.233;
14 ; 8 ; 6 ; -0.00135708 ; 0.0220459 ; 0.0182159 ; 102.806;
15 ; 8 ; 6 ; -0.00577674 ; 0.0218596 ; 0.00633377 ; 102.642;
16 ; 8 ; 6 ; 0.00442036 ; 0.0214572 ; 0.00928499 ; 102.499;
17 ; 8 ; 6 ; -0.0045098 ; 0.0200866 ; -0.00147738 ; 102.922;
18 ; 8 ; 6 ; -0.000225144 ; 0.0134943 ; 0.0108671 ; 102.734;
19 ; 8 ; 6 ; -0.00785821 ; 0.0135207 ; 0.0110177 ; 102.611;
20 ; 8 ; 6 ; 0.00656955 ; 0.0138957 ; 0.00592909 ; 102.321;
21 ; 8 ; 6 ; -0.0172583 ; 0.0316843 ; 0.0129917 ; 102.456;
22 ; 8 ; 6 ; -0.00531439 ; 0.0249262 ; 0.0189714 ; 102.526;
23 ; 8 ; 6 ; -0.00277958 ; 0.0221725 ; 0.00240156 ; 102.454;
24 ; 8 ; 6 ; 0.00695415 ; 0.0119352 ; 0.0151745 ; 102.759;
25 ; 8 ; 6 ; -0.00492025 ; 0.030092 ; 0.0172287 ; 103.102;
26 ; 8 ; 6 ; -0.00353763 ; 0.00514231 ; 0.0177699 ; 102.874;
27 ; 8 ; 6 ; -0.0101352 ; 0.0106288 ; 0.019217 ; 103.006;
28 ; 8 ; 6 ; -0.00616105 ; 0.0151799 ; 0.00283475 ; 103.186;
29 ; 8 ; 6 ; -0.0181311 ; 0.0288929 ; 0.00356459 ; 103.157;
30 ; 8 ; 6 ; -0.0224541 ; 0.0175484 ; 0.00350899 ; 102.651;
31 ; 8 ; 6 ; -0.00826878 ; 0.0116948 ; 0.00283221 ; 102.948;
32 ; 8 ; 6 ; -0.000379853 ; 0.0131081 ; 0.00577848 ; 102.876;
33 ; 8 ; 6 ; -0.00448307 ; 0.00338809 ; 0.0114871 ; 102.833;
4 ; 9 ; 6 ; 0.0130816 ; 5.33889e-05 ; -0.000280344 ; 103.279;
5 ; 9 ; 6 ; 0.0121838 ; 0.00769882 ; 0.00428288 ; 102.802;
6 ; 9 ; 6 ; 0.00850371 ; 0.0257267 ; 0.0113159 ; 102.537;
7 ; 9 ; 6 ; 0.00512091 ; 0.0261811 ; 0.0144997 ; 103.166;
8 ; 9 ; 6 ; 0.014267 ; 0.0193851 ; -0.0128237 ; 103.562;
9 ; 9 ; 6 ; -0.00526033 ; 0.0131119 ; 0.00965461 ; 103.155;
10 ; 9 ; 6 ; 0.0168278 ; 0.015666 ; 0.0128757 ; 102.771;
11 ; 9 ; 6 ; 0.00980423 ; 0.0163635 ; -0.0034836 ; 102.805;
12 ; 9 ; 6 ; 0.0124964 ; 0.0245567 ; 0.0103877 ; 102.582;
13 ; 9 ; 6 ; -0.00678147 ; 0.0220574 ; 0.0169097 ; 102.876;
14 ; 9 ; 6 ; 0.0144462 ; 0.0215611 ; 0.0163792 ; 102.784;
15 ; 9 ; 6 ; 0.00109281 ; 0.0300898 ; 0.0304387 ; 102.078;
16 ; 9 ; 6 ; -0.00623236 ; 0.0229695 ; 0.00453684 ; 102.812;
17 ; 9 ; 6 ; -0.015953 ; 0.0139687 ; 0.00790475 ; 102.208;
18 ; 9 ; 6 ; -0.0012458 ; 0.0182627 ; 0.0132506 ; 102.109;
19 ; 9 ; 6 ; -0.00559916 ; 0.0220472 ; 0.00404882 ; 102.483;
20 ; 9 ; 6 ; -0.00336409 ; 0.0208014 ; 0.0054181 ; 102.801;
21 ; 9 ; 6 ; 0.00349897 ; 0.0257277 ; 0.00694475 ; 102.124;
22 ; 9 ; 6 ; -0.004329 ; 0.0242883 ; 0.0059484 ; 102.463;
23 ; 9 ; 6 ; 0.00463406 ; 0.000657278 ; 0.0127428 ; 102.123;
24 ; 9 ; 6 ; -0.00503636 ; 0.0306768 ; 0.0210699 ; 102.252;
25 ; 9 ; 6 ; -0.00676273 ; 0.0227353 ; -0.00503457 ; 102.592;
26 ; 9 ; 6 ; -0.00750803 ; 0.0256135 ; 0.0145401 ; 102.726;
27 ; 9 ; 6 ; -0.017259 ; 0.0175553 ; 0.0147756 ; 103.299;
28 ; 9 ; 6 ; -0.00497372 ; 0.02557 ; 0.0225914 ; 102.644;
29 ; 9 ; 6 ; -0.00816266 ; 0.0157031 ; 0.00380536 ; 103.235;
30 ; 9 ; 6 ; -0.0196428 ; -0.00228095 ; 0.0065378 ; 102.863;
31 ; 9 ; 6 ; -0.00367812 ; 0.0196631 ; 0.0127134 ; 103.021;
32 ; 9 ; 6 ; -9.43745e-05 ; 0.00667088 ; 0.0173309 ; 102.873;
33 ; 9 ; 6 ; -0.005109 ; 0.0158422 ; 0.00472592 ; 103.148;
4 ; 10 ; 6 ; 0.0156236 ; 0.0113772 ; 0.00574491 ; 103.259;
5 ; 10 ; 6 ; 0.000552416 ; 0.0125748 ; 0.00598832 ; 103.006;
6 ; 10 ; 6 ; 0.00314335 ; 0.00112813 ; 0.0234937 ; 102.335;
7 ; 10 ; 6 ; 0.00516614 ; 0.00228291 ; 0.0138245 ; 102.813;
8 ; 10 ; 6 ; 0.00392067 ; 0.00614033 ; 0.00507601 ; 103.354;
9 ; 10 ; 6 ; 0.0203415 ; 0.00234922 ; 0.0112732 ; 102.284;
10 ; 10 ; 6 ; -0.000672554 ; 0.00967709 ; 0.0146621 ; 102.662;
11 ; 10 ; 6 ; 0.0224214 ; 0.0114831 ; 0.00845696 ; 102.808;
12 ; 10 ; 6 ; 0.0189616 ; 0.020846 ; 0.00541374 ; 102.99;
13 ; 10 ; 6 ; -0.00296506 ; 0.0108224 ; 0.0172229 ; 102.215;
14 ; 10 ; 6 ; -0.00260755 ; 0.0153753 ; -0.00120331 ; 102.801;
15 ; 10 ; 6 ; -0.0187516 ; 0.023544 ; 0.0150286 ; 102.698;
16 ; 10 ; 6 ; -0.00741943 ; 0.0242332 ; 0.0197322 ; 102.528;
17 ; 10 ; 6 ; -0.00525879 ; 0.0102811 ; 0.0165742 ; 102.198;
18 ; 10 ; 6 ; -0.00738412 ; 0.0205802 ; 0.0221005 ; 102.3;
19 ; 10 ; 6 ; 0.00102909 ; 0.0246357 ; 0.018157 ; 102.189;
20 ; 10 ; 6 ; -0.00172559 ; 0.0154861 ; 0.0117956 ; 102.453;
21 ; 10 ; 6 ; -0.0120904 ; 0.0251501 ; 0.0236021 ; 102.273;
22 ; 10 ; 6 ; -0.000881306 ; 0.0146908 ; 0.000209332 ; 102.387;
23 ; 10 ; 6 ; 0.000501497 ; 0.00605608 ; 0.00989012 ; 102.837;
24 ; 10 ; 6 ; 0.0043169 ; 0.0149023 ; 0.00545549 ; 102.953;
25 ; 10 ; 6 ; -0.00782725 ; 0.00785408 ; -0.00623182 ; 102.385;
26 ; 10 ; 6 ; -0.0058103 ; 0.0200948 ; 0.00498631 ; 102.408;
27 ; 10 ; 6 ; -0.0224861 ; 0.018232 ; 0.0124917 ; 102.884;
28 ; 10 ; 6 ; -0.0133071 ; 0.0219586 ; -0.00321994 ; 102.819;
29 ; 10 ; 6 ; -0.0151173 ; 0.0137497 ; 0.0138992 ; 102.78;
30 ; 10 ; 6 ; -0.00537637 ; 0.0117742 ; 0.00152389 ; 103.017;
31 ; 10 ; 6 ; -0.00324223 ; 0.00957956 ; 0.0113417 ; 102.994;
32 ; 10 ; 6 ; -0.00869953 ; 0.01315 ; 0.00524981 ; 102.545;
33 ; 10 ; 6 ; -0.0222113 ; 0.00875159 ; 0.0039131 ; 102.974;
4 ; 11 ; 6 ; 0.012274 ; 0.0123416 ; 0.0267661 ; 102.524;
5 ; 11 ; 6 ; 0.00951972 ; 1.44708e-06 ; 0.0142509 ; 102.59;
6 ; 11 ; 6 ; 0.00147355 ; 0.00214233 ; 0.0199313 ; 102.923;
7 ; 11 ; 6 ; 0.00919098 ; 0.00219965 ; 0.00645659 ; 102.635;
8 ; 11 ; 6 ; 0.0233584 ; 0.00603448 ; 0.0019616 ; 102.814;
9 ; 11 ; 6 ; 0.0150813 ; 0.01447 ; 0.0132284 ; 102.973;
10 ; 11 ; 6 ; 0.015352 ; 0.00705911 ; 0.016356 ; 102.843;
11 ; 11 ; 6 ; 0.0302935 ; 0.0159229 ; 0.0145859 ; 103.254;
12 ; 11 ; 6 ; 0.0140846 ; 0.0124991 ; 0.0163373 ; 102.75;
13 ; 11 ; 6 ; -0.00375009 ; 0.0127718 ; 0.012029 ; 102.592;
14 ; 11 ; 6 ; 0.00757468 ; 0.0152462 ; 0.0236753 ; 102.32;
15 ; 11 ; 6 ; 0.00345364 ; 0.00941532 ; 0.0199883 ; 102.747;
16 ; 11 ; 6 ; 0.000189776 ; 0.00931777 ; 0.00508577 ; 102.092;
17 ; 11 ; 6 ; -0.0132664 ; 0.028998 ; 0.0161788 ; 102.174;
18 ; 11 ; 6 ; 0.00372341 ; 0.0177845 ; 0.0129634 ; 102.595;
19 ; 11 ; 6 ; 0.0029333 ; 0.0229475 ; 0.0116314 ; 102.422;
20 ; 11 ; 6 ; 0.0061529 ; 0.00372908 ; 0.0153304 ; 102.191;
21 ; 11 ; 6 ; -0.00838811 ; 0.0169676 ; 0.016598 ; 102.413;
22 ; 11 ; 6 ; 0.00949315 ; 0.00395691 ; 0.0117932 ; 102.599;
23 ; 11 ; 6 ; -0.007419 ; 0.0192505 ; 0.0262257 ; 102.404;
24 ; 11 ; 6 ; -0.0125857 ; 0.00633802 ; 0.00750379 ; 102.882;
25 ; 11 ; 6 ; -0.00690929 ; 0.00632069 ; 0.00363088 ; 102.613;
26 ; 11 ; 6 ; -0.00932713 ; 0.01113 ; -0.00224209 ; 102.608;
27 ; 11 ; 6 ; -0.0218626 ; 0.0295522 ; 0.00934153 ; 102.806;
28 ; 11 ; 6 ; -0.00554128 ; 3.80598e-05 ; 0.0120741 ; 102.982;
29 ; 11 ; 6 ; -0.0149276 ; 0.0214731 ; 0.00872086 ; 102.94;
30 ; 11 ; 6 ; -0.010178 ; 0.0145568 ; 0.0187424 ; 102.713;
31 ; 11 ; 6 ; -0.00159441 ; 0.0137977 ; 0.019389 ; 102.856;
32 ; 11 ; 6 ; -0.0204129 ; 0.010533 ; 0.0197464 ; 102.903;
33 ; 11 ; 6 ; -0.0103925 ; 0.0118232 ; 0.00954294 ; 102.704;
4 ; 12 ; 6 ; -0.00194607 ; 0.00748886 ; 0.0256012 ; 102.61;
5 ; 12 ; 6 ; 0.015661 ; 0.00187133 ; 0.0136092 ; 103.073;
6 ; 12 ; 6 ; 0.0219289 ; -0.00132003 ; 0.0124192 ; 103.12;
7 ; 12 ; 6 ; 0.0204718 ; -0.0021276 ; 0.00685127 ; 102.679;
8 ; 12 ; 6 ; 0.0166126 ; 0.0023256 ; 0.000822304 ; 102.576;
9 ; 12 ; 6 ; 0.0181474 ; 0.0149063 ; 0.00561014 ; 103.33;
10 ; 12 ; 6 ; 0.0130624 ; 0.0213806 ; 0.0135545 ; 102.448;
11 ; 12 ; 6 ; 0.0139113 ; 0.0209545 ; 0.00981083 ; 102.607;
12 ; 12 ; 6 ; 0.00978571 ; 0.0147456 ; 0.0119099 ; 102.392;
13 ; 12 ; 6 ; -0.00211331 ; 0.0138691 ; 0.00355812 ; 102.298;
14 ; 12 ; 6 ; 0.003117 ; 0.00938404 ; 0.0123786 ; 102.261;
15 ; 12 ; 6 ; -0.00482238 ; -0.00223648 ; 0.0217172 ; 102.162;
16 ; 12 ; 6 ; -0.00557448 ; 0.00573284 ; 0.0161789 ; 102.194;
17 ; 12 ; 6 ; 0.000842328 ; 0.00743732 ; 0.0178437 ; 102.591;
18 ; 12 ; 6 ; 0.00864644 ; 0.00730071 ; 0.0101072 ; 102.252;
19 ; 12 ; 6 ; -0.00199392 ; 0.0245317 ; 0.0127893 ; 102.195;
20 ; 12 ; 6 ; -0.00274306 ; 0.00954745 ; 0.0159145 ; 102.06;
21 ; 12 ; 6 ; 0.00659 ; 0.00944608 ; 0.0257167 ; 102.307;
22 ; 12 ; 6 ; 0.000807125 ; 0.00353618 ; 0.00377136 ; 102.069;
23 ; 12 ; 6 ; -4.0913e-05 ; 0.00985978 ; 0.00819789 ; 102.518;
24 ; 12 ; 6 ; 0.00175469 ; 0.00501832 ; 0.0257509 ; 102.395;
25 ; 12 ; 6 ; -0.0124283 ; 0.00430454 ; 0.00537335 ; 102.378;
26 ; 12 ; 6 ; -0.02222 ; 0.00152598 ; 0.0158311 ; 102.693;
27 ; 12 ; 6 ; -0.0212929 ; 0.0186307 ; 0.0123471 ; 102.615;
28 ; 12 ; 6 ; -0.0240506 ; 0.00218247 ; 0.00474397 ; 103.234;
29 ; 12 ; 6 ; -0.015097 ; 0.00895604 ; 0.00639842 ; 102.58;
30 ; 12 ; 6 ; -0.00860953 ; 0.0209683 ; 0.00594153 ; 103.057;
31 ; 12 ; 6 ; -0.017254 ; 0.00318037 ; 0.0126859 ; 102.389;
32 ; 12 ; 6 ; -0.00837718 ; 0.0156197 ; 0.0090359 ; 102.955;
33 ; 12 ; 6 ; 0.00121035 ; 0.00481438 ; 0.0185417 ; 102.653;
4 ; 13 ; 6 ; 0.00387682 ; -0.00203812 ; 0.0103464 ; 102.933;
5 ; 13 ; 6 ; 0.00799509 ; 0.0125804 ; 0.0198194 ; 102.86;
6 ; 13 ; 6 ; 0.0170515 ; 0.00740976 ; 0.0317409 ; 102.569;
7 ; 13 ; 6 ; 0.0123661 ; 0.00887049 ; 0.0104633 ; 102.672;
8 ; 13 ; 6 ; 0.0100864 ; 0.012437 ; 0.00550161 ; 103.068;
9 ; 13 ; 6 ; 0.0167087 ; 0.010224 ; 0.0140522 ; 102.764;
10 ; 13 ; 6 ; 0.0165961 ; 0.0158234 ; 0.0102452 ; 103.059;
11 ; 13 ; 6 ; 0.0231659 ; -0.001727 ; 0.0117387 ; 102.757;
12 ; 13 ; 6 ; 0.0110197 ; -0.0094913 ; 0.00685129 ; 102.271;
13 ; 13 ; 6 ; 0.000664416 ; -0.00414332 ; 0.0269562 ; 102.35;
14 ; 13 ; 6 ; 0.00799174 ; 0.0125224 ; 0.0140627 ; 102.175;
15 ; 13 ; 6 ; 0.00112698 ; -0.0135346 ; 0.0100397 ; 102.358;
16 ; 13 ; 6 ; 0.00627645 ; -0.00287075 ; 0.0285885 ; 101.83;
17 ; 13 ; 6 ; 0.00281981 ; 0.0029422 ; 0.0079749 ; 102.666;
18 ; 13 ; 6 ; -0.00443007 ; 0.00264925 ; 0.00998765 ; 102.263;
19 ; 13 ; 6 ; 0.00456699 ; -0.00502452 ; 0.027311 ; 102.16;
20 ; 13 ; 6 ; 0.0115616 ; 0.0203278 ; 0.0154991 ; 102.628;
21 ; 13 ; 6 ; -0.000255926 ; 0.00475124 ; 0.0121805 ; 102.304;
22 ; 13 ; 6 ; 0.00163751 ; 0.00579307 ; 0.0079236 ; 102.28;
23 ; 13 ; 6 ; -0.00542835 ; -0.0037491 ; 0.00140075 ; 102.687;
24 ; 13 ; 6 ; -0.0025754 ; 0.00735121 ; 0.0310723 ; 102.322;
25 ; 13 ; 6 ; 0.00251215 ; 0.0043894 ; 0.0175982 ; 102.676;
26 ; 13 ; 6 ; -0.0166206 ; 0.00287162 ; 0.0123537 ; 102.198;
27 ; 13 ; 6 ; -0.0195682 ; 0.00763597 ; 0.0108764 ; 102.608;
28 ; 13 ; 6 ; -0.0187866 ; 0.00657776 ; 0.019467 ; 102.381;
29 ; 13 ; 6 ; 0.000192074 ; 0.00806684 ; 0.0181213 ; 102.863;
30 ; 13 ; 6 ; -0.00582719 ; 0.00770561 ; 0.00311782 ; 102.818;
31 ; 13 ; 6 ; -0.00575853 ; 0.00549994 ; 0.0111928 ; 102.342;
32 ; 13 ; 6 ; -0.0148937 ; -0.00826167 ; 0.0174892 ; 102.701;
33 ; 13 ; 6 ; 0.00610442 ; 0.00223617 ; 0.0167497 ; 103.074;
4 ; 14 ; 6 ; 0.00157371 ; 0.00252348 ; 0.0145428 ; 102.923;
5 ; 14 ; 6 ; -0.00223289 ; 0.000385993 ; 0.01521 ; 102.582;
6 ; 14 ; 6 ; 0.00589836 ; -0.0140681 ; 0.0107125 ; 102.065;
7 ; 14 ; 6 ; 0.00636216 ; 0.0133535 ; 0.0109781 ; 102.551;
8 ; 14 ; 6 ; 0.00772486 ; -0.00400606 ; 0.00509179 ; 102.093;
9 ; 14 ; 6 ; 0.0189302 ; -0.00660729 ; 0.0122531 ; 102.717;
10 ; 14 ; 6 ; 0.0158359 ; 0.00901769 ; 0.0220607 ; 102.512;
11 ; 14 ; 6 ; 0.0173677 ; 0.00299994 ; 0.0238936 ; 102.685;
12 ; 14 ; 6 ; 0.00871992 ; -0.00845084 ; 0.0141451 ; 102.36;
13 ; 14 ; 6 ; 0.0101693 ; 0.00278533 ; 0.0290573 ; 102.275;
14 ; 14 ; 6 ; -0.00266639 ; 0.00148132 ; 0.0174903 ; 102.102;
15 ; 14 ; 6 ; 0.00731649 ; -0.00334068 ; 0.0129387 ; 102.009;
16 ; 14 ; 6 ; 0.00787222 ; 0.00395771 ; 0.0246098 ; 102.21;
17 ; 14 ; 6 ; 0.00559055 ; -0.000564255 ; 0.00307411 ; 102.179;
18 ; 14 ; 6 ; -0.00253887 ; -0.0118277 ; 0.0120119 ; 102.231;
19 ; 14 ; 6 ; 0.0066194 ; 0.0118219 ; 0.0199336 ; 102.192;
20 ; 14 ; 6 ; 0.00549769 ; 0.0108802 ; 0.0172874 ; 102.347;
21 ; 14 ; 6 ; 0.000113277 ; 0.0085798 ; 0.0168182 ; 101.923;
22 ; 14 ; 6 ; 0.00798077 ; 0.00948227 ; 0.0218447 ; 102.346;
23 ; 14 ; 6 ; -0.000261704 ; 0.00505459 ; 0.0278999 ; 102.252;
24 ; 14 ; 6 ; -0.00116208 ; -0.00116044 ; 0.00809817 ; 102.34;
25 ; 14 ; 6 ; -0.0148149 ; 0.0110465 ; 0.0129541 ; 102.241;
26 ; 14 ; 6 ; -0.0158248 ; 0.0153816 ; 0.0165108 ; 102.07;
27 ; 14 ; 6 ; -0.00726268 ; 0.00384064 ; 0.0117566 ; 102.501;
28 ; 14 ; 6 ; -0.0224325 ; -0.00356575 ; 0.0178646 ; 102.282;
29 ; 14 ; 6 ; -0.0290051 ; 0.014629 ; 0.0242506 ; 102.5;
30 ; 14 ; 6 ; -0.0231875 ; 0.00395997 ; -0.00109483 ; 102.296;
31 ; 14 ; 6 ; -0.029154 ; 0.00470999 ; 0.00858486 ; 102.613;
32 ; 14 ; 6 ; 0.000272832 ; -0.00597054 ; 0.0250361 ; 102.782;
33 ; 14 ; 6 ; -0.00475696 ; -0.00991099 ; 0.00323066 ; 102.732;
4 ; 15 ; 6 ; 0.0139091 ; 0.00226276 ; 0.0156779 ; 102.979;
5 ; 15 ; 6 ; 0.0109092 ; -0.00863397 ; 0.0192553 ; 102.61;
6 ; 15 ; 6 ; 0.00661376 ; -0.00430291 ; 0.031023 ; 102.64;
7 ; 15 ; 6 ; 0.00886242 ; 0.00466153 ; 0.0163729 ; 102.807;
8 ; 15 ; 6 ; 0.0177431 ; -0.000975387 ; 0.00729738 ; 102.585;
9 ; 15 ; 6 ; 0.0162593 ; -0.00721298 ; 0.010643 ; 103.144;
10 ; 15 ; 6 ; 0.0115163 ; 0.00685118 ; 0.0250559 ; 102.547;
11 ; 15 ; 6 ; 0.0176828 ; 0.00805787 ; 0.0103239 ; 101.856;
12 ; 15 ; 6 ; 0.0164266 ; -0.000114438 ; 0.0135198 ; 102.426;
13 ; 15 ; 6 ; 0.0197096 ; 0.014929 ; 0.0173993 ; 102.213;
14 ; 15 ; 6 ; 0.0148767 ; -0.0153289 ; 0.016988 ; 102.074;
15 ; 15 ; 6 ; 0.012677 ; -0.0127018 ; 0.0182584 ; 102.02;
16 ; 15 ; 6 ; 0.00637219 ; 0.0078418 ; 0.0216513 ; 102.046;
17 ; 15 ; 6 ; 0.0148012 ; -9.48357e-05 ; 0.0138895 ; 101.788;
18 ; 15 ; 6 ; -0.00223263 ; 0.00877977 ; 0.0272812 ; 102.407;
19 ; 15 ; 6 ; -0.0109997 ; 0.00191154 ; 0.0300752 ; 101.896;
20 ; 15 ; 6 ; -0.000104253 ; -0.00337526 ; 0.0196099 ; 102.164;
21 ; 15 ; 6 ; 0.0029233 ; 0.00842035 ; 0.015763 ; 102.573;
22 ; 15 ; 6 ; -0.000959968 ; -0.00689354 ; 0.015694 ; 101.877;
23 ; 15 ; 6 ; 0.00393459 ; -0.00412 ; 0.00878291 ; 102.172;
24 ; 15 ; 6 ; -0.00635429 ; 0.000489806 ; 0.0214838 ; 102.119;
25 ; 15 ; 6 ; -0.0142833 ; 0.00426995 ; 0.00631229 ; 102.564;
26 ; 15 ; 6 ; -0.00846865 ; 0.00941019 ; -0.00216647 ; 102.485;
27 ; 15 ; 6 ; -0.0140046 ; -0.00512096 ; 0.0133354 ; 102.512;
28 ; 15 ; 6 ; -0.0170093 ; -0.00644796 ; 0.00321028 ; 102.744;
29 ; 15 ; 6 ; -0.0096123 ; 0.0107808 ; -0.00123683 ; 102.501;
30 ; 15 ; 6 ; -0.0171697 ; 0.00483559 ; -0.00948309 ; 102.247;
31 ; 15 ; 6 ; -0.0137375 ; 0.00753629 ; 0.0248931 ; 102.554;
32 ; 15 ; 6 ; -0.0191924 ; 0.00890048 ; 0.0173653 ; 102.636;
33 ; 15 ; 6 ; -0.00889248 ; -0.0049897 ; 0.00831983 ; 102.633;
4 ; 16 ; 6 ; 0.0045123 ; -0.00269638 ; 0.01663 ; 102.496;
5 ; 16 ; 6 ; 0.0166773 ; 0.00161441 ; 0.0300917 ; 103.191;
6 ; 16 ; 6 ; 0.00694487 ; -0.00694713 ; 0.00682718 ; 102.347;
7 ; 16 ; 6 ; 0.0167511 ; 0.0100764 ; 0.0188204 ; 102.676;
8 ; 16 ; 6 ; 0.0138624 ; -0.00231114 ; 0.0158793 ; 103.07;
9 ; 16 ; 6 ; 0.0189974 ; -0.0112306 ; 0.00421001 ; 102.646;
10 ; 16 ; 6 ; 0.0270087 ; -0.00321986 ; 0.00545065 ; 102.209;
11 ; 16 ; 6 ; 0.0198784 ; -0.0055941 ; 0.0104275 ; 103.016;
12 ; 16 ; 6 ; 0.0149036 ; 0.00280025 ; 0.00273493 ; 101.976;
13 ; 16 ; 6 ; 0.0113095 ; -0.00730687 ; 0.016367 ; 102.051;
14 ; 16 ; 6 ; 0.00706405 ; 0.00994985 ; 0.0206631 ; 102.211;
15 ; 16 ; 6 ; -0.00251495 ; 0.00826605 ; 0.034018 ; 102.764;
16 ; 16 ; 6 ; 0.0016069 ; 0.00214603 ; 0.0194926 ; 102.378;
17 ; 16 ; 6 ; 0.00447487 ; -0.00170906 ; 0.0192834 ; 102.379;
18 ; 16 ; 6 ; -0.00159777 ; 0.0108854 ; 0.028229 ; 101.68;
19 ; 16 ; 6 ; 0.00364764 ; -0.00301089 ; 0.0260973 ; 102.131;
20 ; 16 ; 6 ; -0.00278968 ; -0.00670295 ; 0.00578969 ; 101.981;
21 ; 16 ; 6 ; -0.00039131 ; -0.00257275 ; 0.0224039 ; 101.826;
22 ; 16 ; 6 ; 0.00400842 ; -0.0028153 ; 0.018909 ; 102.119;
23 ; 16 ; 6 ; -0.00279947 ; 0.00124896 ; 0.00499955 ; 102.092;
24 ; 16 ; 6 ; -0.00674447 ; 0.00734127 ; 0.0154198 ; 102.068;
25 ; 16 ; 6 ; -0.0132481 ; 0.0101184 ; 0.0198971 ; 102.029;
26 ; 16 ; 6 ; -0.00687377 ; 0.0027507 ; 0.00611044 ; 101.759;
27 ; 16 ; 6 ; -0.0208221 ; -0.0163405 ; 0.0191417 ; 102.635;
28 ; 16 ; 6 ; -0.0203392 ; -0.00361034 ; 0.00939949 ; 102.694;
29 ; 16 ; 6 ; -0.00671766 ; -0.0138861 ; 0.00546568 ; 102.364;
30 ; 16 ; 6 ; -0.00994592 ; -0.000843005 ; 0.0173004 ; 102.154;
31 ; 16 ; 6 ; -0.0100461 ; 0.00187887 ; 0.0166183 ; 102.924;
32 ; 16 ; 6 ; -0.0101493 ; -0.0055681 ; 0.0143499 ; 102.33;
33 ; 16 ; 6 ; -0.00321954 ; -0.00555043 ; 0.0188666 ; 103.082;
4 ; 17 ; 6 ; 0.0114929 ; -0.00352293 ; 0.0155717 ; 103.095;
5 ; 17 ; 6 ; 0.00849171 ; -0.0172839 ; 0.0144163 ; 101.961;
6 ; 17 ; 6 ; 0.023868 ; -0.00593313 ; 0.0207402 ; 102.635;
7 ; 17 ; 6 ; 0.0101812 ; -0.0025785 ; 0.00326146 ; 102.606;
8 ; 17 ; 6 ; 0.0074017 ; 0.000310675 ; 0.0112865 ; 102.337;
9 ; 17 ; 6 ; 0.0323206 ; 0.0140767 ; 0.00272472 ; 102.41;
10 ; 17 ; 6 ; 0.0225523 ; -0.000297467 ; 0.00641745 ; 102.765;
11 ; 17 ; 6 ; 0.0319304 ; -0.00760165 ; 0.0102663 ; 102.308;
12 ; 17 ; 6 ; 0.00797439 ; -0.00693134 ; 0.0123995 ; 102.361;
13 ; 17 ; 6 ; 0.0110314 ; 0.0110053 ; 0.0165709 ; 102.046;
14 ; 17 ; 6 ; 0.0161297 ; 0.00209534 ; 0.0110374 ; 102.272;
15 ; 17 ; 6 ; 0.00988163 ; 0.002505 ; 0.0258565 ; 102.551;
16 ; 17 ; 6 ; 0.00732182 ; -0.014883 ; 0.0237988 ; 102.038;
17 ; 17 ; 6 ; -0.00580603 ; -0.00614741 ; 0.0176839 ; 102.014;
18 ; 17 ; 6 ; -0.00553986 ; 0.00888015 ; 0.027012 ; 101.972;
19 ; 17 ; 6 ; 0.00694557 ; 0.00083952 ; 0.0301992 ; 101.819;
20 ; 17 ; 6 ; -0.0153744 ; -0.00125891 ; 0.027815 ; 102.066;
21 ; 17 ; 6 ; -0.00519191 ; 0.00640017 ; 0.0142301 ; 102.058;
22 ; 17 ; 6 ; -0.00680354 ; -0.0108572 ; 0.00460082 ; 102.323;
23 ; 17 ; 6 ; -0.000713608 ; 0.0104754 ; 0.00976247 ; 101.869;
24 ; 17 ; 6 ; -0.015288 ; -0.0105131 ; 0.0189574 ; 102.092;
25 ; 17 ; 6 ; -0.0249512 ; 0.0020289 ; 0.0168807 ; 101.882;
26 ; 17 ; 6 ; -0.0147249 ; -0.000709607 ; 0.00733108 ; 102.963;
27 ; 17 ; 6 ; -0.0192628 ; -0.00766935 ; 0.0126275 ; 102.289;
28 ; 17 ; 6 ; -0.0140649 ; -0.0020496 ; 0.0191147 ; 102.408;
29 ; 17 ; 6 ; -0.020666 ; -0.00609012 ; 0.0031007 ; 102.519;
30 ; 17 ; 6 ; -0.0172742 ; 0.00337932 ; 0.00767059 ; 102.188;
31 ; 17 ; 6 ; -0.0176268 ; 0.000384822 ; 0.0010547 ; 102.658;
32 ; 17 ; 6 ; -0.00612196 ; 0.0095518 ; 0.00451349 ; 102.746;
33 ; 17 ; 6 ; -0.0122642 ; -0.00993077 ; 0.00900837 ; 103.18;
4 ; 18 ; 6 ; 0.00157646 ; 0.00246777 ; 0.0106165 ; 102.824;
5 ; 18 ; 6 ; 0.00549789 ; -0.0136921 ; 0.0110564 ; 102.943;
6 ; 18 ; 6 ; 0.00485236 ; 0.000861167 ; 0.0170333 ; 102.419;
7 ; 18 ; 6 ; 0.0123611 ; -0.00471338 ; 0.0108664 ; 102.29;
8 ; 18 ; 6 ; 0.018087 ; 0.000662569 ; 0.00396531 ; 102.39;
9 ; 18 ; 6 ; 0.0099543 ; -0.0072151 ; 0.0170108 ; 102.857;
10 ; 18 ; 6 ; 0.016313 ; -0.00335467 ; 0.0104296 ; 102.594;
11 ; 18 ; 6 ; 0.0191707 ; 0.00468637 ; 0.0153528 ; 102.779;
12 ; 18 ; 6 ; 0.00935274 ; 0.0120863 ; 0.0137695 ; 102.288;
13 ; 18 ; 6 ; 0.00227383 ; 0.000939736 ; 0.00657786 ; 102.133;
14 ; 18 ; 6 ; -0.00451226 ; -0.0138547 ; 0.0247658 ; 102.017;
15 ; 18 ; 6 ; -0.0035961 ; 0.00277179 ; 0.0372219 ; 102.162;
16 ; 18 ; 6 ; 0.0044808 ; 0.0133439 ; 0.0220999 ; 102.159;
17 ; 18 ; 6 ; 0.00474109 ; -0.00915468 ; 0.0225088 ; 101.848;
18 ; 18 ; 6 ; 0.00102366 ; -0.00190419 ; 0.0238677 ; 102.221;
19 ; 18 ; 6 ; 0.00327592 ; -0.00924301 ; 0.0181724 ; 102.033;
20 ; 18 ; 6 ; -0.00191034 ; 0.00487988 ; 0.0269386 ; 102.153;
21 ; 18 ; 6 ; 0.000757257 ; -0.0106249 ; 0.0261864 ; 101.872;
22 ; 18 ; 6 ; 0.0106169 ; -0.0138611 ; 0.0303398 ; 102.377;
23 ; 18 ; 6 ; -0.00765079 ; 0.0083863 ; 0.0195221 ; 102.176;
24 ; 18 ; 6 ; -0.000346661 ; -0.00549939 ; 0.00043858 ; 102.508;
25 ; 18 ; 6 ; -0.00795728 ; 0.00108309 ; 0.0172125 ; 102.272;
26 ; 18 ; 6 ; -0.0260168 ; 0.00125676 ; 0.0248702 ; 102.488;
27 ; 18 ; 6 ; -0.00935742 ; -0.0046965 ; 0.0142728 ; 102.505;
28 ; 18 ; 6 ; -0.0134247 ; 0.00634197 ; 0.00924205 ; 102.256;
29 ; 18 ; 6 ; -0.0338136 ; -0.00572237 ; 0.00986409 ; 102.31;
30 ; 18 ; 6 ; -0.0076555 ; -0.00299583 ; 0.0130001 ; 102.342;
31 ; 18 ; 6 ; -0.0117326 ; 0.0105483 ; 0.0199457 ; 102.367;
32 ; 18 ; 6 ; -0.0182151 ; 0.00444474 ; 0.00914336 ; 102.448;
33 ; 18 ; 6 ; -0.00200604 ; 0.0022635 ; 0.0138894 ; 102.661;
4 ; 19 ; 6 ; 0.00704918 ; -0.0112744 ; 0.0165044 ; 103.006;
5 ; 19 ; 6 ; 0.0105609 ; 0.000485491 ; 0.00908415 ; 103.005;
6 ; 19 ; 6 ; 0.0177789 ; 0.00291348 ; 0.0134853 ; 102.665;
7 ; 19 ; 6 ; 0.0244399 ; -0.00675466 ; 0.0220726 ; 102.817;
8 ; 19 ; 6 ; 0.0120915 ; 0.00888255 ; 0.0172262 ; 102.241;
9 ; 19 ; 6 ; 0.00824471 ; 0.0107076 ; 0.014565 ; 102.365;
10 ; 19 ; 6 ; 0.0100319 ; 0.00109586 ; 0.0208135 ; 102.361;
11 ; 19 ; 6 ; 0.0128944 ; 0.00280739 ; 0.00975464 ; 102.046;
12 ; 19 ; 6 ; -0.000893438 ; -0.00790527 ; 0.0291985 ; 102.169;
13 ; 19 ; 6 ; -0.000410058 ; 0.0037502 ; 0.0214235 ; 102.03;
14 ; 19 ; 6 ; -0.0107409 ; 0.00718754 ; 0.0173229 ; 101.676;
15 ; 19 ; 6 ; -0.0125354 ; -0.000511325 ; 0.0265753 ; 102.261;
16 ; 19 ; 6 ; 0.0149855 ; 0.00850755 ; 0.0202001 ; 101.54;
17 ; 19 ; 6 ; 0.00840119 ; -0.0192807 ; 0.0173545 ; 102.218;
18 ; 19 ; 6 ; -0.00411284 ; -0.0145247 ; 0.0186094 ; 102.1;
19 ; 19 ; 6 ; 0.00426429 ; 0.00855717 ; 0.016528 ; 101.941;
20 ; 19 ; 6 ; 0.0165448 ; -0.00385436 ; 0.0282388 ; 101.764;
21 ; 19 ; 6 ; -0.00176291 ; 0.000219397 ; 0.0265896 ; 101.951;
22 ; 19 ; 6 ; -0.00193404 ; -0.00881494 ; 0.0224461 ; 101.914;
23 ; 19 ; 6 ; -0.00765577 ; 0.00292777 ; 0.00544412 ; 102.313;
24 ; 19 ; 6 ; -0.0136208 ; -0.00904438 ; 0.0140469 ; 102.258;
25 ; 19 ; 6 ; -0.0171491 ; -0.00483152 ; 0.0205758 ; 102.707;
26 ; 19 ; 6 ; -0.0115523 ; -0.00571298 ; 0.0164795 ; 102.538;
27 ; 19 ; 6 ; -0.0156997 ; 0.0144601 ; 0.0176941 ; 102.601;
28 ; 19 ; 6 ; -0.0106296 ; 0.00288362 ; 0.0106503 ; 102.341;
29 ; 19 ; 6 ; -0.0271418 ; -0.017558 ; 0.00373046 ; 102.358;
30 ; 19 ; 6 ; -0.0182497 ; -0.0149664 ; 0.0138655 ; 102.341;
31 ; 19 ; 6 ; -0.0221865 ; -0.00376863 ; 0.0160065 ; 102.591;
32 ; 19 ; 6 ; 0.000900136 ; -0.00490352 ; 0.0149732 ; 102.518;
33 ; 19 ; 6 ; -0.00520202 ; 0.00171545 ; 0.00818643 ; 102.459;
4 ; 20 ; 6 ; -0.0093973 ; 0.00243522 ; 0.00847745 ; 102.789;
5 ; 20 ; 6 ; 0.0170891 ; 0.000201455 ; 0.0241351 ; 102.357;
6 ; 20 ; 6 ; 0.013664 ; -0.00379777 ; 0.0210443 ; 102.424;
7 ; 20 ; 6 ; 0.0176959 ; 0.00484093 ; 0.00765539 ; 102.765;
8 ; 20 ; 6 ; 0.0117128 ; 0.00880166 ; 0.0299367 ; 102.445;
9 ; 20 ; 6 ; 0.0133154 ; 0.00182949 ; 0.00550042 ; 102.332;
10 ; 20 ; 6 ; 0.0121698 ; 0.0145403 ; 0.00733109 ; 102.638;
11 ; 20 ; 6 ; 0.00629174 ; -9.5256e-05 ; 0.0155239 ; 102.602;
12 ; 20 ; 6 ; 0.0161713 ; 0.012666 ; 0.0252043 ; 102.347;
13 ; 20 ; 6 ; 0.0108113 ; -0.00405597 ; 0.0153562 ; 102.193;
14 ; 20 ; 6 ; 0.00853801 ; -0.000802776 ; 0.0186572 ; 101.963;
15 ; 20 ; 6 ; -0.00996587 ; 0.00303422 ; 0.0124006 ; 102.349;
16 ; 20 ; 6 ; -0.000399558 ; 0.00517072 ; 0.00782776 ; 102.182;
17 ; 20 ; 6 ; -0.00531692 ; 0.00276781 ; 0.0128691 ; 101.899;
18 ; 20 ; 6 ; -0.00262037 ; 0.00368987 ; 0.0274316 ; 102.05;
19 ; 20 ; 6 ; 0.00959733 ; 0.00891679 ; 0.0264742 ; 102.007;
20 ; 20 ; 6 ; -0.00325928 ; -0.00971785 ; 0.023193 ; 102.187;
21 ; 20 ; 6 ; -0.0140511 ; 0.00504405 ; 0.0218056 ; 102.59;
22 ; 20 ; 6 ; 0.00753851 ; -0.000102907 ; 0.0127493 ; 101.441;
23 ; 20 ; 6 ; -0.00683695 ; -0.00931889 ; 0.0102432 ; 101.974;
24 ; 20 ; 6 ; -0.000893773 ; -0.00918323 ; 0.0256438 ; 102.465;
25 ; 20 ; 6 ; -0.0142736 ; 0.000296952 ; 0.0217428 ; 102.573;
26 ; 20 ; 6 ; -0.0128886 ; -0.011977 ; 0.0183563 ; 102.47;
27 ; 20 ; 6 ; -0.0194443 ; -0.00607775 ; 0.0243293 ; 102.184;
28 ; 20 ; 6 ; -0.00789952 ; -0.00469341 ; -0.00057594 ; 102.581;
29 ; 20 ; 6 ; -0.0139979 ; 0.0113587 ; 0.0219885 ; 102.934;
30 ; 20 ; 6 ; -0.0140413 ; 0.00504422 ; 0.00161554 ; 102.453;
31 ; 20 ; 6 ; -0.0144796 ; 0.00635952 ; 0.00490705 ; 102.376;
32 ; 20 ; 6 ; -0.014987 ; 0.00168857 ; 0.0107011 ; 102.246;
33 ; 20 ; 6 ; -0.00844726 ; 0.00141948 ; 0.000756192 ; 102.812;
4 ; 21 ; 6 ; 0.0130894 ; -0.00670828 ; 0.015405 ; 102.591;
5 ; 21 ; 6 ; 0.0108205 ; 0.00669463 ; 0.0132541 ; 102.665;
6 ; 21 ; 6 ; 0.0192092 ; -0.00492026 ; 0.00899912 ; 102.436;
7 ; 21 ; 6 ; 0.0106671 ; -0.00313002 ; 0.00444891 ; 102.728;
8 ; 21 ; 6 ; 0.0134329 ; -0.0020019 ; 0.0187077 ; 102.521;
9 ; 21 ; 6 ; 0.0273649 ; 0.00929225 ; 0.0182886 ; 102.717;
10 ; 21 ; 6 ; 0.0233693 ; 0.00539343 ; 0.0049495 ; 102.39;
11 ; 21 ; 6 ; 9.93488e-05 ; -0.00380638 ; 0.00799004 ; 102.098;
12 ; 21 ; 6 ; 0.0153047 ; -0.00942355 ; 0.0256585 ; 102.113;
13 ; 21 ; 6 ; 0.00186563 ; -0.0024061 ; 0.0109759 ; 102.409;
14 ; 21 ; 6 ; 0.00621359 ; -0.0151809 ; 0.0230115 ; 101.865;
15 ; 21 ; 6 ; 0.000936434 ; -0.00701963 ; 0.0144897 ; 102.142;
16 ; 21 ; 6 ; 0.0058722 ; 0.00272305 ; 0.00970719 ; 102.073;
17 ; 21 ; 6 ; -0.015651 ; -0.00479754 ; 0.0134455 ; 102.333;
18 ; 21 ; 6 ; -0.0279279 ; -0.00703842 ; 0.0101279 ; 102.239;
19 ; 21 ; 6 ; -0.0106765 ; 0.00291932 ; 0.018442 ; 101.879;
20 ; 21 ; 6 ; 0.00104018 ; -0.00105097 ; 0.0108451 ; 101.952;
21 ; 21 ; 6 ; -0.00608682 ; 0.00694478 ; 0.0130339 ; 102.086;
22 ; 21 ; 6 ; -0.00566846 ; -0.00577356 ; 0.0220019 ; 102.685;
23 ; 21 ; 6 ; -0.00728158 ; 0.00049233 ; 0.00745216 ; 102.058;
24 ; 21 ; 6 ; -0.00913733 ; -0.0024569 ; 0.00592057 ; 102.26;
25 ; 21 ; 6 ; -0.013232 ; -0.00695359 ; 0.0144892 ; 102.268;
26 ; 21 ; 6 ; 0.00410232 ; -0.0115756 ; 0.0131377 ; 102.508;
27 ; 21 ; 6 ; -0.0134364 ; -0.00700658 ; 0.0163833 ; 102.259;
28 ; 21 ; 6 ; -0.0237237 ; -0.000480963 ; 0.0245402 ; 102.856;
29 ; 21 ; 6 ; -0.0243998 ; 0.012081 ; 0.0132876 ; 102.933;
30 ; 21 ; 6 ; -3.97401e-05 ; -0.00808912 ; 0.00341462 ; 102.418;
31 ; 21 ; 6 ; -0.00684912 ; -0.00482753 ; 0.00543876 ; 102.364;
32 ; 21 ; 6 ; -0.0197244 ; 0.0238876 ; 0.0242627 ; 103.135;
33 ; 21 ; 6 ; -0.0068525 ; 0.0100051 ; 0.0249468 ; 102.447;
4 ; 22 ; 6 ; -0.00140792 ; 0.00331262 ; 0.0137665 ; 102.821;
5 ; 22 ; 6 ; 0.0113213 ; 0.0068792 ; 0.0142936 ; 102.702;
6 ; 22 ; 6 ; 0.0136153 ; 0.00354032 ; 0.0144938 ; 102.717;
7 ; 22 ; 6 ; 0.0250563 ; -0.000296702 ; -0.00489863 ; 102.714;
8 ; 22 ; 6 ; 0.0272809 ; -0.00456977 ; 0.0247155 ; 102.548;
9 ; 22 ; 6 ; 0.00716077 ; 0.00938806 ; 0.0176493 ; 102.453;
10 ; 22 ; 6 ; 0.026063 ; -0.00113402 ; 0.00614514 ; 102.641;
11 ; 22 ; 6 ; -0.000600553 ; 0.00280897 ; 0.00918259 ; 102.458;
12 ; 22 ; 6 ; 0.00143259 ; -0.00601748 ; 0.022981 ; 102.358;
13 ; 22 ; 6 ; 0.00339721 ; 0.0034641 ; 0.0178279 ; 102.024;
14 ; 22 ; 6 ; 0.00979968 ; -0.00987193 ; 0.0088712 ; 102.168;
15 ; 22 ; 6 ; 0.00231154 ; -0.00180464 ; 0.0180047 ; 102.253;
16 ; 22 ; 6 ; 0.00505475 ; -0.00768161 ; 0.0150878 ; 102.395;
17 ; 22 ; 6 ; -0.00697197 ; -0.0118617 ; 0.0078815 ; 101.975;
18 ; 22 ; 6 ; -0.00752438 ; -0.00406746 ; 0.0290073 ; 101.958;
19 ; 22 ; 6 ; -0.0166163 ; -0.00481844 ; 0.0142122 ; 102.223;
20 ; 22 ; 6 ; -0.00403124 ; -0.00401884 ; 0.010888 ; 102.921;
21 ; 22 ; 6 ; 0.00535811 ; -0.00419868 ; 0.0326868 ; 102.088;
22 ; 22 ; 6 ; -0.0100422 ; -0.0090296 ; 0.00793725 ; 101.963;
23 ; 22 ; 6 ; -0.00676572 ; -0.0115496 ; 0.0190072 ; 102.609;
24 ; 22 ; 6 ; -0.0168974 ; -0.00725881 ; 0.0180223 ; 102.171;
25 ; 22 ; 6 ; -0.0155581 ; 0.00400304 ; 0.0233338 ; 102.369;
26 ; 22 ; 6 ; -0.0178863 ; -0.000670318 ; 0.0267371 ; 102.347;
27 ; 22 ; 6 ; -0.0164835 ; -0.0056544 ; -0.00108631 ; 102.711;
28 ; 22 ; 6 ; -0.0240876 ; 0.00372924 ; 0.023693 ; 102.758;
29 ; 22 ; 6 ; -0.0290614 ; 0.0126721 ; 0.00714968 ; 102.637;
30 ; 22 ; 6 ; -0.0105726 ; 0.00234058 ; 0.0157614 ; 102.332;
31 ; 22 ; 6 ; -0.0140429 ; -0.00159445 ; 0.0242667 ; 102.667;
32 ; 22 ; 6 ; -0.0144812 ; 0.00148446 ; 0.0210307 ; 102.403;
33 ; 22 ; 6 ; -0.0125533 ; -0.000945097 ; 0.00595155 ; 102.466;
4 ; 23 ; 6 ; -0.00140664 ; 0.0117215 ; 0.0158486 ; 102.388;
5 ; 23 ; 6 ; 0.0137624 ; 0.000693141 ; 0.0158681 ; 102.538;
6 ; 23 ; 6 ; 0.00463144 ; 0.00557183 ; 0.0139291 ; 102.523;
7 ; 23 ; 6 ; 0.00835358 ; -0.00628023 ; 0.00210597 ; 102.841;
8 ; 23 ; 6 ; 0.0173974 ; -0.00193284 ; 0.00797292 ; 102.643;
9 ; 23 ; 6 ; 0.0181611 ; 0.00922119 ; 0.0119432 ; 102.665;
10 ; 23 ; 6 ; 0.000539453 ; -0.00371192 ; 0.0096386 ; 102.641;
11 ; 23 ; 6 ; 0.0114098 ; -0.00231792 ; 0.00938677 ; 102.361;
12 ; 23 ; 6 ; 0.00944261 ; -0.00878459 ; 0.0207033 ; 102.72;
13 ; 23 ; 6 ; 0.00490757 ; -0.0055481 ; 0.0198009 ; 102.31;
14 ; 23 ; 6 ; 0.0130828 ; -0.0134876 ; 0.0221241 ; 102.607;
15 ; 23 ; 6 ; 0.00394448 ; -0.0125971 ; 0.00218888 ; 102.448;
16 ; 23 ; 6 ; -0.00557806 ; -0.00618259 ; 0.0138011 ; 102.017;
17 ; 23 ; 6 ; -0.00177505 ; -0.00941565 ; 0.0193862 ; 102.218;
18 ; 23 ; 6 ; -0.0148593 ; 0.00226491 ; 0.0294007 ; 102.033;
19 ; 23 ; 6 ; -0.0155258 ; -0.0227702 ; 0.0184987 ; 101.903;
20 ; 23 ; 6 ; 0.0104832 ; 0.0049282 ; 0.0183792 ; 102.109;
21 ; 23 ; 6 ; -0.00217369 ; -0.00266998 ; 0.0196031 ; 102.334;
22 ; 23 ; 6 ; 0.0100764 ; 0.00690848 ; 0.0262562 ; 101.903;
23 ; 23 ; 6 ; -0.0113514 ; -0.0152949 ; 0.0207373 ; 102.219;
24 ; 23 ; 6 ; -0.00806046 ; -0.00682295 ; 0.0159339 ; 102.779;
25 ; 23 ; 6 ; -0.0187463 ; 0.00512904 ; 0.0152745 ; 102.359;
26 ; 23 ; 6 ; -0.0120011 ; -0.00859663 ; 0.00884263 ; 102.552;
27 ; 23 ; 6 ; -0.0201468 ; -0.00670131 ; 0.010072 ; 103.084;
28 ; 23 ; 6 ; -0.022403 ; 0.00968258 ; 0.0234431 ; 102.439;
29 ; 23 ; 6 ; -0.0104272 ; 0.00837017 ; 0.00958925 ; 102.819;
30 ; 23 ; 6 ; -0.0317858 ; -0.00467741 ; 0.00914161 ; 102.212;
31 ; 23 ; 6 ; -0.00890913 ; -0.0107793 ; 0.0118789 ; 102.496;
32 ; 23 ; 6 ; 0.018231 ; 0.00200098 ; 0.0180734 ; 102.462;
33 ; 23 ; 6 ; 0.00574584 ; 0.0127866 ; 0.0207033 ; 102.589;
4 ; 24 ; 6 ; 0.0104801 ; 0.00025068 ; 0.0184777 ; 102.924;
5 ; 24 ; 6 ; 0.0078769 ; 0.000282698 ; 0.0205637 ; 103.021;
6 ; 24 ; 6 ; 0.0122099 ; -0.00565301 ; 0.00516813 ; 103.24;
7 ; 24 ; 6 ; 0.0167658 ; -0.0100619 ; 0.0108613 ; 102.819;
8 ; 24 ; 6 ; 0.0247209 ; -0.00473181 ; 0.00828696 ; 102.537;
9 ; 24 ; 6 ; 0.0173253 ; -0.0108254 ; -0.000586434 ; 103.017;
10 ; 24 ; 6 ; 0.00724711 ; 0.004769 ; 0.00931815 ; 102.904;
11 ; 24 ; 6 ; 0.00715398 ; 0.00225565 ; 0.0164407 ; 102.808;
12 ; 24 ; 6 ; 0.00457212 ; -0.00170745 ; 0.0119531 ; 102.209;
13 ; 24 ; 6 ; 0.00396465 ; 0.00453555 ; 0.0224607 ; 102.564;
14 ; 24 ; 6 ; -0.00890539 ; -0.0234484 ; 0.0232622 ; 102.512;
15 ; 24 ; 6 ; -0.0036673 ; -0.0145492 ; 0.025924 ; 102.51;
16 ; 24 ; 6 ; 0.00466519 ; -0.0201597 ; 0.00889061 ; 102.27;
17 ; 24 ; 6 ; -0.00620943 ; -0.00828497 ; 0.0110532 ; 102.119;
18 ; 24 ; 6 ; 0.000867919 ; -0.00970265 ; 0.0369819 ; 102.736;
19 ; 24 ; 6 ; -0.0105177 ; -0.00163526 ; 0.000598646 ; 102.108;
20 ; 24 ; 6 ; 0.00381649 ; -0.00566518 ; 0.0228417 ; 101.883;
21 ; 24 ; 6 ; 0.00318975 ; -0.00328494 ; 0.022825 ; 102.083;
22 ; 24 ; 6 ; -0.00539773 ; 0.004012 ; 0.0219393 ; 102.427;
23 ; 24 ; 6 ; -0.0143549 ; -0.00218527 ; 0.00780512 ; 102.635;
24 ; 24 ; 6 ; -0.0110759 ; -0.0109588 ; 0.01604 ; 101.979;
25 ; 24 ; 6 ; -0.0132796 ; -0.012573 ; 0.019107 ; 102.556;
26 ; 24 ; 6 ; -0.0242939 ; -0.0191773 ; 0.0148952 ; 102.961;
27 ; 24 ; 6 ; -0.0146723 ; -0.00145502 ; 0.0125747 ; 102.881;
28 ; 24 ; 6 ; -0.0222465 ; -0.00224026 ; 0.0160284 ; 102.85;
29 ; 24 ; 6 ; -0.0150109 ; 0.00225984 ; 0.0247469 ; 102.691;
30 ; 24 ; 6 ; -0.00675742 ; -0.0183733 ; 0.00818009 ; 102.479;
31 ; 24 ; 6 ; -0.0181308 ; 0.00410249 ; 0.0232544 ; 102.695;
32 ; 24 ; 6 ; -0.00358351 ; -0.0112068 ; 0.0102163 ; 102.271;
33 ; 24 ; 6 ; -0.00292062 ; 0.00296408 ; 0.0159798 ; 102.657;
4 ; 25 ; 6 ; 0.00670088 ; -0.00179987 ; 0.0097896 ; 102.605;
5 ; 25 ; 6 ; -0.00403513 ; -0.00270998 ; 0.0127699 ; 102.87;
6 ; 25 ; 6 ; 0.00661551 ; -0.0148096 ; 0.000434939 ; 102.321;
7 ; 25 ; 6 ; 0.00897008 ; -0.000167625 ; -0.00823919 ; 103.052;
8 ; 25 ; 6 ; 0.00750817 ; -0.00174303 ; 0.0168969 ; 102.656;
9 ; 25 ; 6 ; 0.0127972 ; -0.0057733 ; 0.00595013 ; 102.323;
10 ; 25 ; 6 ; 0.0184465 ; 0.000400771 ; 0.00800521 ; 102.954;
11 ; 25 ; 6 ; 0.0164943 ; -0.0153055 ; 0.018462 ; 102.187;
12 ; 25 ; 6 ; -0.00248117 ; -0.00833205 ; 0.0116868 ; 102.596;
13 ; 25 ; 6 ; 0.00306124 ; -0.00210487 ; 0.0199117 ; 102.515;
14 ; 25 ; 6 ; -0.00400749 ; -0.011131 ; 0.0179848 ; 101.991;
15 ; 25 ; 6 ; -0.00467769 ; -0.0169568 ; 0.0294748 ; 102.65;
16 ; 25 ; 6 ; -0.00426589 ; -0.0342982 ; 0.00515872 ; 102.002;
17 ; 25 ; 6 ; -0.0185162 ; -0.0116329 ; 0.00524042 ; 102.803;
18 ; 25 ; 6 ; -0.0112096 ; -0.02133 ; 0.0107926 ; 102.13;
19 ; 25 ; 6 ; -0.00671557 ; -0.0110548 ; 0.0131028 ; 102.281;
20 ; 25 ; 6 ; -0.00111474 ; -0.0170657 ; 0.0268438 ; 102.554;
21 ; 25 ; 6 ; -0.011902 ; -0.0134104 ; 0.0183503 ; 102.119;
22 ; 25 ; 6 ; -0.00918127 ; -0.00428559 ; 0.00767406 ; 102.674;
23 ; 25 ; 6 ; -0.00777198 ; -0.0080894 ; 0.00201935 ; 102.208;
24 ; 25 ; 6 ; -0.0039156 ; -0.0107591 ; 0.0149239 ; 102.935;
25 ; 25 ; 6 ; -0.00356883 ; -0.0116547 ; 0.0167116 ; 102.316;
26 ; 25 ; 6 ; -0.00899018 ; 0.00559974 ; 0.0090807 ; 102.553;
27 ; 25 ; 6 ; -0.0106316 ; -0.0165538 ; 0.0145466 ; 102.945;
28 ; 25 ; 6 ; -0.0197785 ; 0.00374739 ; 0.0188614 ; 102.473;
29 ; 25 ; 6 ; -0.0264921 ; 0.00349481 ; 0.0111896 ; 102.787;
30 ; 25 ; 6 ; -0.0194461 ; -0.00615145 ; 0.00231164 ; 102.586;
31 ; 25 ; 6 ; 0.00204561 ; -0.0111161 ; 0.00794964 ; 102.623;
32 ; 25 ; 6 ; -0.0130974 ; -0.00719236 ; 8.5613e-05 ; 103.148;
33 ; 25 ; 6 ; -0.0035808 ; 0.000134991 ; 0.0117662 ; 102.85;
4 ; 26 ; 6 ; -8.6234e-05 ; -0.00539464 ; -0.00525699 ; 102.925;
5 ; 26 ; 6 ; 0.0174565 ; -0.0175543 ; 0.0164305 ; 103.375;
6 ; 26 ; 6 ; 0.0130768 ; -0.00907677 ; 0.00125713 ; 102.836;
7 ; 26 ; 6 ; 0.0111159 ; -0.007173 ; 0.00754094 ; 102.577;
8 ; 26 ; 6 ; 0.0265325 ; -0.000458363 ; 0.00979712 ; 102.935;
9 ; 26 ; 6 ; 0.0269848 ; -0.0188001 ; 0.011743 ; 102.499;
10 ; 26 ; 6 ; 0.0189545 ; -0.0136698 ; 0.00555664 ; 103.191;
11 ; 26 ; 6 ; 0.00980014 ; -0.00388795 ; 0.00533009 ; 102.34;
12 ; 26 ; 6 ; 0.00392043 ; -0.00935584 ; 0.00890474 ; 102.665;
13 ; 26 ; 6 ; 0.00485107 ; -0.0252834 ; 0.0169431 ; 102.217;
14 ; 26 ; 6 ; -0.00106228 ; -0.00935841 ; 0.00368708 ; 102.555;
15 ; 26 ; 6 ; -0.0128181 ; -0.0274429 ; 0.0138243 ; 102.202;
16 ; 26 ; 6 ; -0.00807939 ; -0.0223092 ; 0.0280703 ; 102.48;
17 ; 26 ; 6 ; -0.00827462 ; -0.0110737 ; 0.0190927 ; 102.131;
18 ; 26 ; 6 ; -0.00213493 ; -0.0141151 ; 0.0210549 ; 102.407;
19 ; 26 ; 6 ; -0.0145426 ; -0.0196101 ; 0.0149229 ; 102.623;
20 ; 26 ; 6 ; 0.011212 ; -0.0180313 ; 0.0148221 ; 102.547;
21 ; 26 ; 6 ; 0.000407846 ; -0.00229753 ; 0.00528629 ; 102.558;
22 ; 26 ; 6 ; -0.0123382 ; -0.0154478 ; 0.00861303 ; 102.379;
23 ; 26 ; 6 ; -0.0157563 ; -0.0147319 ; 0.00850649 ; 102.396;
24 ; 26 ; 6 ; 0.00643551 ; -0.0193667 ; 0.0154161 ; 103.21;
25 ; 26 ; 6 ; -0.00521206 ; -0.00846349 ; 0.0244366 ; 102.672;
26 ; 26 ; 6 ; -0.00894169 ; -0.00422041 ; 0.0119545 ; 102.511;
27 ; 26 ; 6 ; -0.0193279 ; -0.00487377 ; 0.00975901 ; 102.862;
28 ; 26 ; 6 ; -0.0237884 ; -0.0115129 ; 0.0138351 ; 102.379;
29 ; 26 ; 6 ; -0.0380705 ; -0.00399945 ; -0.00235094 ; 103.326;
30 ; 26 ; 6 ; -0.00251922 ; -0.00934169 ; 0.0118588 ; 102.81;
31 ; 26 ; 6 ; 0.000268032 ; -0.00768031 ; 0.00707297 ; 102.424;
32 ; 26 ; 6 ; 0.00244297 ; -0.0113361 ; 0.00547552 ; 102.901;
33 ; 26 ; 6 ; 0.00879024 ; -0.0190529 ; 0.00650452 ; 102.825;
4 ; 27 ; 6 ; -0.000820875 ; -0.0141581 ; 0.00650678 ; 103.087;
5 ; 27 ; 6 ; 0.00380506 ; -0.0170091 ; 0.0227487 ; 102.83;
6 ; 27 ; 6 ; 0.00450959 ; -0.0116473 ; 0.0167277 ; 102.781;
7 ; 27 ; 6 ; 0.00337445 ; -0.000678541 ; 0.0164949 ; 102.957;
8 ; 27 ; 6 ; 0.0189677 ; -0.0153215 ; 0.0102223 ; 102.726;
9 ; 27 ; 6 ; 0.00829538 ; -0.0151005 ; 0.0128481 ; 102.857;
10 ; 27 ; 6 ; 0.0118159 ; -0.0141289 ; 0.0048603 ; 102.388;
11 ; 27 ; 6 ; 0.0186927 ; 0.00250103 ; 0.00621939 ; 102.899;
12 ; 27 ; 6 ; 0.00618052 ; -0.00257269 ; -0.00287275 ; 102.608;
13 ; 27 ; 6 ; 0.0033022 ; -0.0265538 ; 0.00839467 ; 102.46;
14 ; 27 ; 6 ; 0.00703215 ; -0.00355417 ; 0.00644971 ; 102.385;
15 ; 27 ; 6 ; -0.00876558 ; -0.0226628 ; 0.00173365 ; 102.566;
16 ; 27 ; 6 ; -0.00450966 ; -0.00349796 ; 0.0136271 ; 102.285;
17 ; 27 ; 6 ; -0.00294192 ; -0.0256444 ; 0.0237997 ; 102.459;
18 ; 27 ; 6 ; 0.00702869 ; -0.010077 ; 0.0165444 ; 102.244;
19 ; 27 ; 6 ; 0.00124027 ; -0.0192718 ; 0.0218436 ; 102.617;
20 ; 27 ; 6 ; -0.0082546 ; -0.0297022 ; 0.013665 ; 102.477;
21 ; 27 ; 6 ; -0.00815256 ; -0.0133639 ; 0.00422603 ; 102.762;
22 ; 27 ; 6 ; -0.00499166 ; -0.00412378 ; 0.021498 ; 102.482;
23 ; 27 ; 6 ; -0.00848493 ; -0.0170918 ; 0.0186499 ; 102.056;
24 ; 27 ; 6 ; -0.00333554 ; -0.0261957 ; 0.00739124 ; 102.506;
25 ; 27 ; 6 ; -0.00979447 ; -0.0184086 ; 0.0189902 ; 102.154;
26 ; 27 ; 6 ; -0.0133754 ; -0.0234963 ; 0.00394337 ; 102.553;
27 ; 27 ; 6 ; -0.0191971 ; -0.00580678 ; 0.00281687 ; 102.855;
28 ; 27 ; 6 ; -0.00976587 ; -0.0223901 ; 0.00991563 ; 102.952;
29 ; 27 ; 6 ; -0.00512184 ; -0.0194003 ; 0.00790509 ; 102.766;
30 ; 27 ; 6 ; -0.0187806 ; -0.0154218 ; 0.00392688 ; 102.893;
31 ; 27 ; 6 ; -0.0174625 ; -0.00375177 ; 0.0139524 ; 102.993;
32 ; 27 ; 6 ; -0.00810158 ; -0.0162215 ; 0.0126121 ; 102.782;
33 ; 27 ; 6 ; -0.00480903 ; -0.0252901 ; -0.000557509 ; 102.418;
4 ; 28 ; 6 ; -0.00526293 ; -0.0184226 ; 0.0122883 ; 102.88;
5 ; 28 ; 6 ; -0.00984376 ; -0.012781 ; 0.0171858 ; 103.054;
6 ; 28 ; 6 ; 0.00082745 ; -0.0129553 ; 0.0194791 ; 102.979;
7 ; 28 ; 6 ; -0.00231202 ; -0.0178113 ; 0.0180238 ; 102.562;
8 ; 28 ; 6 ; 0.0137505 ; -0.0197569 ; 0.012019 ; 102.909;
9 ; 28 ; 6 ; 0.0149711 ; -0.0191682 ; 0.0106018 ; 103.351;
10 ; 28 ; 6 ; 0.0266298 ; -0.00669726 ; 0.00195316 ; 102.792;
11 ; 28 ; 6 ; 0.00685129 ; -0.0279161 ; 0.0163643 ; 102.793;
12 ; 28 ; 6 ; -0.00767452 ; -0.0268871 ; 0.00962178 ; 102.412;
13 ; 28 ; 6 ; -0.00578059 ; -0.0162799 ; 0.0164456 ; 102.574;
14 ; 28 ; 6 ; 0.0168202 ; -0.0142715 ; 0.00753743 ; 102.674;
15 ; 28 ; 6 ; 0.0091214 ; -0.0105829 ; 0.0162064 ; 102.846;
16 ; 28 ; 6 ; -0.00599106 ; 0.00130598 ; 0.0162741 ; 102.524;
17 ; 28 ; 6 ; -0.00995086 ; -0.0220254 ; -0.00124233 ; 102.575;
18 ; 28 ; 6 ; -0.00065943 ; -0.0156662 ; 0.0210718 ; 101.932;
19 ; 28 ; 6 ; -0.00102258 ; -0.0312325 ; 0.00281715 ; 102.82;
20 ; 28 ; 6 ; 0.0018847 ; -0.0125104 ; 0.0206595 ; 102.49;
21 ; 28 ; 6 ; 0.00474095 ; -0.0222023 ; 0.0115139 ; 102.208;
22 ; 28 ; 6 ; 0.00610685 ; -0.0241474 ; 0.0175497 ; 102.665;
23 ; 28 ; 6 ; -0.00596363 ; -0.0222793 ; 0.0133731 ; 102.643;
24 ; 28 ; 6 ; 0.00354763 ; -0.0268528 ; 0.0136225 ; 102.652;
25 ; 28 ; 6 ; -0.00383053 ; -0.0242507 ; 0.016659 ; 103.164;
26 ; 28 ; 6 ; -0.0180515 ; -0.0210795 ; 0.00505101 ; 102.884;
27 ; 28 ; 6 ; -0.0128471 ; -0.00991878 ; 0.0101215 ; 102.917;
28 ; 28 ; 6 ; -0.0143554 ; -0.0247376 ; 0.00453327 ; 103.158;
29 ; 28 ; 6 ; -0.0103203 ; -0.0139863 ; 0.00436505 ; 102.877;
30 ; 28 ; 6 ; -0.0189628 ; -0.0175042 ; -0.0104866 ; 102.67;
31 ; 28 ; 6 ; -0.00587507 ; -0.000352558 ; 0.00407837 ; 102.436;
32 ; 28 ; 6 ; 0.00659643 ; -0.0209919 ; -0.0028178 ; 103.192;
33 ; 28 ; 6 ; 0.0104829 ; -0.00576173 ; -0.00262677 ; 102.98;
4 ; 29 ; 6 ; -0.0032459 ; -0.00755512 ; 0.0153755 ; 102.719;
5 ; 29 ; 6 ; 0.0100551 ; -0.0142115 ; -0.00437555 ; 103.234;
6 ; 29 ; 6 ; 0.00064835 ; -0.0245432 ; 0.00884259 ; 102.783;
7 ; 29 ; 6 ; 0.000454573 ; -0.0229955 ; 0.000325935 ; 102.987;
8 ; 29 ; 6 ; 0.0109004 ; -0.0143982 ; 0.00452406 ; 103.016;
9 ; 29 ; 6 ; 0.00460559 ; -0.00735481 ; -0.00766517 ; 102.491;
10 ; 29 ; 6 ; 0.0191507 ; -0.00794629 ; 0.0197303 ; 102.772;
11 ; 29 ; 6 ; 0.0162007 ; -0.0100411 ; 0.00243836 ; 103.17;
12 ; 29 ; 6 ; 0.0073647 ; -0.0245529 ; 0.00802069 ; 102.814;
13 ; 29 ; 6 ; 0.00137048 ; -0.0177526 ; 0.0136994 ; 102.836;
14 ; 29 ; 6 ; -0.00980494 ; -0.00613812 ; -0.00133855 ; 102.681;
15 ; 29 ; 6 ; -0.00693143 ; -0.0223826 ; 0.0164247 ; 102.421;
16 ; 29 ; 6 ; -0.00913893 ; -0.0107109 ; 0.00689532 ; 102.807;
17 ; 29 ; 6 ; -0.0102599 ; -0.023453 ; 0.0214771 ; 102.318;
18 ; 29 ; 6 ; -0.0011757 ; -0.0301581 ; -9.63602e-05 ; 103.005;
19 ; 29 ; 6 ; -0.0026638 ; -0.0209701 ; -0.00327666 ; 102.663;
20 ; 29 ; 6 ; 2.48179e-05 ; -0.0141777 ; 0.00794998 ; 102.58;
21 ; 29 ; 6 ; 0.00125625 ; -0.012806 ; 0.0105403 ; 102.748;
22 ; 29 ; 6 ; 0.00226863 ; -0.0384446 ; 0.0187883 ; 102.404;
23 ; 29 ; 6 ; 0.00649965 ; -0.015447 ; 0.0137844 ; 102.437;
24 ; 29 ; 6 ; 0.000950176 ; -0.0391467 ; 0.0171848 ; 102.492;
25 ; 29 ; 6 ; -0.0105359 ; -0.026569 ; 0.00622878 ; 102.552;
26 ; 29 ; 6 ; -0.0041014 ; -0.00858376 ; 0.0112292 ; 102.914;
27 ; 29 ; 6 ; -0.00425695 ; -0.0127266 ; 0.00191054 ; 102.898;
28 ; 29 ; 6 ; -0.0220587 ; -0.0208608 ; 0.0105077 ; 102.826;
29 ; 29 ; 6 ; -0.00764342 ; -0.00646948 ; 0.0190531 ; 103.243;
30 ; 29 ; 6 ; -0.0102972 ; -0.00938254 ; 0.0106339 ; 103.096;
31 ; 29 ; 6 ; -0.0123489 ; -0.0114974 ; -0.00515454 ; 102.809;
32 ; 29 ; 6 ; 0.000590701 ; -0.0141729 ; -0.00467343 ; 102.926;
33 ; 29 ; 6 ; 0.00567554 ; -0.0165414 ; 0.00555241 ; 103.58;
4 ; 30 ; 6 ; 0.00360362 ; -0.0186903 ; 0.0116226 ; 103.16;
5 ; 30 ; 6 ; 0.00605992 ; -0.0211353 ; -0.00100511 ; 102.767;
6 ; 30 ; 6 ; 0.0110549 ; -0.0149254 ; 0.0106331 ; 103.357;
7 ; 30 ; 6 ; -7.48837e-05 ; -0.00813442 ; 0.020297 ; 103.142;
8 ; 30 ; 6 ; 0.00873997 ; -0.00933261 ; 0.0105966 ; 103.047;
9 ; 30 ; 6 ; 0.016413 ; -0.00178337 ; 0.00554201 ; 102.807;
10 ; 30 ; 6 ; 0.0171989 ; -0.00424022 ; 0.00414749 ; 103.143;
11 ; 30 ; 6 ; -0.00396649 ; -0.0112972 ; 0.00679692 ; 102.917;
12 ; 30 ; 6 ; 0.00774659 ; -0.018819 ; 0.0138808 ; 102.765;
13 ; 30 ; 6 ; 0.00065308 ; -0.0133871 ; 0.0122037 ; 102.567;
14 ; 30 ; 6 ; -0.0130333 ; -0.016337 ; 0.0085946 ; 102.793;
15 ; 30 ; 6 ; -0.00197032 ; -0.0036438 ; 0.00883477 ; 103.077;
16 ; 30 ; 6 ; 0.00435625 ; -0.00705689 ; 0.0074156 ; 102.573;
17 ; 30 ; 6 ; -0.00650762 ; -0.00650175 ; 0.0135188 ; 102.253;
18 ; 30 ; 6 ; -0.0128679 ; -0.0159367 ; -0.0066994 ; 102.499;
19 ; 30 ; 6 ; -0.000136052 ; -0.0150305 ; 0.0145418 ; 102.316;
20 ; 30 ; 6 ; -0.00913057 ; -0.0114095 ; 0.00524054 ; 102.789;
21 ; 30 ; 6 ; -0.00909757 ; -0.0191632 ; 0.0236018 ; 102.668;
22 ; 30 ; 6 ; 0.0114575 ; -0.0149352 ; 0.00571088 ; 102.669;
23 ; 30 ; 6 ; 0.000627771 ; -0.0134221 ; 0.0167445 ; 102.661;
24 ; 30 ; 6 ; -0.00395343 ; -0.0153686 ; 0.012375 ; 102.583;
25 ; 30 ; 6 ; -0.0186235 ; -0.0146499 ; 0.0162236 ; 102.85;
26 ; 30 ; 6 ; -0.00179601 ; -0.00321139 ; 0.0056105 ; 103.191;
27 ; 30 ; 6 ; -0.00734538 ; -0.0135899 ; 0.00367722 ; 102.9;
28 ; 30 ; 6 ; -0.0183022 ; -0.00806315 ; -0.0106143 ; 103.086;
29 ; 30 ; 6 ; -0.00295616 ; -0.0168148 ; 0.0120706 ; 103.268;
30 ; 30 ; 6 ; -0.00412591 ; -0.0185096 ; 0.00748933 ; 103.253;
31 ; 30 ; 6 ; -0.0180046 ; -0.00828351 ; 0.00831448 ; 102.337;
32 ; 30 ; 6 ; -0.0016881 ; -0.0126949 ; 0.0072152 ; 103.042;
33 ; 30 ; 6 ; -0.00775959 ; -0.0246605 ; 0.00216418 ; 103.11;
4 ; 31 ; 6 ; 0.00292918 ; 0.000479987 ; 0.00589818 ; 102.896;
5 ; 31 ; 6 ; 0.00866669 ; -0.00680649 ; 0.00669556 ; 103.207;
6 ; 31 ; 6 ; 0.0142038 ; -0.0105346 ; 0.0101975 ; 102.828;
7 ; 31 ; 6 ; 0.0183694 ; 0.00474853 ; 0.0118592 ; 103.126;
8 ; 31 ; 6 ; 0.0168588 ; -0.00107927 ; 0.00931544 ; 102.98;
9 ; 31 ; 6 ; 0.0119421 ; -0.00710427 ; 0.0258328 ; 103.073;
10 ; 31 ; 6 ; 0.0121285 ; -0.00496324 ; 0.0180387 ; 102.555;
11 ; 31 ; 6 ; 0.00167533 ; -0.0155897 ; 0.00962427 ; 102.723;
12 ; 31 ; 6 ; 0.00185131 ; -0.0156493 ; 0.0117196 ; 103.006;
13 ; 31 ; 6 ; 0.000370112 ; -0.0155428 ; 0.00412158 ; 102.65;
14 ; 31 ; 6 ; -0.00464521 ; -0.0208441 ; 0.0198016 ; 103.083;
15 ; 31 ; 6 ; -0.00379849 ; -0.00605916 ; 0.00731001 ; 102.861;
16 ; 31 ; 6 ; 0.00163375 ; -0.00827199 ; 0.0200431 ; 102.184;
17 ; 31 ; 6 ; -0.00892616 ; -0.00729645 ; 0.00629933 ; 102.93;
18 ; 31 ; 6 ; -0.000946466 ; -0.0207201 ; 0.0134302 ; 102.929;
19 ; 31 ; 6 ; -0.0167706 ; -0.0141761 ; 0.00229335 ; 102.458;
20 ; 31 ; 6 ; 0.00243801 ; -0.0147201 ; 0.00887238 ; 102.548;
21 ; 31 ; 6 ; 0.000435375 ; -0.00447541 ; 0.0106028 ; 102.683;
22 ; 31 ; 6 ; -0.00147961 ; -0.015577 ; 0.0117353 ; 102.587;
23 ; 31 ; 6 ; 0.0108199 ; -0.00642941 ; 0.00854764 ; 103.266;
24 ; 31 ; 6 ; -0.0228561 ; -0.0186665 ; 0.0165254 ; 102.36;
25 ; 31 ; 6 ; -0.0104708 ; -0.0260305 ; 0.0113842 ; 102.743;
26 ; 31 ; 6 ; -0.0181724 ; -0.00879687 ; 0.00665763 ; 102.613;
27 ; 31 ; 6 ; -0.00423746 ; -0.0109344 ; 0.00441439 ; 102.914;
28 ; 31 ; 6 ; 0.00329856 ; -0.00923941 ; 0.00875147 ; 103.187;
29 ; 31 ; 6 ; -0.00989055 ; -0.00488737 ; 0.000785111 ; 102.944;
30 ; 31 ; 6 ; -0.0122609 ; -0.00561195 ; -0.000469133 ; 103.045;
31 ; 31 ; 6 ; -0.0126697 ; -0.0119499 ; 0.00427609 ; 103.386;
32 ; 31 ; 6 ; -0.000755887 ; -0.0164638 ; 0.00956738 ; 103.126;
33 ; 31 ; 6 ; -0.00668051 ; -0.013447 ; 0.00120152 ; 102.95;
4 ; 32 ; 6 ; 0.00448906 ; -0.0011842 ; 0.00830658 ; 103.205;
5 ; 32 ; 6 ; 0.00652439 ; -0.00909849 ; 0.0178965 ; 102.925;
6 ; 32 ; 6 ; 0.0122598 ; -0.0030315 ; 0.0176959 ; 102.779;
7 ; 32 ; 6 ; 0.0112693 ; -0.00311354 ; 0.0102768 ; 102.916;
8 ; 32 ; 6 ; 0.0157387 ; -0.00805155 ; -0.00471901 ; 103.168;
9 ; 32 ; 6 ; 0.0108888 ; -0.00209558 ; 0.0152749 ; 102.617;
10 ; 32 ; 6 ; 0.0156794 ; -0.00944557 ; 0.0110725 ; 103.075;
11 ; 32 ; 6 ; 0.0197743 ; 0.00136482 ; 0.0105614 ; 102.944;
12 ; 32 ; 6 ; 0.012057 ; -0.00192772 ; 0.0207175 ; 102.554;
13 ; 32 ; 6 ; 0.00592196 ; -0.00148003 ; 0.00800064 ; 102.141;
14 ; 32 ; 6 ; -0.0111712 ; -0.00596546 ; 0.0194015 ; 103.019;
15 ; 32 ; 6 ; -0.0101927 ; -0.00199772 ; 0.00822713 ; 102.687;
16 ; 32 ; 6 ; -0.00323294 ; -0.0032597 ; 0.00607907 ; 102.593;
17 ; 32 ; 6 ; -0.0023828 ; -0.0173166 ; 0.0136145 ; 102.538;
18 ; 32 ; 6 ; -0.0102372 ; -0.00568319 ; 0.0121774 ; 102.593;
19 ; 32 ; 6 ; -0.000884179 ; -0.0236306 ; 0.0177253 ; 102.768;
20 ; 32 ; 6 ; 0.00416133 ; -0.0094853 ; 0.00399245 ; 102.503;
21 ; 32 ; 6 ; 0.000856836 ; -0.0130342 ; 0.00551951 ; 102.41;
22 ; 32 ; 6 ; 0.0108541 ; -0.0210699 ; 0.0162898 ; 102.818;
23 ; 32 ; 6 ; 0.00768013 ; -0.0199413 ; 0.0119282 ; 102.292;
24 ; 32 ; 6 ; 0.00753335 ; 0.000148655 ; 0.0200571 ; 103.09;
25 ; 32 ; 6 ; -0.00375414 ; -0.00921048 ; 0.0230034 ; 102.747;
26 ; 32 ; 6 ; -0.0142575 ; 0.00193577 ; 0.00137031 ; 102.248;
27 ; 32 ; 6 ; -0.00425724 ; -0.0103542 ; -0.00061073 ; 102.76;
28 ; 32 ; 6 ; -0.00717705 ; -0.0127035 ; 0.00433086 ; 102.978;
29 ; 32 ; 6 ; -0.0131112 ; -0.00199451 ; 0.00449672 ; 102.869;
30 ; 32 ; 6 ; -0.00238524 ; 0.000710986 ; 0.00507245 ; 103.108;
31 ; 32 ; 6 ; -0.0118103 ; -0.0126464 ; 0.00895371 ; 103.027;
32 ; 32 ; 6 ; -0.0158761 ; 0.000370327 ; -0.00684762 ; 102.497;
33 ; 32 ; 6 ; -0.00448708 ; 0.00396217 ; 0.00175096 ; 102.529;
4 ; 33 ; 6 ; 0.00711887 ; -0.0134678 ; 0.00959628 ; 103.596;
5 ; 33 ; 6 ; 0.00364609 ; -0.0186761 ; 0.0293011 ; 103.108;
6 ; 33 ; 6 ; 0.0110469 ; -0.0120888 ; 0.00968278 ; 102.803;
7 ; 33 ; 6 ; 0.0153064 ; 0.00317431 ; 0.00544131 ; 102.971;
8 ; 33 ; 6 ; 0.0140703 ; 0.0136232 ; 0.00753303 ; 103.207;
9 ; 33 ; 6 ; 0.00530337 ; -0.002952 ; 0.00551146 ; 102.792;
10 ; 33 ; 6 ; 0.0178156 ; -0.00652989 ; 0.0150939 ; 102.74;
11 ; 33 ; 6 ; 0.0120206 ; -0.00568166 ; 0.00166 ; 103.3;
12 ; 33 ; 6 ; 0.00438248 ; -0.000653907 ; 0.0201293 ; 102.52;
13 ; 33 ; 6 ; 0.00103321 ; 0.00940555 ; -0.000331193 ; 102.746;
14 ; 33 ; 6 ; 0.00511432 ; -0.00557942 ; 0.0096675 ; 102.006;
15 ; 33 ; 6 ; -0.00573064 ; -0.00360325 ; 0.00421751 ; 102.565;
16 ; 33 ; 6 ; -0.00542872 ; -0.00580201 ; 0.00989177 ; 102.947;
17 ; 33 ; 6 ; 0.00466962 ; -0.00694321 ; 0.0178965 ; 102.704;
18 ; 33 ; 6 ; 0.0017383 ; -0.0182579 ; 0.018656 ; 102.092;
19 ; 33 ; 6 ; -0.00309606 ; -0.00860476 ; 0.0152248 ; 102.829;
20 ; 33 ; 6 ; -0.000292625 ; -0.00480495 ; 0.0190262 ; 102.725;
21 ; 33 ; 6 ; -0.000521381 ; 0.0106516 ; 0.012685 ; 102.772;
22 ; 33 ; 6 ; -0.00656712 ; -0.00960713 ; 0.00288867 ; 102.47;
23 ; 33 ; 6 ; 0.00438897 ; -0.00852884 ; 0.0124648 ; 102.438;
24 ; 33 ; 6 ; 0.00976913 ; -0.009124 ; 0.0116992 ; 102.607;
25 ; 33 ; 6 ; -0.00784987 ; 0.00250658 ; 0.00329444 ; 102.429;
26 ; 33 ; 6 ; -0.012783 ; -0.007748 ; 0.00101982 ; 102.622;
27 ; 33 ; 6 ; -0.00724441 ; 0.00244208 ; 0.000459133 ; 102.786;
28 ; 33 ; 6 ; -0.00832033 ; -0.00195393 ; 0.010063 ; 103.192;
29 ; 33 ; 6 ; -0.00202564 ; -0.0017112 ; 0.00378975 ; 103.022;
30 ; 33 ; 6 ; -0.00775342 ; -0.00269151 ; -0.000900988 ; 103.146;
31 ; 33 ; 6 ; -0.00186559 ; 0.00631426 ; 0.0105379 ; 102.773;
32 ; 33 ; 6 ; -0.00524039 ; -0.00848142 ; 0.0162649 ; 102.945;
33 ; 33 ; 6 ; 0.002103 ; 0.00717905 ; 0.0181483 ; 103.098;
4 ; 4 ; 7 ; 0.00694232 ; 0.0016691 ; 0.00222392 ; 102.886;
5 ; 4 ; 7 ; 0.020361 ; -0.00162602 ; 0.00648536 ; 103.096;
6 ; 4 ; 7 ; -0.00155136 ; 0.0139302 ; 0.00397618 ; 103.176;
7 ; 4 ; 7 ; 0.00824778 ; 0.0122947 ; 0.00676221 ; 103.207;
8 ; 4 ; 7 ; 0.00963831 ; 0.00192821 ; 0.0214636 ; 103.138;
9 ; 4 ; 7 ; 0.00996099 ; 0.00770017 ; 0.0240689 ; 103.324;
10 ; 4 ; 7 ; 0.0113637 ; 0.00108146 ; 0.00820352 ; 102.726;
11 ; 4 ; 7 ; 0.00967507 ; -0.0039451 ; 0.0145926 ; 102.722;
12 ; 4 ; 7 ; 0.0105115 ; -0.0061979 ; 0.0229737 ; 102.566;
13 ; 4 ; 7 ; 0.00192103 ; -0.00184793 ; -0.00201969 ; 102.875;
14 ; 4 ; 7 ; 0.00250295 ; 0.00648127 ; 0.00477786 ; 102.553;
15 ; 4 ; 7 ; -0.0024101 ; 0.00520711 ; 0.00875802 ; 102.819;
16 ; 4 ; 7 ; 0.00187697 ; -0.00595745 ; 0.0169264 ; 102.761;
17 ; 4 ; 7 ; -0.011268 ; 0.00189682 ; 0.00841968 ; 102.802;
18 ; 4 ; 7 ; -0.0015076 ; 0.00181153 ; 0.011076 ; 103.002;
19 ; 4 ; 7 ; -0.000604492 ; -0.00579558 ; 0.0147586 ; 102.533;
20 ; 4 ; 7 ; -0.000389255 ; 0.00438614 ; 0.0200804 ; 102.305;
21 ; 4 ; 7 ; 0.00846329 ; -0.00733019 ; 0.016155 ; 102.884;
22 ; 4 ; 7 ; -0.00822954 ; -0.00500312 ; 0.0139698 ; 102.844;
23 ; 4 ; 7 ; 0.0103137 ; 0.00209745 ; 0.0114231 ; 102.828;
24 ; 4 ; 7 ; 0.00167523 ; 0.00106246 ; -0.00264196 ; 102.77;
25 ; 4 ; 7 ; -0.010758 ; -0.0148534 ; 0.023814 ; 103.035;
26 ; 4 ; 7 ; -0.000426758 ; 0.00295911 ; 0.00231934 ; 103.188;
27 ; 4 ; 7 ; -0.023269 ; -0.00963426 ; -0.0015727 ; 102.893;
28 ; 4 ; 7 ; -0.0149257 ; 0.00325989 ; 0.00236184 ; 102.87;
29 ; 4 ; 7 ; -0.0140623 ; 0.00260103 ; 0.011573 ; 102.743;
30 ; 4 ; 7 ; -0.0213372 ; 0.00306388 ; 0.013649 ; 102.395;
31 ; 4 ; 7 ; -0.00907627 ; 0.00528759 ; 0.00423144 ; 102.917;
32 ; 4 ; 7 ; -0.0033229 ; 0.0124207 ; 0.0137953 ; 102.928;
33 ; 4 ; 7 ; -0.00368583 ; 0.0137633 ; 0.00312539 ; 102.915;
4 ; 5 ; 7 ; 0.00334091 ; 0.000949995 ; -0.00405404 ; 102.974;
5 ; 5 ; 7 ; 0.010935 ; -0.000395818 ; 0.022374 ; 103.248;
6 ; 5 ; 7 ; 0.000400078 ; 0.0125828 ; 0.00780358 ; 102.471;
7 ; 5 ; 7 ; 0.0268132 ; 0.003188 ; 0.00766389 ; 102.677;
8 ; 5 ; 7 ; 0.0119585 ; 0.00616071 ; 0.0152884 ; 103.603;
9 ; 5 ; 7 ; 0.0177629 ; -0.00105782 ; 0.00855896 ; 102.764;
10 ; 5 ; 7 ; 0.0100595 ; 0.00845513 ; 0.00890803 ; 102.89;
11 ; 5 ; 7 ; 0.00369304 ; 0.00894159 ; 0.022263 ; 102.744;
12 ; 5 ; 7 ; 0.0136212 ; -0.000376709 ; 0.012251 ; 102.47;
13 ; 5 ; 7 ; 0.0137749 ; -0.00344739 ; 0.029976 ; 102.772;
14 ; 5 ; 7 ; 0.00557056 ; 0.00601834 ; 0.0062063 ; 102.681;
15 ; 5 ; 7 ; 0.00085691 ; 0.00206094 ; 0.016313 ; 102.461;
16 ; 5 ; 7 ; -0.0117807 ; 0.013103 ; 0.0107154 ; 102.46;
17 ; 5 ; 7 ; -0.010129 ; 0.00577209 ; 0.0196065 ; 102.394;
18 ; 5 ; 7 ; 0.00413387 ; 0.000139226 ; 0.0268888 ; 102.542;
19 ; 5 ; 7 ; 0.0144339 ; 0.0177917 ; 0.0127582 ; 102.93;
20 ; 5 ; 7 ; -0.00884034 ; 0.00310397 ; 0.0201273 ; 103.041;
21 ; 5 ; 7 ; 0.00382584 ; 0.00412974 ; 0.0154681 ; 103.026;
22 ; 5 ; 7 ; -0.000473028 ; -0.00175754 ; 0.0216973 ; 102.671;
23 ; 5 ; 7 ; 0.00942827 ; 0.00738586 ; 0.0120093 ; 102.325;
24 ; 5 ; 7 ; -0.00827039 ; 0.00116774 ; 0.0183549 ; 102.51;
25 ; 5 ; 7 ; -0.0154947 ; -2.18119e-05 ; 0.0262784 ; 103.089;
26 ; 5 ; 7 ; -0.00746063 ; 0.0129333 ; 0.00722027 ; 103.195;
27 ; 5 ; 7 ; -0.000208895 ; -0.00510474 ; 0.0117488 ; 102.681;
28 ; 5 ; 7 ; -0.0243975 ; 0.0260616 ; 0.0193297 ; 103.162;
29 ; 5 ; 7 ; -0.0166753 ; 0.00348892 ; -0.000866344 ; 103.047;
30 ; 5 ; 7 ; -0.0106996 ; 0.00779239 ; 0.0163658 ; 103.014;
31 ; 5 ; 7 ; -0.0154754 ; 0.000742278 ; 0.00736447 ; 102.768;
32 ; 5 ; 7 ; -0.0157327 ; -0.000171743 ; 0.0201013 ; 103.065;
33 ; 5 ; 7 ; -0.00420293 ; -0.00604564 ; 0.0128673 ; 102.834;
4 ; 6 ; 7 ; 0.00392585 ; 0.00705747 ; 0.0173382 ; 102.815;
5 ; 6 ; 7 ; 0.00221374 ; 0.00287426 ; 0.00710105 ; 102.955;
6 ; 6 ; 7 ; 0.015446 ; 0.0125482 ; -0.0011786 ; 102.701;
7 ; 6 ; 7 ; 0.0125449 ; 0.00506141 ; 0.00428064 ; 103.411;
8 ; 6 ; 7 ; 0.0104871 ; 0.0092182 ; 0.0104513 ; 102.921;
9 ; 6 ; 7 ; 0.0153092 ; 0.00794234 ; 0.0156123 ; 102.913;
10 ; 6 ; 7 ; 0.00768326 ; 0.00937175 ; 0.0140184 ; 103.165;
11 ; 6 ; 7 ; 0.0150039 ; 0.021438 ; 0.00612576 ; 102.556;
12 ; 6 ; 7 ; -0.00196923 ; 0.00507172 ; 0.0135439 ; 102.495;
13 ; 6 ; 7 ; -0.00732587 ; -0.000800483 ; 0.0178261 ; 102.672;
14 ; 6 ; 7 ; 0.011989 ; 0.0148616 ; 0.0107244 ; 102.547;
15 ; 6 ; 7 ; 0.00502201 ; 0.00708691 ; 0.0134735 ; 102.345;
16 ; 6 ; 7 ; 9.70879e-05 ; 0.021318 ; 0.0288555 ; 102.667;
17 ; 6 ; 7 ; 0.0058467 ; 0.00983867 ; 0.0187562 ; 102.751;
18 ; 6 ; 7 ; -0.00766476 ; 0.0127534 ; 0.0163032 ; 102.049;
19 ; 6 ; 7 ; -0.00165408 ; 0.0116945 ; 0.0104941 ; 102.554;
20 ; 6 ; 7 ; 0.0064551 ; 0.0219794 ; 0.0221297 ; 102.524;
21 ; 6 ; 7 ; 0.00935833 ; -0.0038925 ; 0.0173237 ; 102.696;
22 ; 6 ; 7 ; 0.00984617 ; 0.00566338 ; 0.0128068 ; 102.563;
23 ; 6 ; 7 ; -0.0072104 ; 0.01306 ; 0.0231058 ; 102.64;
24 ; 6 ; 7 ; -0.0154925 ; 0.0293008 ; 0.0112983 ; 102.939;
25 ; 6 ; 7 ; -0.00765214 ; 0.00788369 ; 0.0091164 ; 102.467;
26 ; 6 ; 7 ; -0.0139193 ; 0.00598578 ; 0.00321082 ; 102.724;
27 ; 6 ; 7 ; -0.00965557 ; 0.0241292 ; 0.0175443 ; 102.653;
28 ; 6 ; 7 ; -0.0108548 ; 0.00385573 ; 0.00842396 ; 103.179;
29 ; 6 ; 7 ; -0.00989437 ; 0.00513108 ; 0.00815644 ; 103.03;
30 ; 6 ; 7 ; -0.00877499 ; 0.00445713 ; -0.00166401 ; 102.783;
31 ; 6 ; 7 ; -0.0241854 ; 0.0106969 ; 0.0161914 ; 103.035;
32 ; 6 ; 7 ; -0.00139075 ; 0.00505512 ; 0.000483627 ; 102.788;
33 ; 6 ; 7 ; 0.00335579 ; 0.0127146 ; 0.0182949 ; 102.858;
4 ; 7 ; 7 ; 0.00939679 ; 0.00741996 ; 0.00309644 ; 102.558;
5 ; 7 ; 7 ; 0.00286303 ; 0.00352071 ; 0.016834 ; 103.119;
6 ; 7 ; 7 ; 0.0119348 ; -0.00401695 ; 0.00988904 ; 102.941;
7 ; 7 ; 7 ; 0.0190569 ; 0.0025444 ; 0.0118481 ; 102.813;
8 ; 7 ; 7 ; 0.0206365 ; 0.0105378 ; 0.00171974 ; 103.27;
9 ; 7 ; 7 ; 0.00786508 ; 0.0199609 ; -0.0140411 ; 102.975;
10 ; 7 ; 7 ; -0.00197383 ; 0.0222931 ; 0.0108332 ; 103.144;
11 ; 7 ; 7 ; 0.0209773 ; 0.000508514 ; 0.00903983 ; 102.98;
12 ; 7 ; 7 ; 0.0120036 ; 0.0147927 ; 0.0168938 ; 102.596;
13 ; 7 ; 7 ; 0.00243901 ; 0.0128043 ; 0.0160291 ; 102.218;
14 ; 7 ; 7 ; 0.0108011 ; 0.0146212 ; 0.0150615 ; 102.741;
15 ; 7 ; 7 ; 0.00259576 ; 0.0281025 ; 0.00291727 ; 102.717;
16 ; 7 ; 7 ; 0.00232177 ; 0.0202786 ; 0.0131015 ; 102.527;
17 ; 7 ; 7 ; -0.00932016 ; 0.0173596 ; 0.017997 ; 102.895;
18 ; 7 ; 7 ; 0.0115203 ; 0.0216417 ; 0.0205449 ; 102.529;
19 ; 7 ; 7 ; 0.0122583 ; 0.0032691 ; 0.00237405 ; 102.788;
20 ; 7 ; 7 ; 0.00964892 ; 0.0184802 ; 0.00739453 ; 102.528;
21 ; 7 ; 7 ; 0.00747803 ; 0.0200846 ; 0.0249308 ; 103.109;
22 ; 7 ; 7 ; -0.000235104 ; 0.0139751 ; 0.0173247 ; 102.569;
23 ; 7 ; 7 ; -0.00623655 ; 0.0278845 ; 0.0291607 ; 102.258;
24 ; 7 ; 7 ; 0.00649706 ; 0.0276928 ; 0.0233825 ; 103.064;
25 ; 7 ; 7 ; -0.00896031 ; 0.0151455 ; 0.0156631 ; 102.811;
26 ; 7 ; 7 ; -0.00506403 ; 0.0198082 ; 0.00481523 ; 102.702;
27 ; 7 ; 7 ; -0.0223776 ; 0.0220339 ; 0.0298808 ; 102.671;
28 ; 7 ; 7 ; -0.0291059 ; 0.0106046 ; 0.0151503 ; 103.381;
29 ; 7 ; 7 ; -0.0131766 ; 0.0109106 ; 0.00585539 ; 102.981;
30 ; 7 ; 7 ; -0.00229557 ; 0.0162196 ; 0.0129489 ; 103.091;
31 ; 7 ; 7 ; -0.000277723 ; 0.0209077 ; -0.00297483 ; 102.963;
32 ; 7 ; 7 ; -0.00529966 ; -0.00268334 ; 0.0163328 ; 102.998;
33 ; 7 ; 7 ; -0.0105586 ; 0.0175318 ; 0.0152907 ; 103.069;
4 ; 8 ; 7 ; 0.000808121 ; 0.00546223 ; 0.00936756 ; 103.157;
5 ; 8 ; 7 ; 0.00604677 ; 0.0192811 ; 0.0274762 ; 102.899;
6 ; 8 ; 7 ; 0.0139639 ; 0.00623613 ; 0.0263165 ; 102.806;
7 ; 8 ; 7 ; 0.000540795 ; 0.00943915 ; 0.0113896 ; 103.119;
8 ; 8 ; 7 ; 0.012943 ; -0.00209724 ; 0.0116169 ; 103;
9 ; 8 ; 7 ; -0.0059188 ; 0.00473747 ; 0.00766779 ; 103.129;
10 ; 8 ; 7 ; 0.00306966 ; 0.00706307 ; 0.00941805 ; 102.711;
11 ; 8 ; 7 ; -0.0149943 ; 0.0039222 ; 0.0127935 ; 103.316;
12 ; 8 ; 7 ; -0.00432477 ; 0.0253418 ; 0.00284421 ; 102.457;
13 ; 8 ; 7 ; 0.00509621 ; 0.0226817 ; 0.00457045 ; 102.961;
14 ; 8 ; 7 ; 0.00201424 ; 0.0217264 ; 0.011197 ; 102.463;
15 ; 8 ; 7 ; 0.00589086 ; 0.0241499 ; 0.015563 ; 102.46;
16 ; 8 ; 7 ; 0.00190315 ; 0.0106218 ; 0.0316757 ; 102.548;
17 ; 8 ; 7 ; 0.00509996 ; 0.0136415 ; 0.012347 ; 102.676;
18 ; 8 ; 7 ; 0.0119533 ; 0.0154298 ; 0.00652821 ; 102.535;
19 ; 8 ; 7 ; -0.00721534 ; 0.0050984 ; 0.0283352 ; 102.528;
20 ; 8 ; 7 ; 0.000436128 ; 0.0152034 ; 0.011296 ; 102.852;
21 ; 8 ; 7 ; 0.00681151 ; 0.0173143 ; 0.015995 ; 102.58;
22 ; 8 ; 7 ; -0.00536908 ; 0.0191862 ; 0.0189184 ; 102.42;
23 ; 8 ; 7 ; 0.00778691 ; 0.0232923 ; 0.0149481 ; 102.466;
24 ; 8 ; 7 ; 0.000200808 ; 0.022365 ; 0.0187803 ; 102.502;
25 ; 8 ; 7 ; -0.0197036 ; 0.0306431 ; 0.0153425 ; 102.802;
26 ; 8 ; 7 ; -0.00754543 ; 0.0182857 ; 0.0127311 ; 102.558;
27 ; 8 ; 7 ; -0.00519846 ; 0.0146636 ; 0.0110505 ; 103.162;
28 ; 8 ; 7 ; -0.00446316 ; 0.00720411 ; 0.0171273 ; 103.047;
29 ; 8 ; 7 ; -0.0141722 ; 0.0230058 ; 0.000808312 ; 103.155;
30 ; 8 ; 7 ; -0.00502751 ; 0.0301257 ; 0.0149815 ; 103.09;
31 ; 8 ; 7 ; -0.00788465 ; 0.00424736 ; 0.00993039 ; 103.28;
32 ; 8 ; 7 ; 0.0117126 ; 0.0103834 ; 0.00912632 ; 102.757;
33 ; 8 ; 7 ; 0.00116999 ; 0.0248309 ; 0.0145822 ; 102.808;
4 ; 9 ; 7 ; -0.00729777 ; 0.00729617 ; 0.0153245 ; 102.14;
5 ; 9 ; 7 ; 0.00589206 ; 0.00566523 ; 0.0118919 ; 103.278;
6 ; 9 ; 7 ; 0.00120555 ; 0.0173126 ; 0.0203738 ; 102.673;
7 ; 9 ; 7 ; 0.00566069 ; 0.0180935 ; 0.0167574 ; 102.795;
8 ; 9 ; 7 ; 0.0133551 ; 0.00127126 ; 0.00949381 ; 103.381;
9 ; 9 ; 7 ; 0.00543861 ; 0.0112895 ; 0.00718892 ; 102.783;
10 ; 9 ; 7 ; 0.0141373 ; 0.0320809 ; 0.0146375 ; 103.083;
11 ; 9 ; 7 ; 0.00554701 ; 0.0229529 ; 0.00841702 ; 102.897;
12 ; 9 ; 7 ; 0.00195968 ; 0.0321632 ; 0.0151721 ; 102.472;
13 ; 9 ; 7 ; -0.00692112 ; 0.0203494 ; 0.00665805 ; 102.581;
14 ; 9 ; 7 ; 0.00479074 ; 0.0207352 ; 0.0224648 ; 102.612;
15 ; 9 ; 7 ; -0.00285089 ; 0.0266164 ; 0.0186721 ; 102.579;
16 ; 9 ; 7 ; 0.00671138 ; 0.0120973 ; 0.0263762 ; 102.86;
17 ; 9 ; 7 ; 0.00510489 ; 0.0229552 ; 0.00683015 ; 102.734;
18 ; 9 ; 7 ; -0.00862779 ; 0.0135464 ; 0.0175532 ; 101.981;
19 ; 9 ; 7 ; 0.00592467 ; 0.0191764 ; 0.00836854 ; 102.654;
20 ; 9 ; 7 ; 0.00417369 ; 0.0261087 ; 0.0165913 ; 102.482;
21 ; 9 ; 7 ; -0.000370928 ; 0.0206659 ; 0.0155728 ; 102.54;
22 ; 9 ; 7 ; 0.0101479 ; 0.0139986 ; 0.0229246 ; 102.178;
23 ; 9 ; 7 ; 0.00393877 ; 0.0164319 ; 0.018833 ; 102.974;
24 ; 9 ; 7 ; -0.000645883 ; 0.0176159 ; 0.0305794 ; 102.602;
25 ; 9 ; 7 ; -0.0122069 ; 0.0114382 ; 0.0154783 ; 102.689;
26 ; 9 ; 7 ; -0.0155218 ; 0.0111025 ; 0.0246563 ; 102.636;
27 ; 9 ; 7 ; -0.019344 ; 0.00444716 ; 0.0170254 ; 102.645;
28 ; 9 ; 7 ; -0.0263796 ; 0.00861374 ; 0.0145945 ; 102.392;
29 ; 9 ; 7 ; -0.0243593 ; 0.00752492 ; 0.0247564 ; 102.961;
30 ; 9 ; 7 ; -0.00794644 ; 0.0135853 ; 0.00964433 ; 103.015;
31 ; 9 ; 7 ; -0.0083842 ; 0.00867478 ; 0.0181264 ; 102.445;
32 ; 9 ; 7 ; -0.0167546 ; 0.00827877 ; 0.020886 ; 102.677;
33 ; 9 ; 7 ; -0.00399366 ; 0.00920023 ; 0.0154221 ; 103.064;
4 ; 10 ; 7 ; -0.00369011 ; 0.00149836 ; 0.0157546 ; 103.068;
5 ; 10 ; 7 ; 0.00673592 ; 0.0153111 ; 0.0293155 ; 102.998;
6 ; 10 ; 7 ; 0.00701606 ; 0.00952092 ; 0.0117691 ; 103.107;
7 ; 10 ; 7 ; 0.00439979 ; 0.0206056 ; 0.0189821 ; 103.172;
8 ; 10 ; 7 ; 0.0119887 ; 0.0217542 ; 0.0019859 ; 102.657;
9 ; 10 ; 7 ; 0.00845338 ; 0.0201179 ; 0.0117353 ; 103.241;
10 ; 10 ; 7 ; 0.0107476 ; 0.00748866 ; 0.0128147 ; 102.774;
11 ; 10 ; 7 ; 0.0144224 ; 0.0210571 ; 0.0219048 ; 103.024;
12 ; 10 ; 7 ; 0.00964432 ; 0.00648715 ; 0.0171341 ; 102.977;
13 ; 10 ; 7 ; 0.00885208 ; 0.0160659 ; 0.0200371 ; 102.547;
14 ; 10 ; 7 ; 0.0194541 ; 0.00453446 ; 0.0039187 ; 102.276;
15 ; 10 ; 7 ; -0.00321776 ; 0.00789629 ; 0.0105113 ; 102.45;
16 ; 10 ; 7 ; 0.00756895 ; 0.0187924 ; 0.0136539 ; 102.414;
17 ; 10 ; 7 ; -0.00248313 ; 0.0204906 ; 0.0257487 ; 101.988;
18 ; 10 ; 7 ; -0.00679152 ; 0.01043 ; 0.0136923 ; 102.604;
19 ; 10 ; 7 ; 0.00343496 ; 0.0206681 ; 0.0284344 ; 102.412;
20 ; 10 ; 7 ; 0.0120414 ; 0.0132964 ; 0.0152052 ; 101.87;
21 ; 10 ; 7 ; 0.0135824 ; 0.0147536 ; 0.0222213 ; 102.367;
22 ; 10 ; 7 ; 0.00735239 ; 0.0115941 ; 0.00702477 ; 102.541;
23 ; 10 ; 7 ; 0.00250307 ; 0.0151958 ; 0.0232736 ; 102.498;
24 ; 10 ; 7 ; -0.0130316 ; 0.0110029 ; 0.0228812 ; 102.627;
25 ; 10 ; 7 ; -0.0105316 ; 0.00321344 ; 0.00627336 ; 102.554;
26 ; 10 ; 7 ; -0.0255283 ; 0.0141546 ; 0.0125866 ; 102.903;
27 ; 10 ; 7 ; -0.0139257 ; 0.0172918 ; 0.0117722 ; 102.887;
28 ; 10 ; 7 ; -0.0186332 ; -0.00418205 ; 0.0136803 ; 102.99;
29 ; 10 ; 7 ; -0.0145827 ; 0.0221166 ; -0.00480438 ; 102.709;
30 ; 10 ; 7 ; -0.00151736 ; 0.0106708 ; 0.00398536 ; 103.003;
31 ; 10 ; 7 ; 0.0100659 ; 0.0192732 ; 0.00670689 ; 102.813;
32 ; 10 ; 7 ; -0.00286412 ; 0.00883513 ; 0.0250766 ; 102.545;
33 ; 10 ; 7 ; -0.0136858 ; 0.00699856 ; 0.0200317 ; 102.725;
4 ; 11 ; 7 ; -0.00283331 ; 0.0141878 ; 0.0214964 ; 103.074;
5 ; 11 ; 7 ; 0.00616535 ; 0.00293757 ; 0.0140798 ; 102.811;
6 ; 11 ; 7 ; 0.0112457 ; -0.00183661 ; 0.00450513 ; 103.052;
7 ; 11 ; 7 ; 0.0250889 ; -0.00193973 ; 0.0131047 ; 102.665;
8 ; 11 ; 7 ; 0.0102486 ; 0.0117045 ; 0.00883787 ; 103.081;
9 ; 11 ; 7 ; 0.024339 ; 0.0108525 ; 0.00497288 ; 103.6;
10 ; 11 ; 7 ; 0.0258764 ; -0.0051024 ; 0.0209528 ; 102.796;
11 ; 11 ; 7 ; 0.00662047 ; 0.0100032 ; 0.000506649 ; 102.35;
12 ; 11 ; 7 ; 0.0185651 ; -0.00801954 ; 0.0135599 ; 102.056;
13 ; 11 ; 7 ; 0.00802719 ; 0.0103158 ; 0.0193599 ; 102.564;
14 ; 11 ; 7 ; 0.00717884 ; 0.00654792 ; 0.0151862 ; 102.097;
15 ; 11 ; 7 ; 0.0070902 ; 0.0110777 ; 0.0344706 ; 102.624;
16 ; 11 ; 7 ; 0.00255064 ; 0.00989436 ; 0.0132541 ; 102.111;
17 ; 11 ; 7 ; -0.00295069 ; 0.0201198 ; 0.0264879 ; 102.969;
18 ; 11 ; 7 ; -0.0068154 ; 0.010016 ; 0.0149758 ; 102.101;
19 ; 11 ; 7 ; -0.00529801 ; 0.0135297 ; 0.0276398 ; 102.084;
20 ; 11 ; 7 ; -0.00697307 ; 0.00832966 ; 0.0276602 ; 102.242;
21 ; 11 ; 7 ; -0.00137711 ; 0.0185916 ; 0.0202582 ; 102.081;
22 ; 11 ; 7 ; -0.00795892 ; 0.0227911 ; 0.0310401 ; 102.371;
23 ; 11 ; 7 ; -0.0220201 ; 0.0222443 ; 0.0222083 ; 102.577;
24 ; 11 ; 7 ; -0.0132248 ; 0.0140316 ; 0.0169475 ; 102.363;
25 ; 11 ; 7 ; -0.0219276 ; 0.0134957 ; 0.00175099 ; 102.982;
26 ; 11 ; 7 ; -0.0118141 ; 0.0193034 ; 0.0120733 ; 103.295;
27 ; 11 ; 7 ; -0.0204367 ; 0.0129565 ; 0.0154557 ; 102.579;
28 ; 11 ; 7 ; -0.0189032 ; 0.0194741 ; 0.020187 ; 102.802;
29 ; 11 ; 7 ; -0.00774279 ; 0.00858243 ; 0.00699951 ; 103.226;
30 ; 11 ; 7 ; -0.0055917 ; 0.00353791 ; 0.0125279 ; 102.732;
31 ; 11 ; 7 ; -0.0152923 ; 0.00964573 ; 0.0102755 ; 102.863;
32 ; 11 ; 7 ; -0.0189433 ; 0.000519102 ; 0.00313909 ; 102.693;
33 ; 11 ; 7 ; -0.0193332 ; 0.00174843 ; 0.0128006 ; 102.871;
4 ; 12 ; 7 ; 0.00278124 ; 0.00815397 ; 0.0143292 ; 102.856;
5 ; 12 ; 7 ; -0.00553468 ; -0.00586729 ; 0.0256818 ; 102.629;
6 ; 12 ; 7 ; 0.0219383 ; 0.0149095 ; 0.0137567 ; 103.021;
7 ; 12 ; 7 ; 0.020347 ; -0.00228919 ; 0.0214631 ; 102.773;
8 ; 12 ; 7 ; 0.0187074 ; 0.00571903 ; 0.0163196 ; 102.716;
9 ; 12 ; 7 ; 0.0139591 ; 0.00524444 ; 0.0133931 ; 102.914;
10 ; 12 ; 7 ; 0.0117533 ; 0.010705 ; 0.0166658 ; 103.1;
11 ; 12 ; 7 ; 0.00855621 ; 0.0027277 ; 0.0250383 ; 102.467;
12 ; 12 ; 7 ; 0.0174939 ; 0.024594 ; 0.0136302 ; 102.746;
13 ; 12 ; 7 ; 0.00771395 ; 0.0179108 ; 0.0196945 ; 102.425;
14 ; 12 ; 7 ; 0.00358314 ; 0.0245642 ; 0.0269053 ; 102.49;
15 ; 12 ; 7 ; 0.00157821 ; 0.0170045 ; 0.017452 ; 102.326;
16 ; 12 ; 7 ; 0.000527576 ; 0.0142768 ; 0.0249726 ; 102.121;
17 ; 12 ; 7 ; -0.00310303 ; 0.00893335 ; 0.023612 ; 102.039;
18 ; 12 ; 7 ; -0.00460805 ; 0.0128211 ; 0.0200492 ; 102.341;
19 ; 12 ; 7 ; -0.00220841 ; -0.000380618 ; 0.0134388 ; 102.369;
20 ; 12 ; 7 ; -0.00428767 ; 0.00931317 ; 0.0157067 ; 102.187;
21 ; 12 ; 7 ; 0.00639157 ; 0.0157311 ; 0.0172842 ; 102.15;
22 ; 12 ; 7 ; -0.0170656 ; 0.0104448 ; 0.0101044 ; 102.635;
23 ; 12 ; 7 ; -0.0147522 ; 0.0220652 ; 0.0171875 ; 101.883;
24 ; 12 ; 7 ; -0.00886845 ; 0.0146261 ; 0.0214105 ; 102.675;
25 ; 12 ; 7 ; -0.00420128 ; 0.00995918 ; 0.00955539 ; 102.513;
26 ; 12 ; 7 ; -0.00889533 ; 0.0184946 ; 0.019009 ; 102.622;
27 ; 12 ; 7 ; -0.00676027 ; 0.0255001 ; 0.0189999 ; 102.958;
28 ; 12 ; 7 ; -0.024885 ; -0.00250508 ; 0.00174663 ; 103.07;
29 ; 12 ; 7 ; -0.00785404 ; 0.0144402 ; 0.0146171 ; 102.732;
30 ; 12 ; 7 ; -0.0088653 ; 0.00459862 ; 0.0210318 ; 102.576;
31 ; 12 ; 7 ; -0.0182873 ; -0.00113003 ; 0.0185545 ; 103.047;
32 ; 12 ; 7 ; -0.0152365 ; 0.00381887 ; 0.0098863 ; 102.643;
33 ; 12 ; 7 ; -0.000385067 ; 0.0116427 ; 0.0185199 ; 102.724;
4 ; 13 ; 7 ; 0.0112573 ; 0.00768501 ; 0.0185713 ; 102.989;
5 ; 13 ; 7 ; 0.0204066 ; 3.88849e-05 ; 0.0211915 ; 102.668;
6 ; 13 ; 7 ; 0.0023702 ; -0.00407997 ; 0.0101112 ; 102.691;
7 ; 13 ; 7 ; 0.0168561 ; 0.00204169 ; 0.0229177 ; 102.83;
8 ; 13 ; 7 ; 0.0131049 ; 0.00498235 ; 0.0152111 ; 102.548;
9 ; 13 ; 7 ; 0.0191467 ; 0.00409464 ; 0.027089 ; 102.688;
10 ; 13 ; 7 ; 0.0045568 ; 0.00154146 ; 0.0206807 ; 103.059;
11 ; 13 ; 7 ; 0.0230989 ; 5.32033e-05 ; 0.0231293 ; 102.269;
12 ; 13 ; 7 ; 0.0179683 ; -0.00218724 ; 0.00799653 ; 102.684;
13 ; 13 ; 7 ; 0.0111439 ; 0.00306255 ; 0.0219575 ; 101.85;
14 ; 13 ; 7 ; 0.0038016 ; 0.0166525 ; 0.0346833 ; 102.291;
15 ; 13 ; 7 ; 0.0109845 ; 0.0157575 ; 0.0386536 ; 102.135;
16 ; 13 ; 7 ; -0.00690159 ; -0.00329018 ; 0.034116 ; 102.426;
17 ; 13 ; 7 ; -0.000991775 ; 0.0028694 ; 0.0298232 ; 102.213;
18 ; 13 ; 7 ; -0.000514222 ; 0.0121917 ; 0.0180562 ; 102.001;
19 ; 13 ; 7 ; 0.00575355 ; 0.00413694 ; 0.0173749 ; 102.33;
20 ; 13 ; 7 ; 0.00710803 ; 0.00568297 ; 0.0301301 ; 102.159;
21 ; 13 ; 7 ; -0.00659569 ; 0.0107471 ; 0.0208996 ; 102.34;
22 ; 13 ; 7 ; -0.00300792 ; 0.0205424 ; 0.0162498 ; 102.412;
23 ; 13 ; 7 ; -0.0108591 ; -0.00195743 ; 0.0230954 ; 102.074;
24 ; 13 ; 7 ; -0.0091146 ; -0.00841759 ; 0.023982 ; 102.234;
25 ; 13 ; 7 ; -0.0215117 ; 0.000899265 ; 0.0103032 ; 102.424;
26 ; 13 ; 7 ; -0.0263657 ; 0.0067386 ; 0.0239855 ; 102.587;
27 ; 13 ; 7 ; -0.0413913 ; -0.00432446 ; 0.0105611 ; 102.887;
28 ; 13 ; 7 ; -0.00724975 ; 0.00544147 ; 0.0254774 ; 102.436;
29 ; 13 ; 7 ; -0.022858 ; 0.00452757 ; 0.0291992 ; 102.986;
30 ; 13 ; 7 ; -0.00610054 ; -0.00661908 ; 0.0206589 ; 102.6;
31 ; 13 ; 7 ; -0.0119515 ; -0.00256579 ; 0.0126383 ; 102.682;
32 ; 13 ; 7 ; -0.0147153 ; -0.00560388 ; 0.0220269 ; 102.83;
33 ; 13 ; 7 ; -0.00615749 ; 0.00360645 ; 0.00204161 ; 102.831;
4 ; 14 ; 7 ; 0.00366211 ; 0.0101948 ; 0.0245399 ; 102.282;
5 ; 14 ; 7 ; 0.00292478 ; -0.00669889 ; 0.0096274 ; 102.844;
6 ; 14 ; 7 ; 0.0130453 ; 0.0240042 ; 0.00884661 ; 102.754;
7 ; 14 ; 7 ; 0.0178014 ; -0.024908 ; 0.0177367 ; 102.74;
8 ; 14 ; 7 ; 0.00703432 ; 0.0025677 ; 0.0205601 ; 102.884;
9 ; 14 ; 7 ; 0.0122234 ; 0.00978417 ; 0.0161848 ; 102.314;
10 ; 14 ; 7 ; 0.0270746 ; -0.00879659 ; 0.023096 ; 102.642;
11 ; 14 ; 7 ; 0.0177631 ; 0.00183367 ; 0.0074192 ; 102.539;
12 ; 14 ; 7 ; 0.00534773 ; 0.00696848 ; 0.0193735 ; 102.136;
13 ; 14 ; 7 ; 0.011403 ; -0.000772627 ; 0.00613276 ; 102.363;
14 ; 14 ; 7 ; -0.00348201 ; 0.00212265 ; 0.0152803 ; 102.178;
15 ; 14 ; 7 ; 0.011954 ; 0.00465398 ; 0.0270105 ; 102.308;
16 ; 14 ; 7 ; 0.00127113 ; 0.00842173 ; 0.04069 ; 101.801;
17 ; 14 ; 7 ; 0.00813314 ; 0.00854864 ; 0.0170779 ; 102.231;
18 ; 14 ; 7 ; 0.00767247 ; -0.00974415 ; 0.0190819 ; 101.897;
19 ; 14 ; 7 ; 0.00971212 ; 0.00907566 ; 0.0166044 ; 102.19;
20 ; 14 ; 7 ; -0.0138531 ; -0.0165794 ; 0.0231067 ; 102.454;
21 ; 14 ; 7 ; 0.00539533 ; 0.011724 ; 0.0278499 ; 102.289;
22 ; 14 ; 7 ; -0.00874871 ; 0.013305 ; 0.0218055 ; 102.212;
23 ; 14 ; 7 ; -0.00282137 ; -0.00017394 ; 0.0184926 ; 101.965;
24 ; 14 ; 7 ; -0.00971736 ; 0.00804254 ; 0.02467 ; 102.436;
25 ; 14 ; 7 ; -0.0165735 ; -0.0120098 ; 0.0199316 ; 102.368;
26 ; 14 ; 7 ; -0.0111425 ; 0.00955526 ; 0.0260423 ; 102.798;
27 ; 14 ; 7 ; -0.016462 ; 0.0028562 ; 0.0147885 ; 102.352;
28 ; 14 ; 7 ; -0.0184989 ; -0.00408735 ; 0.0197328 ; 102.721;
29 ; 14 ; 7 ; -0.0201095 ; 0.0128768 ; 0.0174115 ; 102.976;
30 ; 14 ; 7 ; -0.0228668 ; -0.014519 ; 0.00760967 ; 102.385;
31 ; 14 ; 7 ; -0.0197552 ; -0.0078835 ; -0.00174696 ; 102.555;
32 ; 14 ; 7 ; 0.00104936 ; -0.000398085 ; 0.00889752 ; 102.699;
33 ; 14 ; 7 ; 0.00590466 ; -0.0126456 ; -0.00103895 ; 102.678;
4 ; 15 ; 7 ; 0.0126744 ; -0.00532932 ; 0.0355643 ; 102.446;
5 ; 15 ; 7 ; 0.00784075 ; 0.00480116 ; 0.0236887 ; 102.404;
6 ; 15 ; 7 ; 0.00451597 ; 0.0186165 ; 0.00517927 ; 102.708;
7 ; 15 ; 7 ; 0.0116892 ; -0.0129904 ; 0.0100205 ; 102.847;
8 ; 15 ; 7 ; 0.0110764 ; -0.00512253 ; 0.0161425 ; 102.966;
9 ; 15 ; 7 ; 0.0289639 ; -0.000611819 ; 0.0178003 ; 102.523;
10 ; 15 ; 7 ; 0.0198278 ; -0.0081422 ; 0.0314503 ; 102.253;
11 ; 15 ; 7 ; 0.00360974 ; 0.00602979 ; 0.0229982 ; 102.506;
12 ; 15 ; 7 ; 0.00595223 ; 0.00622397 ; 0.0233825 ; 102.298;
13 ; 15 ; 7 ; 0.00736566 ; -0.0115141 ; 0.0244208 ; 102.42;
14 ; 15 ; 7 ; 0.000646223 ; -0.000270239 ; 0.0239628 ; 102.385;
15 ; 15 ; 7 ; -0.00345077 ; 0.00348564 ; 0.0267408 ; 102.037;
16 ; 15 ; 7 ; 0.00167577 ; 0.00207762 ; 0.0286652 ; 102.368;
17 ; 15 ; 7 ; -0.0109328 ; -0.00100159 ; 0.0259765 ; 102.013;
18 ; 15 ; 7 ; -0.00481399 ; 0.0121254 ; 0.0340691 ; 102.374;
19 ; 15 ; 7 ; 0.00236453 ; 0.0058618 ; 0.0224916 ; 102.173;
20 ; 15 ; 7 ; 0.00183899 ; 0.00988495 ; 0.0274776 ; 102.289;
21 ; 15 ; 7 ; -0.0141692 ; 0.00486851 ; 0.033903 ; 102.179;
22 ; 15 ; 7 ; -0.00709334 ; 0.0075034 ; 0.0196498 ; 102.099;
23 ; 15 ; 7 ; 0.00351073 ; -0.00340542 ; 0.0326372 ; 102.088;
24 ; 15 ; 7 ; -0.00252344 ; 0.00252393 ; 0.0231262 ; 102.141;
25 ; 15 ; 7 ; -0.0194217 ; 0.010443 ; -0.00626881 ; 101.98;
26 ; 15 ; 7 ; -0.0224132 ; 0.000322354 ; 0.0192249 ; 102.429;
27 ; 15 ; 7 ; -0.0292673 ; 0.00102179 ; 0.0177289 ; 102.839;
28 ; 15 ; 7 ; -0.0232498 ; 0.00403846 ; 0.00732137 ; 102.404;
29 ; 15 ; 7 ; -0.0228051 ; 0.0067409 ; 0.0153065 ; 102.555;
30 ; 15 ; 7 ; -0.00723671 ; 0.00357419 ; 0.00265812 ; 102.711;
31 ; 15 ; 7 ; -0.00678284 ; 0.0146046 ; 0.0183082 ; 102.307;
32 ; 15 ; 7 ; -0.00763547 ; 0.00233672 ; 0.0090172 ; 102.237;
33 ; 15 ; 7 ; 0.0105847 ; -0.00491566 ; 0.0139015 ; 102.495;
4 ; 16 ; 7 ; -0.00837084 ; -0.0106352 ; 0.0156217 ; 102.322;
5 ; 16 ; 7 ; 0.0168855 ; -0.0101884 ; 0.029209 ; 102.884;
6 ; 16 ; 7 ; 0.0197729 ; -0.00316884 ; 0.0118344 ; 102.524;
7 ; 16 ; 7 ; 0.0221836 ; 0.00742187 ; 0.0104377 ; 102.606;
8 ; 16 ; 7 ; 0.0156474 ; -0.00443374 ; 0.0272418 ; 102.487;
9 ; 16 ; 7 ; 0.00702069 ; 0.0124725 ; 0.0171324 ; 102.483;
10 ; 16 ; 7 ; 0.0217522 ; 0.0075073 ; 0.0311993 ; 102.382;
11 ; 16 ; 7 ; 0.00822934 ; 0.00118998 ; 0.0260281 ; 102.247;
12 ; 16 ; 7 ; 0.00753849 ; 0.00843766 ; 0.0140644 ; 101.973;
13 ; 16 ; 7 ; -0.0129982 ; 0.00236612 ; 0.0286305 ; 102.223;
14 ; 16 ; 7 ; 0.00639411 ; -0.00515297 ; 0.0202816 ; 102.378;
15 ; 16 ; 7 ; -0.00370987 ; 0.00217255 ; 0.0313271 ; 101.745;
16 ; 16 ; 7 ; 0.000789805 ; 0.00317495 ; 0.0286941 ; 101.969;
17 ; 16 ; 7 ; 0.00643862 ; -0.0061117 ; 0.0203533 ; 101.977;
18 ; 16 ; 7 ; 0.00733439 ; -0.00590979 ; 0.0191627 ; 101.84;
19 ; 16 ; 7 ; 0.00478354 ; 0.0099999 ; 0.0366106 ; 101.967;
20 ; 16 ; 7 ; -0.00107511 ; -0.000733056 ; 0.0302892 ; 102.075;
21 ; 16 ; 7 ; -0.00389761 ; -0.00925467 ; 0.0305942 ; 102.138;
22 ; 16 ; 7 ; -0.0068391 ; -0.0161954 ; 0.0275015 ; 102.298;
23 ; 16 ; 7 ; -0.00105315 ; 0.00509772 ; 0.0348834 ; 102.26;
24 ; 16 ; 7 ; -0.0152228 ; 0.00377182 ; 0.0154241 ; 101.919;
25 ; 16 ; 7 ; -0.0155689 ; -0.00712252 ; 0.0100098 ; 102.097;
26 ; 16 ; 7 ; -0.0189305 ; -0.00330649 ; 0.0174716 ; 102.721;
27 ; 16 ; 7 ; -0.0229781 ; -0.0119476 ; 0.0175941 ; 102.696;
28 ; 16 ; 7 ; -0.026908 ; -0.018533 ; 0.010146 ; 102.361;
29 ; 16 ; 7 ; -0.00920217 ; -0.00717524 ; -0.0057886 ; 102.564;
30 ; 16 ; 7 ; -0.010491 ; 0.000371596 ; 0.0191802 ; 102.143;
31 ; 16 ; 7 ; -0.0162492 ; -0.0143789 ; 0.0160448 ; 102.22;
32 ; 16 ; 7 ; -0.016021 ; -0.000681047 ; 0.0119754 ; 102.717;
33 ; 16 ; 7 ; -0.00238913 ; -0.0122381 ; 0.0115223 ; 103.124;
4 ; 17 ; 7 ; 0.000377202 ; -0.00732971 ; 0.0192906 ; 102.699;
5 ; 17 ; 7 ; 0.00200762 ; -0.00320485 ; 0.0161925 ; 102.568;
6 ; 17 ; 7 ; 0.00587634 ; 0.0112437 ; 0.0136806 ; 102.686;
7 ; 17 ; 7 ; 0.0107721 ; -0.00620464 ; 0.0231167 ; 102.715;
8 ; 17 ; 7 ; 0.0192712 ; -0.00916957 ; 0.0263584 ; 102.192;
9 ; 17 ; 7 ; 0.0187728 ; 0.00427642 ; 0.0184208 ; 102.266;
10 ; 17 ; 7 ; 0.0237171 ; 0.00246071 ; 0.00844652 ; 102.193;
11 ; 17 ; 7 ; 0.013515 ; -0.001028 ; 0.0236421 ; 102.609;
12 ; 17 ; 7 ; 0.0169485 ; 0.000161704 ; 0.0135258 ; 102.366;
13 ; 17 ; 7 ; 0.0133671 ; 0.0111562 ; 0.0213716 ; 102.434;
14 ; 17 ; 7 ; -0.00666592 ; -0.00518787 ; 0.0209137 ; 102.059;
15 ; 17 ; 7 ; 0.0120614 ; -0.00755278 ; 0.0247948 ; 102.225;
16 ; 17 ; 7 ; 0.000381237 ; 0.00141275 ; 0.0173063 ; 101.963;
17 ; 17 ; 7 ; 0.00621689 ; -0.00593794 ; 0.0490617 ; 101.866;
18 ; 17 ; 7 ; 0.0186026 ; 0.00671327 ; 0.0310293 ; 101.647;
19 ; 17 ; 7 ; -0.000564031 ; 0.0105331 ; 0.0206711 ; 101.96;
20 ; 17 ; 7 ; -0.000150721 ; 0.00266799 ; 0.0344854 ; 101.893;
21 ; 17 ; 7 ; -0.0106413 ; 0.00246367 ; 0.0252349 ; 102.074;
22 ; 17 ; 7 ; 0.00492422 ; -0.000741273 ; 0.0243074 ; 102.164;
23 ; 17 ; 7 ; -0.00423945 ; 0.0137759 ; 0.0191282 ; 102.155;
24 ; 17 ; 7 ; 0.00261692 ; -0.0155226 ; 0.023434 ; 101.746;
25 ; 17 ; 7 ; -0.0137171 ; 0.00112815 ; 0.00427707 ; 102.739;
26 ; 17 ; 7 ; -0.0283402 ; 0.00460453 ; 0.0167207 ; 102.586;
27 ; 17 ; 7 ; -0.0242101 ; 0.00186048 ; 0.00786661 ; 102.154;
28 ; 17 ; 7 ; -0.0125334 ; -0.000456554 ; 0.00674456 ; 102.466;
29 ; 17 ; 7 ; -0.0199768 ; -0.00206709 ; 0.0177827 ; 103.326;
30 ; 17 ; 7 ; -0.00902904 ; -0.00958993 ; 0.000246637 ; 102.938;
31 ; 17 ; 7 ; -0.017325 ; -0.00698822 ; 0.00190265 ; 102.781;
32 ; 17 ; 7 ; -0.00757178 ; -0.00441199 ; 0.00650275 ; 102.614;
33 ; 17 ; 7 ; 0.00841644 ; 0.00381743 ; 0.0247928 ; 102.421;
4 ; 18 ; 7 ; 0.00168835 ; -0.000580753 ; 0.0297396 ; 102.157;
5 ; 18 ; 7 ; 0.0097827 ; -0.00196881 ; 0.0216853 ; 102.606;
6 ; 18 ; 7 ; 0.00486089 ; -0.00450336 ; 0.0125508 ; 102.682;
7 ; 18 ; 7 ; 0.010251 ; -0.00169185 ; 0.0110853 ; 102.198;
8 ; 18 ; 7 ; 0.0355529 ; 0.00557688 ; 0.0132359 ; 102.398;
9 ; 18 ; 7 ; 0.0263925 ; 0.00388285 ; 0.00827146 ; 102.319;
10 ; 18 ; 7 ; 0.00818883 ; -0.0134473 ; 0.0301217 ; 102.514;
11 ; 18 ; 7 ; -0.0016664 ; -0.000277384 ; 0.0291439 ; 102.403;
12 ; 18 ; 7 ; 0.0117074 ; -0.00486802 ; 0.0206951 ; 101.984;
13 ; 18 ; 7 ; 0.0104093 ; 0.00571025 ; 0.0192012 ; 101.991;
14 ; 18 ; 7 ; 0.00704266 ; 0.0141283 ; 0.0344023 ; 101.779;
15 ; 18 ; 7 ; 0.00646471 ; 0.00646746 ; 0.0314951 ; 102.652;
16 ; 18 ; 7 ; -0.00894703 ; 0.0030426 ; 0.01292 ; 102.221;
17 ; 18 ; 7 ; -0.00332879 ; 0.000134619 ; 0.0246106 ; 101.713;
18 ; 18 ; 7 ; -0.00657706 ; -0.00163153 ; 0.0202834 ; 101.973;
19 ; 18 ; 7 ; -0.00711648 ; 0.00329313 ; 0.0299455 ; 102.055;
20 ; 18 ; 7 ; 0.00135031 ; 0.00143601 ; 0.0326039 ; 101.941;
21 ; 18 ; 7 ; -0.0121387 ; 0.00324274 ; 0.0201609 ; 102.218;
22 ; 18 ; 7 ; -0.00716635 ; -0.00117051 ; 0.0297551 ; 102.269;
23 ; 18 ; 7 ; 0.000366559 ; 0.00240305 ; 0.0168231 ; 101.643;
24 ; 18 ; 7 ; 0.00924136 ; -0.0115523 ; 0.0219678 ; 102.012;
25 ; 18 ; 7 ; -0.00147541 ; -0.000263989 ; 0.018595 ; 102.29;
26 ; 18 ; 7 ; -0.0165503 ; 0.0161954 ; 0.0283675 ; 102.423;
27 ; 18 ; 7 ; -0.0186342 ; 0.00278405 ; 0.0284479 ; 102.518;
28 ; 18 ; 7 ; -0.025055 ; 0.00163956 ; 0.025046 ; 102.272;
29 ; 18 ; 7 ; -0.0274736 ; 0.00351429 ; 0.0288654 ; 102.398;
30 ; 18 ; 7 ; -0.0225135 ; 0.000392631 ; 0.0208224 ; 102.475;
31 ; 18 ; 7 ; -0.00896191 ; -0.000427245 ; 0.018955 ; 102.211;
32 ; 18 ; 7 ; 0.00300305 ; -0.0180162 ; 0.0124544 ; 102.546;
33 ; 18 ; 7 ; -0.00407383 ; 0.00561098 ; 0.0180288 ; 102.614;
4 ; 19 ; 7 ; 0.00424034 ; -0.00493117 ; 0.00863283 ; 102.113;
5 ; 19 ; 7 ; 0.00920225 ; -0.00309398 ; 0.0147906 ; 102.909;
6 ; 19 ; 7 ; 0.00231874 ; -0.00761041 ; 0.013221 ; 102.226;
7 ; 19 ; 7 ; 0.0185485 ; 0.00274724 ; 0.0197656 ; 102.6;
8 ; 19 ; 7 ; 0.0182128 ; 0.00529396 ; 0.00849478 ; 102.335;
9 ; 19 ; 7 ; 0.0226779 ; 0.00154821 ; 0.014838 ; 102.371;
10 ; 19 ; 7 ; 0.0200585 ; -0.00219432 ; 0.0249839 ; 102.236;
11 ; 19 ; 7 ; 0.00966839 ; 0.00556509 ; 0.0181587 ; 102.308;
12 ; 19 ; 7 ; 0.0081089 ; -0.00765533 ; 0.0322276 ; 102.323;
13 ; 19 ; 7 ; 0.000945863 ; -0.00329667 ; 0.0273841 ; 102.009;
14 ; 19 ; 7 ; 0.00943962 ; -0.00472385 ; 0.0212361 ; 102.005;
15 ; 19 ; 7 ; -0.00394031 ; 0.00109106 ; 0.0252395 ; 101.908;
16 ; 19 ; 7 ; -0.0165763 ; -0.0146759 ; 0.0260255 ; 101.7;
17 ; 19 ; 7 ; -0.000664933 ; -0.011311 ; 0.0236291 ; 102.418;
18 ; 19 ; 7 ; 0.00242795 ; 0.000220048 ; 0.0260127 ; 101.806;
19 ; 19 ; 7 ; -0.00498162 ; 0.00165038 ; 0.0242233 ; 101.785;
20 ; 19 ; 7 ; -0.000260477 ; 0.00332531 ; 0.0259566 ; 102.085;
21 ; 19 ; 7 ; 0.00387612 ; 0.00349325 ; 0.0115679 ; 102.083;
22 ; 19 ; 7 ; 0.0149419 ; 0.00447244 ; 0.0373009 ; 102.044;
23 ; 19 ; 7 ; 0.00823284 ; -0.00862951 ; 0.0313721 ; 101.983;
24 ; 19 ; 7 ; -0.00995458 ; 0.00609031 ; 0.0174844 ; 102.121;
25 ; 19 ; 7 ; -0.0124473 ; 0.00205207 ; 0.0219441 ; 102.501;
26 ; 19 ; 7 ; -0.0239161 ; -0.00289007 ; 0.0259412 ; 102.138;
27 ; 19 ; 7 ; -0.0224997 ; 0.00678769 ; 0.0112384 ; 102.793;
28 ; 19 ; 7 ; -0.0278532 ; 0.00534091 ; 0.013859 ; 102.534;
29 ; 19 ; 7 ; -0.00895951 ; 0.00290446 ; 0.0171036 ; 102.226;
30 ; 19 ; 7 ; -0.0125 ; -0.000680165 ; 0.00991146 ; 102.599;
31 ; 19 ; 7 ; -0.012837 ; -0.00018582 ; 0.0133833 ; 102.319;
32 ; 19 ; 7 ; -0.0160402 ; 0.00383932 ; 0.0172212 ; 102.858;
33 ; 19 ; 7 ; -0.00847088 ; -0.00570099 ; -0.00121297 ; 101.989;
4 ; 20 ; 7 ; -0.000247678 ; -0.00846292 ; 0.00389739 ; 102.536;
5 ; 20 ; 7 ; 0.0126676 ; -0.00204687 ; 0.0311887 ; 102.481;
6 ; 20 ; 7 ; 0.0140256 ; 0.00376267 ; 0.0172989 ; 102.254;
7 ; 20 ; 7 ; 0.0213456 ; -0.00832362 ; 0.0178552 ; 102.746;
8 ; 20 ; 7 ; 0.0207729 ; -0.00463724 ; 0.0106798 ; 102.894;
9 ; 20 ; 7 ; 0.0159279 ; 0.000964402 ; 0.0142614 ; 102.98;
10 ; 20 ; 7 ; 0.0151776 ; 0.0153815 ; 0.0299912 ; 102.829;
11 ; 20 ; 7 ; 0.0246496 ; -0.00103906 ; 0.024209 ; 102.523;
12 ; 20 ; 7 ; 0.0117968 ; -0.0067888 ; 0.0269252 ; 102.324;
13 ; 20 ; 7 ; -0.00191977 ; -0.00108546 ; 0.0307415 ; 101.959;
14 ; 20 ; 7 ; 0.00437923 ; 0.00982487 ; 0.027723 ; 102.378;
15 ; 20 ; 7 ; 0.00834882 ; -0.00440294 ; 0.0111274 ; 102.088;
16 ; 20 ; 7 ; 0.0014551 ; 0.00934242 ; 0.0317298 ; 102.32;
17 ; 20 ; 7 ; -0.00069405 ; -0.00173566 ; 0.0347367 ; 102.285;
18 ; 20 ; 7 ; 0.00431891 ; 0.0088413 ; 0.034812 ; 101.987;
19 ; 20 ; 7 ; -0.00236246 ; 0.00595654 ; 0.0350967 ; 101.774;
20 ; 20 ; 7 ; 0.00998454 ; -0.000784897 ; 0.0277878 ; 102.028;
21 ; 20 ; 7 ; -0.00043824 ; 0.0084704 ; 0.0155431 ; 101.983;
22 ; 20 ; 7 ; -0.00763768 ; -0.00779796 ; 0.0185538 ; 102.683;
23 ; 20 ; 7 ; -0.00160927 ; -0.018008 ; 0.0131528 ; 102.703;
24 ; 20 ; 7 ; -0.0235216 ; -0.00251157 ; 0.0200355 ; 102.424;
25 ; 20 ; 7 ; -0.014579 ; 0.000731734 ; 0.0211025 ; 101.883;
26 ; 20 ; 7 ; -0.0056274 ; 0.00209259 ; 0.0239955 ; 102.629;
27 ; 20 ; 7 ; -0.0177185 ; -0.00617401 ; 0.0229921 ; 102.387;
28 ; 20 ; 7 ; -0.0213943 ; -3.15824e-05 ; 0.0130549 ; 102.493;
29 ; 20 ; 7 ; -0.0156937 ; -0.00335651 ; 0.0152462 ; 102.939;
30 ; 20 ; 7 ; -0.0143099 ; -0.005278 ; 0.00853785 ; 102.344;
31 ; 20 ; 7 ; -0.0115901 ; -0.00127328 ; 0.0113908 ; 102.683;
32 ; 20 ; 7 ; -0.0114233 ; -0.000841993 ; 0.00817752 ; 102.315;
33 ; 20 ; 7 ; -0.00248692 ; -0.00601734 ; 0.00836247 ; 102.868;
4 ; 21 ; 7 ; 0.00482413 ; 0.00092351 ; 0.0124573 ; 102.607;
5 ; 21 ; 7 ; 0.00572676 ; -0.00293289 ; 0.0149958 ; 102.527;
6 ; 21 ; 7 ; 0.00775364 ; -0.00157115 ; 0.00989493 ; 102.723;
7 ; 21 ; 7 ; 0.0121823 ; 0.0146686 ; 0.0192727 ; 102.591;
8 ; 21 ; 7 ; 0.012213 ; -0.00441833 ; 0.0174042 ; 102.289;
9 ; 21 ; 7 ; 0.0146856 ; 0.00830178 ; 0.0111247 ; 102.438;
10 ; 21 ; 7 ; 0.0231195 ; 0.0099777 ; 0.0114916 ; 102.402;
11 ; 21 ; 7 ; 0.0274874 ; 0.00421768 ; 0.0169552 ; 102.679;
12 ; 21 ; 7 ; 0.015675 ; 0.00216165 ; 0.0220175 ; 101.876;
13 ; 21 ; 7 ; 0.0117953 ; 0.00337919 ; 0.017475 ; 102.255;
14 ; 21 ; 7 ; 0.00786744 ; -0.00229504 ; 0.0348166 ; 102.594;
15 ; 21 ; 7 ; 0.00406438 ; 0.00125441 ; 0.0211178 ; 102.291;
16 ; 21 ; 7 ; 0.00666537 ; 0.00253864 ; 0.0125085 ; 101.966;
17 ; 21 ; 7 ; -0.00202723 ; 0.000859686 ; 0.0229494 ; 102.425;
18 ; 21 ; 7 ; 0.00544899 ; 0.00570426 ; 0.0109051 ; 101.788;
19 ; 21 ; 7 ; 0.00824409 ; -0.00649582 ; 0.0197256 ; 101.98;
20 ; 21 ; 7 ; -0.000579074 ; -0.00476231 ; 0.0342037 ; 102.537;
21 ; 21 ; 7 ; 0.00118896 ; -0.00627171 ; 0.0234359 ; 101.663;
22 ; 21 ; 7 ; 0.00772331 ; -0.0158385 ; 0.0267813 ; 101.85;
23 ; 21 ; 7 ; -0.00950686 ; -0.0068001 ; 0.00825888 ; 102.308;
24 ; 21 ; 7 ; 0.00106887 ; -0.00736707 ; 0.0295056 ; 102.363;
25 ; 21 ; 7 ; -0.0239525 ; 0.00651548 ; 0.0229222 ; 102.202;
26 ; 21 ; 7 ; -0.0154443 ; -0.00442351 ; 0.0186457 ; 102.658;
27 ; 21 ; 7 ; -0.0234955 ; 0.00523028 ; 0.0293063 ; 102.35;
28 ; 21 ; 7 ; -0.0328564 ; -0.00613563 ; 0.0197618 ; 102.65;
29 ; 21 ; 7 ; -0.0188643 ; -0.00334226 ; 0.0149479 ; 102.77;
30 ; 21 ; 7 ; -0.017966 ; 0.010812 ; 0.0141778 ; 102.466;
31 ; 21 ; 7 ; -0.0151072 ; 0.00632165 ; 0.017807 ; 102.229;
32 ; 21 ; 7 ; -0.00721161 ; 0.00346581 ; 0.0124671 ; 102.653;
33 ; 21 ; 7 ; 0.0169156 ; -0.0110571 ; 0.0181052 ; 102.276;
4 ; 22 ; 7 ; 0.00946821 ; 0.0106226 ; 0.0366857 ; 102.984;
5 ; 22 ; 7 ; 0.00714914 ; 0.00819675 ; 0.0187832 ; 102.635;
6 ; 22 ; 7 ; 0.0204276 ; -0.00112429 ; 0.0162272 ; 102.59;
7 ; 22 ; 7 ; 0.0144606 ; 0.010317 ; 0.0166988 ; 102.508;
8 ; 22 ; 7 ; 0.0174 ; -0.0037632 ; 0.0183711 ; 102.782;
9 ; 22 ; 7 ; 0.0100586 ; -0.0110888 ; 0.0131648 ; 102.394;
10 ; 22 ; 7 ; 0.0225294 ; -0.00829744 ; 0.0146903 ; 102.415;
11 ; 22 ; 7 ; 0.026641 ; 0.00798509 ; 0.0304385 ; 102.768;
12 ; 22 ; 7 ; 0.00298413 ; -0.0153569 ; 0.0204422 ; 102.209;
13 ; 22 ; 7 ; -0.000192099 ; 0.00167623 ; 0.0197036 ; 102.147;
14 ; 22 ; 7 ; -0.00518882 ; 0.00757564 ; 0.0274564 ; 102.507;
15 ; 22 ; 7 ; -0.00688789 ; -0.00388019 ; 0.0264808 ; 102.244;
16 ; 22 ; 7 ; 0.00542753 ; 0.00384063 ; 0.019166 ; 102.402;
17 ; 22 ; 7 ; 0.0107473 ; 0.00168043 ; 0.0216558 ; 102.164;
18 ; 22 ; 7 ; 0.0152881 ; -0.00596848 ; 0.0297302 ; 102.291;
19 ; 22 ; 7 ; 0.0061929 ; -0.00432258 ; 0.0131362 ; 102.075;
20 ; 22 ; 7 ; 0.0101788 ; -0.00930612 ; 0.0210884 ; 101.688;
21 ; 22 ; 7 ; 0.00435106 ; 0.00355597 ; 0.0109187 ; 102.487;
22 ; 22 ; 7 ; -0.0107495 ; 0.0145046 ; 0.014499 ; 102.136;
23 ; 22 ; 7 ; -0.0158823 ; 0.00150677 ; 0.0299456 ; 102.365;
24 ; 22 ; 7 ; -0.0075894 ; -0.00774206 ; 0.0249782 ; 102.803;
25 ; 22 ; 7 ; -0.0105034 ; -0.00274096 ; 0.0159186 ; 102.515;
26 ; 22 ; 7 ; -0.0249404 ; -0.0105292 ; 0.0195028 ; 102.03;
27 ; 22 ; 7 ; -0.0215419 ; -0.00593863 ; 0.0103409 ; 102.817;
28 ; 22 ; 7 ; -0.0173013 ; 0.00378279 ; 0.0101979 ; 102.176;
29 ; 22 ; 7 ; -0.0320247 ; 0.000434118 ; 0.0132264 ; 102.747;
30 ; 22 ; 7 ; -0.0205836 ; -0.00292002 ; 0.0234263 ; 102.368;
31 ; 22 ; 7 ; -0.0179246 ; 0.000927378 ; 0.0177633 ; 102.806;
32 ; 22 ; 7 ; -0.00887946 ; 0.00230094 ; 0.0207233 ; 102.767;
33 ; 22 ; 7 ; -0.00776724 ; 0.00118544 ; 0.0158981 ; 102.64;
4 ; 23 ; 7 ; 0.0067335 ; 0.00279683 ; 0.0159894 ; 102.254;
5 ; 23 ; 7 ; 0.00836048 ; 0.0195278 ; 0.0280941 ; 103.387;
6 ; 23 ; 7 ; 0.00736875 ; -0.00868998 ; 0.0259651 ; 102.395;
7 ; 23 ; 7 ; 0.014745 ; -0.00910795 ; 0.00843762 ; 102.985;
8 ; 23 ; 7 ; 0.0230687 ; -0.00801819 ; 0.0114789 ; 102.648;
9 ; 23 ; 7 ; 0.0109032 ; -0.0140211 ; 0.028339 ; 102.769;
10 ; 23 ; 7 ; 0.00930019 ; -0.0106639 ; 0.0207407 ; 102.284;
11 ; 23 ; 7 ; 0.0237469 ; -0.0228316 ; 0.021571 ; 102.57;
12 ; 23 ; 7 ; 0.0127825 ; 0.00315403 ; 0.0317557 ; 102.194;
13 ; 23 ; 7 ; 0.0025222 ; -0.0168325 ; 0.0252936 ; 101.986;
14 ; 23 ; 7 ; 0.0112127 ; -0.00384357 ; 0.0368227 ; 102.222;
15 ; 23 ; 7 ; 0.00404139 ; 0.00183198 ; 0.020689 ; 102.302;
16 ; 23 ; 7 ; -0.00737487 ; 0.0137836 ; 0.0268269 ; 102.25;
17 ; 23 ; 7 ; -0.00716185 ; 0.003139 ; 0.0106464 ; 102.16;
18 ; 23 ; 7 ; -0.00242294 ; -0.00405925 ; 0.0186946 ; 102.144;
19 ; 23 ; 7 ; 0.00976575 ; -0.0153248 ; 0.0318363 ; 102.474;
20 ; 23 ; 7 ; -0.000826558 ; -0.0198323 ; 0.0206518 ; 102.468;
21 ; 23 ; 7 ; 0.000480496 ; -0.00426524 ; 0.0180285 ; 101.845;
22 ; 23 ; 7 ; 0.00307447 ; -0.000829718 ; 0.0234699 ; 102.173;
23 ; 23 ; 7 ; -0.000208322 ; 0.00603954 ; 0.0161996 ; 102.559;
24 ; 23 ; 7 ; -0.00221404 ; -0.0156797 ; 0.0168602 ; 102.369;
25 ; 23 ; 7 ; -0.010669 ; -0.00735985 ; 0.0229991 ; 102.531;
26 ; 23 ; 7 ; -0.00919652 ; -0.0121183 ; 0.00918377 ; 102.533;
27 ; 23 ; 7 ; -0.0248216 ; -0.0129087 ; 0.0112071 ; 102.345;
28 ; 23 ; 7 ; -0.0235498 ; 0.00401366 ; 0.0103407 ; 102.192;
29 ; 23 ; 7 ; -0.0273776 ; 0.000882792 ; 0.0103095 ; 102.431;
30 ; 23 ; 7 ; -0.0103499 ; 0.0022992 ; 0.0202532 ; 102.358;
31 ; 23 ; 7 ; -0.00759513 ; 0.00650779 ; 0.014712 ; 102.752;
32 ; 23 ; 7 ; -0.00212926 ; 0.00459848 ; 0.0195623 ; 102.76;
33 ; 23 ; 7 ; 0.00344567 ; 0.00488515 ; 0.00806961 ; 102.634;
4 ; 24 ; 7 ; -0.000506453 ; 0.0089903 ; 0.0227579 ; 102.752;
5 ; 24 ; 7 ; 0.0145087 ; 0.00668828 ; 0.0183846 ; 102.52;
6 ; 24 ; 7 ; 0.00280888 ; -0.00698147 ; 0.00352833 ; 102.971;
7 ; 24 ; 7 ; 0.0137156 ; -0.000521872 ; 0.0147655 ; 102.126;
8 ; 24 ; 7 ; 0.0136398 ; -0.0097474 ; 0.0210626 ; 102.869;
9 ; 24 ; 7 ; 0.00886413 ; -0.00222922 ; 0.0186242 ; 102.962;
10 ; 24 ; 7 ; 0.0218229 ; -0.00549127 ; 0.019887 ; 102.629;
11 ; 24 ; 7 ; 0.0186862 ; -0.00771499 ; 0.0178594 ; 102.576;
12 ; 24 ; 7 ; 0.013976 ; -0.00595133 ; 0.0152305 ; 102.008;
13 ; 24 ; 7 ; -0.000290078 ; -0.00854261 ; 0.00908646 ; 102.635;
14 ; 24 ; 7 ; -0.00151348 ; -0.00753154 ; 0.0221001 ; 102.06;
15 ; 24 ; 7 ; 0.00145582 ; -0.00229177 ; 0.0263243 ; 102.1;
16 ; 24 ; 7 ; 0.0051403 ; -0.0188391 ; 0.0207875 ; 102.48;
17 ; 24 ; 7 ; -0.00603703 ; 0.00520693 ; 0.029518 ; 101.761;
18 ; 24 ; 7 ; 0.00608605 ; 0.00874261 ; 0.0295235 ; 102.146;
19 ; 24 ; 7 ; -0.00912869 ; -0.0104247 ; 0.0169891 ; 101.816;
20 ; 24 ; 7 ; 0.00200304 ; -0.00398599 ; 0.0194055 ; 102.247;
21 ; 24 ; 7 ; -0.00358082 ; 0.00739795 ; 0.027962 ; 102.198;
22 ; 24 ; 7 ; -0.00748955 ; -0.00310609 ; 0.0289537 ; 102.274;
23 ; 24 ; 7 ; -0.000289013 ; 0.00286084 ; 0.0262905 ; 102.209;
24 ; 24 ; 7 ; 0.00174606 ; -0.00557975 ; 0.0199643 ; 102.552;
25 ; 24 ; 7 ; -0.0146562 ; -0.00800224 ; 0.0265259 ; 102.27;
26 ; 24 ; 7 ; -0.0103811 ; -0.00256315 ; 0.0107063 ; 102.615;
27 ; 24 ; 7 ; -0.0105823 ; -0.0141636 ; 0.0216671 ; 102.734;
28 ; 24 ; 7 ; -0.0176156 ; -0.00834496 ; 0.0124815 ; 102.795;
29 ; 24 ; 7 ; -0.00415244 ; -0.0122392 ; 0.00902192 ; 102.557;
30 ; 24 ; 7 ; -0.0249623 ; -0.000503886 ; 0.0203815 ; 102.244;
31 ; 24 ; 7 ; -0.0199291 ; -0.00513444 ; 0.00901351 ; 102.31;
32 ; 24 ; 7 ; 0.000292824 ; -0.00103191 ; 0.0100468 ; 102.529;
33 ; 24 ; 7 ; 0.00785124 ; 0.00107295 ; 0.00867357 ; 102.755;
4 ; 25 ; 7 ; 0.000372183 ; -0.00930649 ; 0.0225306 ; 102.753;
5 ; 25 ; 7 ; 0.0103554 ; -0.00434933 ; 0.0189591 ; 102.941;
6 ; 25 ; 7 ; 0.0216951 ; -0.00180799 ; 0.027377 ; 102.769;
7 ; 25 ; 7 ; 0.0139819 ; -0.00642266 ; 0.00928356 ; 103.116;
8 ; 25 ; 7 ; 0.0134807 ; -0.0159115 ; 0.025428 ; 102.698;
9 ; 25 ; 7 ; 0.0307519 ; -0.0181924 ; 0.00919349 ; 103.026;
10 ; 25 ; 7 ; 0.0135685 ; -0.019016 ; 0.00926179 ; 102.874;
11 ; 25 ; 7 ; 0.0137846 ; -0.0151097 ; 0.00758562 ; 102.792;
12 ; 25 ; 7 ; 0.00350441 ; -0.0143298 ; 0.0225802 ; 102.744;
13 ; 25 ; 7 ; 0.00830095 ; -0.00881143 ; 0.0177549 ; 102.239;
14 ; 25 ; 7 ; -0.00951199 ; -0.0143059 ; 0.0120843 ; 102.636;
15 ; 25 ; 7 ; -0.000333403 ; -0.0106307 ; 0.0143762 ; 102.388;
16 ; 25 ; 7 ; -0.014068 ; -0.00822546 ; 0.0235405 ; 102.895;
17 ; 25 ; 7 ; 0.00261932 ; -0.0126824 ; 0.0365693 ; 102.231;
18 ; 25 ; 7 ; 0.00449136 ; -0.0203077 ; 0.0109581 ; 102.323;
19 ; 25 ; 7 ; -0.00908251 ; -0.0353641 ; 0.0200116 ; 102.092;
20 ; 25 ; 7 ; -0.00666665 ; -0.00586575 ; 0.0259679 ; 101.956;
21 ; 25 ; 7 ; -0.0125277 ; -0.01827 ; 0.0185613 ; 102.443;
22 ; 25 ; 7 ; 0.00205628 ; -0.0126562 ; 0.0224781 ; 102.086;
23 ; 25 ; 7 ; -0.009348 ; 0.00170002 ; -0.000993505 ; 102.32;
24 ; 25 ; 7 ; -0.0113219 ; -0.0139354 ; 0.00979282 ; 102.503;
25 ; 25 ; 7 ; 0.00174697 ; -0.01347 ; 0.0191021 ; 102.934;
26 ; 25 ; 7 ; -0.00371083 ; -0.0113416 ; -0.00122188 ; 102.781;
27 ; 25 ; 7 ; -0.000310129 ; -0.0170486 ; 0.0143181 ; 102.327;
28 ; 25 ; 7 ; -0.0162818 ; -0.00502134 ; 0.012908 ; 102.694;
29 ; 25 ; 7 ; -0.0258282 ; -0.0120195 ; 0.0265078 ; 102.629;
30 ; 25 ; 7 ; 0.000645396 ; 0.00226135 ; 0.00298911 ; 102.434;
31 ; 25 ; 7 ; -0.00787422 ; -0.0164009 ; 0.0143814 ; 102.918;
32 ; 25 ; 7 ; 0.00422506 ; -0.0152784 ; 0.00211564 ; 103.111;
33 ; 25 ; 7 ; -0.00281161 ; -0.015761 ; 0.0150992 ; 102.267;
4 ; 26 ; 7 ; 0.00243897 ; 0.0010653 ; 0.00320675 ; 103.194;
5 ; 26 ; 7 ; 0.0147036 ; -0.00788121 ; 0.0108704 ; 102.809;
6 ; 26 ; 7 ; 0.0153046 ; -0.0127624 ; 0.0138885 ; 102.774;
7 ; 26 ; 7 ; 0.0113177 ; -0.0115765 ; 0.0166802 ; 102.535;
8 ; 26 ; 7 ; 0.0179183 ; -0.022262 ; 0.00756167 ; 103.088;
9 ; 26 ; 7 ; 0.0136692 ; -0.0195419 ; 0.0121433 ; 102.712;
10 ; 26 ; 7 ; 0.0145304 ; -0.00992613 ; 0.0108993 ; 102.826;
11 ; 26 ; 7 ; 0.0159277 ; -0.0154118 ; 0.0142597 ; 103.259;
12 ; 26 ; 7 ; 0.00660366 ; -0.0155489 ; 0.00824414 ; 102.413;
13 ; 26 ; 7 ; -0.00429053 ; -0.0127215 ; 0.0186997 ; 102.715;
14 ; 26 ; 7 ; 0.00672602 ; -0.0132919 ; 0.0173566 ; 102.155;
15 ; 26 ; 7 ; 0.0023826 ; -0.0198269 ; 0.00991318 ; 102.513;
16 ; 26 ; 7 ; 0.00718655 ; -0.0236842 ; 0.0293895 ; 102.641;
17 ; 26 ; 7 ; 0.00774396 ; -0.00629847 ; 0.0248241 ; 102.422;
18 ; 26 ; 7 ; 0.00895251 ; -0.0260068 ; 0.023165 ; 102.403;
19 ; 26 ; 7 ; -0.007596 ; -0.00690192 ; 0.0187394 ; 102.32;
20 ; 26 ; 7 ; -0.004545 ; -0.0156112 ; 0.022103 ; 102.477;
21 ; 26 ; 7 ; -0.0035746 ; -0.0193097 ; 0.0224503 ; 102.66;
22 ; 26 ; 7 ; -0.00461474 ; -0.0126513 ; 0.0133998 ; 102.305;
23 ; 26 ; 7 ; -0.0093274 ; -0.0192072 ; 0.0125392 ; 102.487;
24 ; 26 ; 7 ; -0.00776981 ; -0.00500824 ; 0.0223249 ; 103.011;
25 ; 26 ; 7 ; -0.0199625 ; -0.00803561 ; 0.0100514 ; 102.648;
26 ; 26 ; 7 ; -0.0084477 ; -0.0108447 ; 0.0226934 ; 103.049;
27 ; 26 ; 7 ; -0.00811661 ; -0.0168017 ; 0.011974 ; 103.25;
28 ; 26 ; 7 ; -0.00372604 ; -0.010179 ; 0.0114264 ; 103.175;
29 ; 26 ; 7 ; 0.00113389 ; -0.012 ; 0.000964358 ; 102.84;
30 ; 26 ; 7 ; -0.00724769 ; -0.0115469 ; 0.0147332 ; 103.272;
31 ; 26 ; 7 ; 0.00144163 ; 0.00185869 ; 0.0102711 ; 102.71;
32 ; 26 ; 7 ; 0.00687198 ; -0.00877458 ; 0.018168 ; 102.324;
33 ; 26 ; 7 ; -0.00237841 ; -0.0127017 ; 0.0180952 ; 102.784;
4 ; 27 ; 7 ; -0.0022036 ; -0.00211016 ; 0.0107497 ; 103.063;
5 ; 27 ; 7 ; 0.0140977 ; -0.0112218 ; 0.0212458 ; 103.193;
6 ; 27 ; 7 ; -0.000907999 ; -0.0106819 ; 0.0150266 ; 102.951;
7 ; 27 ; 7 ; -0.000810732 ; -0.0122681 ; 0.0114248 ; 102.939;
8 ; 27 ; 7 ; 0.00638431 ; -0.0106779 ; 0.0208917 ; 103.101;
9 ; 27 ; 7 ; 0.00106926 ; -0.0209384 ; 0.0111363 ; 102.66;
10 ; 27 ; 7 ; 0.00708482 ; -0.0124389 ; 0.0211981 ; 103.122;
11 ; 27 ; 7 ; 0.0142223 ; -0.0109329 ; 0.0240723 ; 103.219;
12 ; 27 ; 7 ; 0.0211503 ; -0.000887364 ; 0.0112351 ; 103.006;
13 ; 27 ; 7 ; -0.00355448 ; -0.0197211 ; 0.0119875 ; 102.593;
14 ; 27 ; 7 ; -0.00980601 ; -0.0230569 ; 0.0070108 ; 102.507;
15 ; 27 ; 7 ; -0.00471904 ; -0.0205118 ; 0.0114137 ; 102.599;
16 ; 27 ; 7 ; 0.00671791 ; -0.0158065 ; 0.0103325 ; 102.447;
17 ; 27 ; 7 ; 0.00763064 ; -0.0187065 ; 0.0169963 ; 102.672;
18 ; 27 ; 7 ; 0.00921216 ; -0.0236366 ; 0.0192384 ; 102.156;
19 ; 27 ; 7 ; 0.00606601 ; -0.0266014 ; 0.0344694 ; 102.263;
20 ; 27 ; 7 ; -0.000960524 ; -0.015334 ; 0.0257501 ; 102.439;
21 ; 27 ; 7 ; 0.00883189 ; -0.0129039 ; 0.00740734 ; 101.954;
22 ; 27 ; 7 ; 0.00122809 ; -0.0158261 ; 0.0161441 ; 102.69;
23 ; 27 ; 7 ; -0.0031983 ; -0.0269413 ; 0.00603222 ; 102.532;
24 ; 27 ; 7 ; -0.0181597 ; -0.017434 ; 0.00882348 ; 102.323;
25 ; 27 ; 7 ; -0.0163593 ; -0.0202244 ; 0.0276302 ; 102.944;
26 ; 27 ; 7 ; -0.00375812 ; -0.0195648 ; 0.00560932 ; 102.007;
27 ; 27 ; 7 ; -0.0104141 ; -0.0025793 ; 0.00455799 ; 102.817;
28 ; 27 ; 7 ; -0.0118263 ; -0.0166736 ; 0.0158238 ; 103.351;
29 ; 27 ; 7 ; -0.00170898 ; -0.0190329 ; 0.00760333 ; 103.057;
30 ; 27 ; 7 ; -0.0107701 ; -0.0139514 ; 0.00516321 ; 102.495;
31 ; 27 ; 7 ; -0.00332747 ; -0.00353342 ; 0.0177106 ; 102.817;
32 ; 27 ; 7 ; 0.00382597 ; -0.0148454 ; 0.0155086 ; 102.989;
33 ; 27 ; 7 ; 0.0114445 ; -0.0101313 ; 0.0179276 ; 103.067;
4 ; 28 ; 7 ; 0.00292258 ; -0.00759349 ; 0.00810108 ; 102.69;
5 ; 28 ; 7 ; -0.00121388 ; -0.0221215 ; 0.012963 ; 103.023;
6 ; 28 ; 7 ; 0.0154873 ; -0.00802827 ; 0.00115895 ; 102.835;
7 ; 28 ; 7 ; 0.0177612 ; -0.0038376 ; 0.00624331 ; 102.852;
8 ; 28 ; 7 ; 0.00274392 ; -0.0152211 ; 0.0115083 ; 102.814;
9 ; 28 ; 7 ; 0.014043 ; -0.014233 ; 0.00593032 ; 102.828;
10 ; 28 ; 7 ; 0.000746777 ; -0.0143557 ; 0.00525951 ; 102.941;
11 ; 28 ; 7 ; -0.00288097 ; -0.0145579 ; 0.0188471 ; 102.727;
12 ; 28 ; 7 ; -0.00883275 ; -0.00690843 ; 0.0169859 ; 103.007;
13 ; 28 ; 7 ; 0.00492908 ; -0.00424063 ; 0.0142189 ; 102.504;
14 ; 28 ; 7 ; -0.00145 ; -0.0199216 ; 0.0157765 ; 102.78;
15 ; 28 ; 7 ; -0.00879939 ; -0.0255208 ; 0.0190703 ; 102.399;
16 ; 28 ; 7 ; 0.000729308 ; -0.00710485 ; 0.023743 ; 102.465;
17 ; 28 ; 7 ; -0.00186862 ; -0.0158997 ; 0.0111828 ; 102.911;
18 ; 28 ; 7 ; 0.00795425 ; -0.0155743 ; 0.00699018 ; 102.36;
19 ; 28 ; 7 ; -0.00230578 ; -0.0176745 ; 0.0185641 ; 102.326;
20 ; 28 ; 7 ; -0.00505069 ; -0.014098 ; 0.0201008 ; 102.752;
21 ; 28 ; 7 ; -0.00525047 ; -0.0227614 ; 0.0258735 ; 102.284;
22 ; 28 ; 7 ; -0.000319295 ; -0.0132301 ; 0.0194444 ; 102.884;
23 ; 28 ; 7 ; -0.00598915 ; -0.0240588 ; 0.0243176 ; 102.454;
24 ; 28 ; 7 ; -0.00413782 ; -0.0196273 ; 0.00514017 ; 103.054;
25 ; 28 ; 7 ; -0.00302959 ; -0.0263433 ; 0.0206294 ; 102.894;
26 ; 28 ; 7 ; 0.00311505 ; -0.0250809 ; 0.0134126 ; 102.954;
27 ; 28 ; 7 ; -0.0124366 ; -0.0185049 ; 0.00816872 ; 102.914;
28 ; 28 ; 7 ; -0.0223813 ; -0.00856998 ; 0.00479816 ; 102.796;
29 ; 28 ; 7 ; -0.00415451 ; 0.00121908 ; 0.0150266 ; 103.304;
30 ; 28 ; 7 ; -0.0223567 ; -0.0195308 ; 0.00371648 ; 102.446;
31 ; 28 ; 7 ; -0.0139798 ; -0.0285762 ; 0.0152395 ; 102.968;
32 ; 28 ; 7 ; -0.00601472 ; -0.00654378 ; 0.0162751 ; 102.997;
33 ; 28 ; 7 ; -0.0198447 ; -0.00402856 ; 0.013252 ; 102.717;
4 ; 29 ; 7 ; -0.00468621 ; -0.00247671 ; 0.0204368 ; 102.886;
5 ; 29 ; 7 ; 0.0105303 ; -0.0129427 ; 0.00551901 ; 102.99;
6 ; 29 ; 7 ; 0.00447984 ; -0.0234391 ; 0.0137028 ; 103.073;
7 ; 29 ; 7 ; 0.0183136 ; -0.0127122 ; 0.00770456 ; 103.058;
8 ; 29 ; 7 ; 0.00740237 ; -0.0136125 ; 0.0107734 ; 103.135;
9 ; 29 ; 7 ; 0.0235015 ; -0.0338698 ; 0.013797 ; 103.076;
10 ; 29 ; 7 ; 0.00875087 ; -0.00721585 ; 0.0192092 ; 103.194;
11 ; 29 ; 7 ; -0.000801622 ; -0.0130559 ; 0.0023181 ; 102.826;
12 ; 29 ; 7 ; -0.000408698 ; -0.0032868 ; 0.0205133 ; 103.37;
13 ; 29 ; 7 ; 0.0112363 ; -0.00777963 ; 0.0189607 ; 102.552;
14 ; 29 ; 7 ; 0.00836345 ; -0.014558 ; 0.00691277 ; 102.565;
15 ; 29 ; 7 ; -0.00863338 ; -0.0266973 ; 0.0118331 ; 102.784;
16 ; 29 ; 7 ; -0.00620604 ; -0.00971242 ; 0.0080353 ; 102.748;
17 ; 29 ; 7 ; -0.0131683 ; -0.00760838 ; 0.0138408 ; 102.529;
18 ; 29 ; 7 ; -0.00607791 ; -0.0138313 ; 0.0107194 ; 102.592;
19 ; 29 ; 7 ; 0.0110562 ; -0.0208403 ; 0.0180994 ; 102.422;
20 ; 29 ; 7 ; 0.00189937 ; -0.0139425 ; 0.0195285 ; 102.359;
21 ; 29 ; 7 ; 0.000887267 ; -0.00815225 ; 0.0128333 ; 102.433;
22 ; 29 ; 7 ; 0.0027734 ; -0.0290276 ; 0.0261386 ; 102.552;
23 ; 29 ; 7 ; 0.00416701 ; -0.00826954 ; 0.0284663 ; 103.126;
24 ; 29 ; 7 ; 0.0033455 ; -0.00651092 ; 0.035803 ; 102.795;
25 ; 29 ; 7 ; -0.00775413 ; -0.0105897 ; 0.014324 ; 102.979;
26 ; 29 ; 7 ; -0.0106095 ; -0.0290466 ; 0.0123224 ; 103.182;
27 ; 29 ; 7 ; -0.00136604 ; -0.0162357 ; -0.00167099 ; 102.613;
28 ; 29 ; 7 ; -0.0105611 ; -0.0191073 ; 0.00410243 ; 102.764;
29 ; 29 ; 7 ; -0.00570235 ; -0.013785 ; 0.0145063 ; 102.953;
30 ; 29 ; 7 ; -0.00576557 ; -0.015601 ; 0.0135316 ; 103.311;
31 ; 29 ; 7 ; 0.00270572 ; -0.0264126 ; -0.000512879 ; 102.809;
32 ; 29 ; 7 ; -0.0121584 ; -0.00441889 ; 0.0180744 ; 102.848;
33 ; 29 ; 7 ; 0.0005709 ; -0.00015451 ; 0.00358999 ; 103.44;
4 ; 30 ; 7 ; 0.00184016 ; -0.00619369 ; 0.00919547 ; 102.887;
5 ; 30 ; 7 ; 0.00410175 ; -0.0103848 ; 0.0102942 ; 103.061;
6 ; 30 ; 7 ; 0.00962844 ; -0.0149178 ; 0.0133419 ; 102.846;
7 ; 30 ; 7 ; 0.00801133 ; -0.0210787 ; 0.0237674 ; 102.74;
8 ; 30 ; 7 ; 0.0142002 ; -0.0103326 ; 0.0148345 ; 103.165;
9 ; 30 ; 7 ; 0.0206351 ; -0.0049918 ; 0.0139625 ; 103.046;
10 ; 30 ; 7 ; 0.0232278 ; -0.00838728 ; 0.00617151 ; 102.881;
11 ; 30 ; 7 ; 0.00512637 ; -0.00520671 ; 0.0184412 ; 102.203;
12 ; 30 ; 7 ; 0.00246424 ; -0.0160228 ; 0.0159309 ; 103.1;
13 ; 30 ; 7 ; 0.00877914 ; -0.0204386 ; 0.0296463 ; 102.107;
14 ; 30 ; 7 ; 0.00406563 ; 0.00744088 ; 0.00716739 ; 102.403;
15 ; 30 ; 7 ; -0.00865365 ; -0.00376143 ; 0.00920332 ; 102.55;
16 ; 30 ; 7 ; 0.000196924 ; -0.00398544 ; 0.00565591 ; 102.672;
17 ; 30 ; 7 ; -0.00570429 ; -0.018054 ; 0.0130622 ; 102.976;
18 ; 30 ; 7 ; -0.00841474 ; -0.0197849 ; 0.00537336 ; 102.374;
19 ; 30 ; 7 ; 0.000273121 ; -0.0182448 ; 0.0206199 ; 102.668;
20 ; 30 ; 7 ; -0.00138 ; -0.00758257 ; 0.0156788 ; 102.09;
21 ; 30 ; 7 ; -0.0114501 ; -0.018972 ; 0.021844 ; 102.121;
22 ; 30 ; 7 ; 0.00398531 ; -0.0152915 ; 0.0183191 ; 102.814;
23 ; 30 ; 7 ; -0.0115502 ; -0.0051981 ; 0.0119566 ; 102.276;
24 ; 30 ; 7 ; 0.00255882 ; -0.0185896 ; 0.0117314 ; 103.404;
25 ; 30 ; 7 ; -0.00899288 ; -0.0160864 ; 0.0103508 ; 102.674;
26 ; 30 ; 7 ; 0.00264477 ; -0.00921338 ; 0.00646091 ; 102.383;
27 ; 30 ; 7 ; -0.00202205 ; -0.00884927 ; 0.0180975 ; 102.884;
28 ; 30 ; 7 ; -0.00753517 ; -0.0119885 ; -0.00112577 ; 102.783;
29 ; 30 ; 7 ; 0.000240082 ; -0.0227399 ; 0.0132897 ; 103.296;
30 ; 30 ; 7 ; 0.00359686 ; -0.0142216 ; 0.0123069 ; 103.159;
31 ; 30 ; 7 ; -0.00681288 ; 0.000575154 ; 0.0128291 ; 103.373;
32 ; 30 ; 7 ; 0.000307317 ; -0.0152943 ; 0.0112563 ; 102.841;
33 ; 30 ; 7 ; 0.00177652 ; -0.00596666 ; 0.00451576 ; 103.212;
4 ; 31 ; 7 ; 0.0144163 ; -0.00190245 ; 0.0123764 ; 103.322;
5 ; 31 ; 7 ; 0.017306 ; -0.00686619 ; 0.0169169 ; 103.299;
6 ; 31 ; 7 ; 0.00132874 ; -0.00438253 ; 0.0268521 ; 103.214;
7 ; 31 ; 7 ; 0.0113658 ; -0.0169557 ; 0.0120334 ; 103.136;
8 ; 31 ; 7 ; 0.0131237 ; -0.0111462 ; 0.0100879 ; 102.91;
9 ; 31 ; 7 ; 0.00889061 ; 0.00151337 ; 0.0105304 ; 103.028;
10 ; 31 ; 7 ; 0.0144803 ; -0.0106651 ; 0.0146367 ; 102.876;
11 ; 31 ; 7 ; 0.0102144 ; -0.00604831 ; 0.0115538 ; 102.413;
12 ; 31 ; 7 ; 0.0125919 ; -0.0214989 ; 0.018739 ; 102.654;
13 ; 31 ; 7 ; -0.000822131 ; -0.0189925 ; 0.0181531 ; 102.587;
14 ; 31 ; 7 ; 0.00893361 ; -0.0126445 ; 0.0318283 ; 102.68;
15 ; 31 ; 7 ; 0.00114144 ; -0.0159673 ; 0.01675 ; 102.439;
16 ; 31 ; 7 ; 0.00407717 ; -0.00958666 ; 0.0381456 ; 102.39;
17 ; 31 ; 7 ; 0.00928991 ; -0.00493092 ; 0.0073827 ; 102.964;
18 ; 31 ; 7 ; 0.00582295 ; -0.00727572 ; 0.0149873 ; 102.325;
19 ; 31 ; 7 ; 0.00241386 ; -0.0118613 ; 0.0223683 ; 102.885;
20 ; 31 ; 7 ; 0.00983778 ; -0.00980753 ; 0.00418724 ; 102.599;
21 ; 31 ; 7 ; -0.00453893 ; -0.000209651 ; 0.0188346 ; 102.764;
22 ; 31 ; 7 ; -0.00946066 ; -0.0270908 ; 0.0190459 ; 102.303;
23 ; 31 ; 7 ; 0.00961664 ; -0.0219533 ; 0.0144281 ; 102.898;
24 ; 31 ; 7 ; -0.00579799 ; -0.0154937 ; 0.0228442 ; 103.09;
25 ; 31 ; 7 ; 0.0037865 ; -0.0107085 ; 0.00679604 ; 103.012;
26 ; 31 ; 7 ; -0.0130261 ; -0.0149997 ; 0.00989358 ; 102.564;
27 ; 31 ; 7 ; -0.0310534 ; -0.00919501 ; 0.0108096 ; 103.033;
28 ; 31 ; 7 ; -0.00501305 ; -0.0227739 ; 0.0106679 ; 103.054;
29 ; 31 ; 7 ; -0.00906362 ; -0.0101069 ; 0.0151882 ; 102.648;
30 ; 31 ; 7 ; -0.00324622 ; -0.0138165 ; -0.00448586 ; 103.122;
31 ; 31 ; 7 ; -0.0125631 ; -0.010331 ; 0.000857656 ; 103.081;
32 ; 31 ; 7 ; -0.0240658 ; -0.0073614 ; 0.00975528 ; 103.058;
33 ; 31 ; 7 ; -0.00288115 ; -0.0101 ; 0.0270905 ; 102.581;
4 ; 32 ; 7 ; 0.0153713 ; -0.00582871 ; 0.00743843 ; 103.28;
5 ; 32 ; 7 ; 0.000444739 ; -0.00983682 ; 0.0102636 ; 102.552;
6 ; 32 ; 7 ; 0.0145263 ; 0.00262718 ; 0.0124921 ; 102.869;
7 ; 32 ; 7 ; 0.0183165 ; -0.0129803 ; -0.00568136 ; 102.711;
8 ; 32 ; 7 ; 0.0177748 ; -0.00764401 ; 0.00845007 ; 102.907;
9 ; 32 ; 7 ; 0.00299373 ; -0.00211467 ; 0.0122128 ; 102.808;
10 ; 32 ; 7 ; 0.0193556 ; -0.0136865 ; 0.0155038 ; 103.336;
11 ; 32 ; 7 ; 0.0116754 ; -0.00382028 ; 0.0092167 ; 103.179;
12 ; 32 ; 7 ; 0.00769099 ; -0.00945418 ; 0.0232071 ; 102.624;
13 ; 32 ; 7 ; 0.0070066 ; -0.0147141 ; 0.0239518 ; 103.471;
14 ; 32 ; 7 ; 0.000667477 ; -0.0102416 ; 0.0158377 ; 102.631;
15 ; 32 ; 7 ; -0.00908783 ; -0.0217264 ; 0.0248847 ; 102.282;
16 ; 32 ; 7 ; -0.0136358 ; -0.0156412 ; 0.0161722 ; 102.748;
17 ; 32 ; 7 ; -0.0117328 ; -0.00914497 ; 0.0204595 ; 102.456;
18 ; 32 ; 7 ; 0.00362995 ; -0.0243411 ; 0.0283238 ; 102.406;
19 ; 32 ; 7 ; -0.00587844 ; -0.0115664 ; 0.0154853 ; 102.794;
20 ; 32 ; 7 ; -0.00578822 ; 0.00807864 ; 0.0112661 ; 102.522;
21 ; 32 ; 7 ; 0.0069028 ; -0.0204869 ; 0.0198548 ; 102.778;
22 ; 32 ; 7 ; 0.00448529 ; -0.0111962 ; 0.0313209 ; 102.126;
23 ; 32 ; 7 ; 0.0011057 ; -0.00349817 ; 0.0084586 ; 102.148;
24 ; 32 ; 7 ; 0.00126445 ; -0.00285267 ; 0.0198293 ; 102.402;
25 ; 32 ; 7 ; 0.00252231 ; -0.0110205 ; 0.0323773 ; 102.693;
26 ; 32 ; 7 ; -0.00669555 ; -0.0141233 ; 0.00799529 ; 102.895;
27 ; 32 ; 7 ; -0.0111712 ; -0.00794042 ; 0.00978303 ; 102.91;
28 ; 32 ; 7 ; -0.0223817 ; -0.0169887 ; 0.00607496 ; 103.27;
29 ; 32 ; 7 ; -0.0081777 ; -7.38634e-05 ; 0.0169937 ; 102.58;
30 ; 32 ; 7 ; -0.00885388 ; -0.0183571 ; 0.000747484 ; 103.045;
31 ; 32 ; 7 ; -0.0145832 ; -0.00325264 ; 0.00263955 ; 102.87;
32 ; 32 ; 7 ; -0.00967951 ; -0.00838116 ; 0.00597769 ; 102.883;
33 ; 32 ; 7 ; -0.0123287 ; 0.0030661 ; 0.0126251 ; 103.099;
4 ; 33 ; 7 ; 0.00217522 ; -0.00938275 ; 0.0319873 ; 102.7;
5 ; 33 ; 7 ; 0.0213023 ; 0.000526538 ; 0.00790155 ; 102.966;
6 ; 33 ; 7 ; 0.0176488 ; -0.0118169 ; 0.0157101 ; 102.786;
7 ; 33 ; 7 ; -0.0102868 ; -0.00272168 ; -0.00371017 ; 102.898;
8 ; 33 ; 7 ; 0.0216778 ; 6.46315e-05 ; 0.0143854 ; 103.344;
9 ; 33 ; 7 ; 0.0133729 ; -0.000686726 ; 0.0140076 ; 102.888;
10 ; 33 ; 7 ; 0.0120067 ; -0.00636462 ; 0.000972619 ; 102.649;
11 ; 33 ; 7 ; 0.0168534 ; -0.001435 ; 0.0175415 ; 102.703;
12 ; 33 ; 7 ; 0.00166447 ; 0.000950855 ; 0.0241313 ; 102.585;
13 ; 33 ; 7 ; 0.000186956 ; -0.00522371 ; 0.0111011 ; 102.4;
14 ; 33 ; 7 ; -0.00289145 ; -0.00525559 ; 0.0224432 ; 102.907;
15 ; 33 ; 7 ; 0.000965633 ; -0.0143085 ; 0.0189291 ; 102.551;
16 ; 33 ; 7 ; -0.0108766 ; -0.00466069 ; 0.0210871 ; 102.996;
17 ; 33 ; 7 ; -0.0042182 ; -0.000774777 ; 0.00885651 ; 102.46;
18 ; 33 ; 7 ; 0.00209741 ; -0.00824199 ; 0.0248831 ; 102.572;
19 ; 33 ; 7 ; -0.00311563 ; -0.016848 ; 0.0263791 ; 102.594;
20 ; 33 ; 7 ; -0.0105109 ; -0.0081644 ; 0.0305609 ; 103.273;
21 ; 33 ; 7 ; -0.00108788 ; -0.0118725 ; 0.0245225 ; 102.563;
22 ; 33 ; 7 ; -0.00615465 ; -0.00304949 ; 0.0217499 ; 102.625;
23 ; 33 ; 7 ; -0.00671096 ; 0.00304072 ; 0.00569084 ; 102.906;
24 ; 33 ; 7 ; 0.0161729 ; -0.0146988 ; 0.008478 ; 102.497;
25 ; 33 ; 7 ; -0.00380664 ; 0.00257273 ; 0.00424406 ; 102.631;
26 ; 33 ; 7 ; -0.00701653 ; -0.00529698 ; 0.0109819 ; 102.463;
27 ; 33 ; 7 ; -0.015364 ; -0.0146219 ; 0.0150847 ; 103.138;
28 ; 33 ; 7 ; -0.0212677 ; -0.00141343 ; 0.0176435 ; 102.852;
29 ; 33 ; 7 ; -0.00466279 ; -0.00999325 ; 0.0181638 ; 103.155;
30 ; 33 ; 7 ; -0.00810365 ; 0.000228888 ; 0.00421341 ; 103.113;
31 ; 33 ; 7 ; -0.0119366 ; -0.0155449 ; 0.0105991 ; 102.994;
32 ; 33 ; 7 ; -0.0121853 ; -0.00175339 ; 0.0101278 ; 102.924;
33 ; 33 ; 7 ; -0.000192987 ; -0.00104869 ; 0.0227727 ; 103.139;
4 ; 4 ; 8 ; -0.0128431 ; 0.00587377 ; 0.00435993 ; 103.287;
5 ; 4 ; 8 ; -0.00349188 ; -0.00682245 ; 0.0110057 ; 102.858;
6 ; 4 ; 8 ; 0.00773039 ; 0.0102356 ; 0.0129811 ; 102.703;
7 ; 4 ; 8 ; 0.00136082 ; 0.0030557 ; 0.0293789 ; 102.472;
8 ; 4 ; 8 ; 0.00550456 ; 0.00733399 ; 0.0307052 ; 102.862;
9 ; 4 ; 8 ; 0.0029747 ; -0.00710516 ; 0.0145874 ; 102.639;
10 ; 4 ; 8 ; 0.015581 ; 0.0103685 ; 0.0146391 ; 102.428;
11 ; 4 ; 8 ; 0.00131423 ; -8.70323e-05 ; 0.00941017 ; 102.791;
12 ; 4 ; 8 ; -0.00952971 ; 0.00884611 ; 0.000462846 ; 102.836;
13 ; 4 ; 8 ; 0.000908126 ; -0.00324196 ; 0.0134937 ; 102.272;
14 ; 4 ; 8 ; -0.00684563 ; 0.00249241 ; 0.0258186 ; 102.624;
15 ; 4 ; 8 ; -0.00260224 ; 0.0018141 ; 0.0116359 ; 102.75;
16 ; 4 ; 8 ; 0.00236914 ; 0.00393338 ; 0.0174986 ; 102.613;
17 ; 4 ; 8 ; -0.00851711 ; 0.00219238 ; 0.0131629 ; 102.428;
18 ; 4 ; 8 ; 0.00406114 ; 0.0119104 ; 0.00501418 ; 102.312;
19 ; 4 ; 8 ; -0.0115717 ; 0.00536854 ; 0.0146243 ; 102.659;
20 ; 4 ; 8 ; 0.000689057 ; -0.00222749 ; 0.0210807 ; 102.851;
21 ; 4 ; 8 ; 0.0030019 ; 0.0113786 ; 0.0168281 ; 102.315;
22 ; 4 ; 8 ; 0.00022369 ; 0.0058751 ; 0.0249107 ; 102.799;
23 ; 4 ; 8 ; 0.00576261 ; 0.00192585 ; 0.0143945 ; 102.533;
24 ; 4 ; 8 ; 0.000657013 ; 0.00803598 ; 0.0133959 ; 102.703;
25 ; 4 ; 8 ; -0.0145409 ; -0.00561891 ; 0.0128538 ; 102.879;
26 ; 4 ; 8 ; -0.00527235 ; 0.00934371 ; 0.00904645 ; 102.878;
27 ; 4 ; 8 ; -0.0182189 ; -0.00172345 ; 0.0230188 ; 103.209;
28 ; 4 ; 8 ; -0.0068516 ; 0.00702597 ; 0.00551816 ; 102.56;
29 ; 4 ; 8 ; -0.015786 ; -0.00349463 ; 0.0188016 ; 102.979;
30 ; 4 ; 8 ; -0.014878 ; 0.0062358 ; 0.00541005 ; 103.223;
31 ; 4 ; 8 ; -0.0107879 ; -0.00596427 ; 0.0106873 ; 102.981;
32 ; 4 ; 8 ; -0.0077013 ; 0.00249938 ; 0.00984912 ; 103.037;
33 ; 4 ; 8 ; -0.00222532 ; 0.00520133 ; 0.00871432 ; 102.995;
4 ; 5 ; 8 ; 0.00980068 ; 0.0106832 ; 0.0109692 ; 102.564;
5 ; 5 ; 8 ; 0.0109466 ; 0.00580914 ; 0.0105273 ; 102.982;
6 ; 5 ; 8 ; 0.0077283 ; 0.0130584 ; 0.018027 ; 103.058;
7 ; 5 ; 8 ; 0.013113 ; 0.0005402 ; 0.00712965 ; 103.1;
8 ; 5 ; 8 ; 0.0169527 ; -0.000799939 ; 0.009917 ; 103.396;
9 ; 5 ; 8 ; 0.0136915 ; 0.00253961 ; 0.00308752 ; 102.938;
10 ; 5 ; 8 ; 0.0177623 ; 0.00271413 ; 0.0314143 ; 103.061;
11 ; 5 ; 8 ; 0.0173491 ; 0.0211501 ; 0.0275771 ; 102.771;
12 ; 5 ; 8 ; 0.00428539 ; 0.0129154 ; 0.0193302 ; 102.855;
13 ; 5 ; 8 ; 0.00281973 ; 0.00478373 ; 0.029866 ; 102.865;
14 ; 5 ; 8 ; -0.00597694 ; 0.00200175 ; 0.0186891 ; 102.671;
15 ; 5 ; 8 ; -0.00408693 ; 0.00116382 ; 0.0219429 ; 102.772;
16 ; 5 ; 8 ; 0.00127264 ; 0.0110173 ; 0.0156998 ; 102.586;
17 ; 5 ; 8 ; 0.0209373 ; 0.00930408 ; 0.0148594 ; 102.344;
18 ; 5 ; 8 ; 0.00916113 ; 0.00951229 ; 0.028777 ; 102.183;
19 ; 5 ; 8 ; -0.00924613 ; 0.0124636 ; 0.00758843 ; 103.006;
20 ; 5 ; 8 ; 0.00311235 ; 0.00920965 ; 0.0179897 ; 102.442;
21 ; 5 ; 8 ; 0.00692744 ; 0.0098292 ; 0.0157095 ; 102.548;
22 ; 5 ; 8 ; 0.00223167 ; 0.00644223 ; 0.0117303 ; 102.707;
23 ; 5 ; 8 ; 0.00963729 ; -0.0040378 ; 0.0283962 ; 102.637;
24 ; 5 ; 8 ; 0.00181424 ; 0.0260721 ; 0.0102089 ; 102.367;
25 ; 5 ; 8 ; -0.00413049 ; 0.00131282 ; 0.0118966 ; 103.012;
26 ; 5 ; 8 ; -0.0153348 ; 0.0153119 ; 0.0185836 ; 103.046;
27 ; 5 ; 8 ; -0.0206331 ; 0.00566608 ; 0.00786221 ; 102.712;
28 ; 5 ; 8 ; -0.00499166 ; 0.00387551 ; 0.0127251 ; 102.798;
29 ; 5 ; 8 ; -0.0267936 ; -0.0049774 ; -0.00308842 ; 102.676;
30 ; 5 ; 8 ; -0.0113092 ; 0.00561041 ; 0.00839327 ; 103.123;
31 ; 5 ; 8 ; -0.00736338 ; 0.0149505 ; 0.0125686 ; 103.142;
32 ; 5 ; 8 ; -0.0122241 ; 0.00244975 ; 0.017708 ; 102.942;
33 ; 5 ; 8 ; -0.0135982 ; 0.00500871 ; 0.00768587 ; 102.966;
4 ; 6 ; 8 ; 0.0110518 ; 0.019028 ; 7.31135e-05 ; 102.814;
5 ; 6 ; 8 ; 0.00916067 ; 0.0108105 ; 0.013636 ; 103.102;
6 ; 6 ; 8 ; 0.00770529 ; 0.0113896 ; 0.00976739 ; 103.271;
7 ; 6 ; 8 ; 0.00280699 ; 0.0117715 ; 0.00318626 ; 102.918;
8 ; 6 ; 8 ; 0.01304 ; -0.00632344 ; 0.0207768 ; 102.816;
9 ; 6 ; 8 ; 0.0220251 ; 0.00854372 ; 0.0216291 ; 103.212;
10 ; 6 ; 8 ; 0.0163341 ; 0.00334617 ; 0.0201076 ; 102.966;
11 ; 6 ; 8 ; 0.0196562 ; 0.00464518 ; 0.0116502 ; 102.151;
12 ; 6 ; 8 ; 0.00230959 ; 0.00947633 ; 0.0160021 ; 102.954;
13 ; 6 ; 8 ; 0.00896761 ; -0.0007424 ; 0.0216865 ; 102.227;
14 ; 6 ; 8 ; 0.0105899 ; 0.0246272 ; -5.93969e-05 ; 102.764;
15 ; 6 ; 8 ; -0.00550577 ; 0.0231549 ; 0.0200771 ; 102.506;
16 ; 6 ; 8 ; -0.00277341 ; 0.00105224 ; 0.0247375 ; 102.643;
17 ; 6 ; 8 ; -0.0102973 ; 0.0125813 ; 0.0199758 ; 102.933;
18 ; 6 ; 8 ; -0.00567567 ; 0.0246285 ; 0.0284806 ; 102.632;
19 ; 6 ; 8 ; -0.00890734 ; 0.00617825 ; 0.014005 ; 102.409;
20 ; 6 ; 8 ; 0.00597928 ; 0.0129084 ; 0.00965024 ; 102.896;
21 ; 6 ; 8 ; 0.0100104 ; 0.0297183 ; 0.0295303 ; 102.145;
22 ; 6 ; 8 ; 0.0107562 ; -0.00338007 ; 0.0130311 ; 102.735;
23 ; 6 ; 8 ; -0.00352047 ; 0.013054 ; 0.0281413 ; 102.916;
24 ; 6 ; 8 ; -0.00566257 ; 0.0209759 ; 0.0179282 ; 102.748;
25 ; 6 ; 8 ; -0.0117163 ; 0.00704442 ; 0.0134829 ; 102.451;
26 ; 6 ; 8 ; -0.00413956 ; 0.0172254 ; 0.0275141 ; 102.614;
27 ; 6 ; 8 ; -0.00134058 ; 0.00392354 ; 0.0132358 ; 103.384;
28 ; 6 ; 8 ; -0.0176061 ; 0.00518205 ; 0.00353942 ; 103.01;
29 ; 6 ; 8 ; -0.0162372 ; 0.00995877 ; 0.0120869 ; 102.622;
30 ; 6 ; 8 ; -0.0124255 ; 0.0130216 ; 0.0104635 ; 103.159;
31 ; 6 ; 8 ; -0.015667 ; 0.00648787 ; 0.00481132 ; 103.155;
32 ; 6 ; 8 ; -0.0145207 ; 0.0170315 ; 0.02419 ; 102.401;
33 ; 6 ; 8 ; -0.000686828 ; 0.0141713 ; 0.000801168 ; 103.228;
4 ; 7 ; 8 ; 0.00586502 ; 0.0140228 ; 0.0119831 ; 103.201;
5 ; 7 ; 8 ; 0.00216783 ; 0.0142208 ; 0.00473149 ; 102.926;
6 ; 7 ; 8 ; 0.00472967 ; 0.00911903 ; 0.00714362 ; 102.952;
7 ; 7 ; 8 ; -0.00711165 ; 0.0111505 ; 0.0166568 ; 103.47;
8 ; 7 ; 8 ; 0.00926739 ; 0.00921044 ; 0.00597034 ; 102.635;
9 ; 7 ; 8 ; -0.000813555 ; 0.00755089 ; 0.0139648 ; 103.001;
10 ; 7 ; 8 ; 0.014179 ; 0.00498168 ; 0.016403 ; 102.669;
11 ; 7 ; 8 ; 0.0165051 ; 0.0159669 ; 0.0200069 ; 102.794;
12 ; 7 ; 8 ; 0.0224043 ; 0.0151216 ; 0.00481269 ; 103.101;
13 ; 7 ; 8 ; 0.00380319 ; 0.0162668 ; 0.0205775 ; 102.534;
14 ; 7 ; 8 ; 0.00256716 ; 0.0162472 ; 0.0138595 ; 102.213;
15 ; 7 ; 8 ; 0.00182014 ; 0.0184638 ; 0.0199831 ; 102.579;
16 ; 7 ; 8 ; 0.00686256 ; 0.0124849 ; -0.0030543 ; 101.961;
17 ; 7 ; 8 ; 0.00140916 ; 0.0148155 ; 0.0146244 ; 102.665;
18 ; 7 ; 8 ; -0.00475258 ; 0.00199082 ; 0.0164961 ; 102.773;
19 ; 7 ; 8 ; 0.00265994 ; 0.0166484 ; 0.0157996 ; 102.483;
20 ; 7 ; 8 ; -0.0126116 ; 0.0129812 ; 0.00959317 ; 102.487;
21 ; 7 ; 8 ; -0.00629227 ; 0.0320659 ; 0.0189313 ; 102.722;
22 ; 7 ; 8 ; 0.000178709 ; 0.00996458 ; -0.000575008 ; 102.642;
23 ; 7 ; 8 ; -0.00711053 ; 0.00333177 ; 0.0226554 ; 102.768;
24 ; 7 ; 8 ; -0.00203703 ; 0.00588989 ; 0.0167531 ; 102.212;
25 ; 7 ; 8 ; -0.0234363 ; 0.00253134 ; 0.0232236 ; 102.34;
26 ; 7 ; 8 ; -0.0110747 ; 0.016726 ; 0.0140355 ; 102.764;
27 ; 7 ; 8 ; -0.00919725 ; 0.00795788 ; 0.0173939 ; 103.128;
28 ; 7 ; 8 ; -0.013266 ; 0.000652866 ; 0.00877931 ; 102.881;
29 ; 7 ; 8 ; -0.00751443 ; 0.0111818 ; 0.0133766 ; 103.004;
30 ; 7 ; 8 ; 0.00339444 ; 0.0143877 ; 0.0116614 ; 102.974;
31 ; 7 ; 8 ; -0.0112805 ; 0.00589892 ; 0.00605449 ; 102.727;
32 ; 7 ; 8 ; -0.0112638 ; 0.015921 ; 0.00997606 ; 102.374;
33 ; 7 ; 8 ; 0.00297714 ; 0.0213414 ; 0.0140129 ; 103.145;
4 ; 8 ; 8 ; 0.00402819 ; 0.00659594 ; 0.0164271 ; 103.149;
5 ; 8 ; 8 ; 0.0293387 ; 0.0244881 ; 0.0132395 ; 103.382;
6 ; 8 ; 8 ; 0.00724494 ; 0.00718865 ; 0.0241583 ; 102.761;
7 ; 8 ; 8 ; 0.00997243 ; 0.0064448 ; 0.0145018 ; 103.173;
8 ; 8 ; 8 ; 0.00613804 ; 0.0109662 ; 0.0125009 ; 103.438;
9 ; 8 ; 8 ; 0.0126007 ; 0.0103014 ; 0.0150471 ; 103.08;
10 ; 8 ; 8 ; 0.00854133 ; 0.0185874 ; 0.00647754 ; 103.411;
11 ; 8 ; 8 ; 0.00258722 ; 0.0149395 ; 0.018366 ; 102.882;
12 ; 8 ; 8 ; 0.00105362 ; 0.0247636 ; 0.00127249 ; 103.059;
13 ; 8 ; 8 ; -0.00307439 ; 0.0165075 ; 0.0168275 ; 102.755;
14 ; 8 ; 8 ; -0.00279538 ; 0.0159847 ; 0.0208533 ; 103.353;
15 ; 8 ; 8 ; -0.00863365 ; 0.00949733 ; 0.0189586 ; 102.595;
16 ; 8 ; 8 ; -0.0141452 ; 0.0130415 ; 0.00961419 ; 102.828;
17 ; 8 ; 8 ; -0.00556891 ; 0.0165828 ; 0.0123067 ; 102.746;
18 ; 8 ; 8 ; -0.00114283 ; 0.00883004 ; 0.0079342 ; 102.276;
19 ; 8 ; 8 ; 0.00420899 ; 0.0226829 ; 0.0264279 ; 102.745;
20 ; 8 ; 8 ; -0.00343367 ; 0.0264869 ; 0.00673544 ; 102.363;
21 ; 8 ; 8 ; -5.86671e-05 ; 0.00800059 ; 0.0261537 ; 102.97;
22 ; 8 ; 8 ; 0.00184476 ; 0.0177866 ; 0.0117171 ; 102.229;
23 ; 8 ; 8 ; 0.0118823 ; 0.00655282 ; 0.0169746 ; 102.587;
24 ; 8 ; 8 ; -0.0108394 ; 0.00693874 ; 0.0162004 ; 102.734;
25 ; 8 ; 8 ; -0.00882075 ; 0.0189747 ; 0.0149032 ; 103.149;
26 ; 8 ; 8 ; -0.0272734 ; 0.0287968 ; 0.0184749 ; 102.776;
27 ; 8 ; 8 ; -0.0071738 ; 0.0156255 ; 0.0191099 ; 102.913;
28 ; 8 ; 8 ; -0.0110855 ; 0.00542034 ; 0.011053 ; 102.937;
29 ; 8 ; 8 ; -0.00810569 ; 0.0172835 ; 0.00927577 ; 103.47;
30 ; 8 ; 8 ; -0.00519891 ; 0.0205282 ; 0.011357 ; 102.665;
31 ; 8 ; 8 ; -0.0128135 ; 0.00942488 ; 0.00876032 ; 103.143;
32 ; 8 ; 8 ; -0.0113235 ; 0.0158829 ; 0.00857932 ; 102.679;
33 ; 8 ; 8 ; -0.00454871 ; 0.0191234 ; 0.0121132 ; 103.185;
4 ; 9 ; 8 ; -0.00249988 ; 0.00649177 ; 0.0075534 ; 103.021;
5 ; 9 ; 8 ; 1.23613e-05 ; 0.0103603 ; 0.0247968 ; 102.834;
6 ; 9 ; 8 ; 0.0133282 ; 0.0132919 ; 0.000931944 ; 102.796;
7 ; 9 ; 8 ; 0.0126951 ; 0.0196244 ; 0.0161726 ; 102.919;
8 ; 9 ; 8 ; 0.0139516 ; 0.0144698 ; 0.0127703 ; 102.753;
9 ; 9 ; 8 ; 0.013581 ; 0.00844145 ; 0.00337369 ; 103.18;
10 ; 9 ; 8 ; 0.00818935 ; 0.0104576 ; 0.00810178 ; 102.704;
11 ; 9 ; 8 ; 0.0098692 ; 0.00536993 ; 0.0105735 ; 102.62;
12 ; 9 ; 8 ; 0.023183 ; 0.0280117 ; 0.00688443 ; 102.949;
13 ; 9 ; 8 ; 0.0226341 ; 0.0194821 ; 0.0119983 ; 102.659;
14 ; 9 ; 8 ; 0.00108976 ; 0.0154051 ; 0.0197583 ; 102.527;
15 ; 9 ; 8 ; -0.00230764 ; 0.0131241 ; 0.0239334 ; 102.76;
16 ; 9 ; 8 ; -0.0012474 ; 0.0074965 ; 0.00993602 ; 102.624;
17 ; 9 ; 8 ; -0.00934946 ; 0.0246355 ; 0.0171864 ; 102.005;
18 ; 9 ; 8 ; -0.0090394 ; 0.0165568 ; 0.0194753 ; 102.663;
19 ; 9 ; 8 ; -0.00241831 ; 0.0206776 ; 0.024827 ; 102.332;
20 ; 9 ; 8 ; 0.0026952 ; 0.0252498 ; 0.0158854 ; 102.569;
21 ; 9 ; 8 ; 0.00543647 ; 0.0286345 ; 0.0176589 ; 102.095;
22 ; 9 ; 8 ; -0.00843756 ; 0.0178901 ; 0.0141217 ; 102.868;
23 ; 9 ; 8 ; -0.00276868 ; 0.0095027 ; 0.0131807 ; 102.792;
24 ; 9 ; 8 ; -0.0134231 ; 0.0133066 ; 0.0133893 ; 102.469;
25 ; 9 ; 8 ; -0.0177838 ; 0.0226991 ; 0.0220818 ; 103.181;
26 ; 9 ; 8 ; -0.0052384 ; 0.0136364 ; 0.0107301 ; 102.995;
27 ; 9 ; 8 ; -0.0102502 ; 0.00938161 ; 0.022975 ; 102.712;
28 ; 9 ; 8 ; -0.0153179 ; 0.0115181 ; 0.0314923 ; 103.072;
29 ; 9 ; 8 ; -0.0194013 ; -0.00247638 ; 0.00498349 ; 102.801;
30 ; 9 ; 8 ; -0.00888557 ; 0.0165953 ; 0.00806854 ; 102.746;
31 ; 9 ; 8 ; -0.0124408 ; 0.018161 ; 0.0237074 ; 102.873;
32 ; 9 ; 8 ; -0.0100871 ; 0.0242234 ; 0.0119605 ; 102.551;
33 ; 9 ; 8 ; -0.00085354 ; 0.011744 ; 0.0092335 ; 102.753;
4 ; 10 ; 8 ; -0.00834638 ; 0.00807641 ; 0.00748174 ; 102.833;
5 ; 10 ; 8 ; -0.00193972 ; 0.0241485 ; 0.0152381 ; 102.74;
6 ; 10 ; 8 ; 0.00801913 ; 0.0108125 ; 0.00849602 ; 103.174;
7 ; 10 ; 8 ; 0.0174658 ; 0.010601 ; 0.0110904 ; 102.611;
8 ; 10 ; 8 ; 0.0110901 ; -0.000873696 ; 0.0158606 ; 103.39;
9 ; 10 ; 8 ; 0.0206448 ; 0.00647647 ; 0.0287389 ; 102.755;
10 ; 10 ; 8 ; 0.00814617 ; 0.0184213 ; 0.0199217 ; 102.736;
11 ; 10 ; 8 ; 0.0128256 ; 0.0123084 ; 0.0137823 ; 102.952;
12 ; 10 ; 8 ; 0.00706147 ; 0.0161149 ; 0.0265501 ; 102.77;
13 ; 10 ; 8 ; -0.00194989 ; 0.0332367 ; -0.00487805 ; 102.561;
14 ; 10 ; 8 ; -0.00336863 ; 0.0104032 ; 0.0238175 ; 102.639;
15 ; 10 ; 8 ; -0.00149779 ; 0.0179554 ; 0.0305869 ; 101.974;
16 ; 10 ; 8 ; -0.00206986 ; 0.00991687 ; 0.0209928 ; 102.651;
17 ; 10 ; 8 ; 0.00640813 ; 0.0172662 ; 0.0203436 ; 102.547;
18 ; 10 ; 8 ; 0.00167585 ; 0.0117208 ; 0.021401 ; 102.06;
19 ; 10 ; 8 ; 0.00168361 ; 0.0189877 ; 0.0228225 ; 102.452;
20 ; 10 ; 8 ; -0.00603098 ; 0.0228489 ; 0.0206575 ; 102.082;
21 ; 10 ; 8 ; -0.00306958 ; 0.0240362 ; 0.0209867 ; 102.397;
22 ; 10 ; 8 ; 0.00206758 ; 0.0268564 ; 0.0270902 ; 102.644;
23 ; 10 ; 8 ; -0.00616988 ; 0.0310976 ; 0.0170845 ; 102.567;
24 ; 10 ; 8 ; -0.0068219 ; 0.0135709 ; 0.0148159 ; 102.59;
25 ; 10 ; 8 ; -0.0207544 ; 0.0318513 ; 0.0236854 ; 102.72;
26 ; 10 ; 8 ; -0.00438693 ; 0.0185383 ; 0.0120279 ; 103.178;
27 ; 10 ; 8 ; -0.0240227 ; 0.0166005 ; -0.00130456 ; 102.778;
28 ; 10 ; 8 ; -0.0257674 ; 0.00669076 ; 0.00757252 ; 102.868;
29 ; 10 ; 8 ; -0.0283643 ; 0.0113143 ; 0.00370999 ; 102.851;
30 ; 10 ; 8 ; -0.00883711 ; 0.0124505 ; 0.0171978 ; 102.612;
31 ; 10 ; 8 ; -0.00860598 ; 0.0202756 ; 0.0184689 ; 102.815;
32 ; 10 ; 8 ; -0.0019958 ; 0.012134 ; 0.0200013 ; 103.127;
33 ; 10 ; 8 ; -0.00682955 ; 0.00130426 ; 0.0185352 ; 102.614;
4 ; 11 ; 8 ; 0.00391196 ; 0.00525051 ; 0.0118162 ; 102.681;
5 ; 11 ; 8 ; 0.0147445 ; 0.0174643 ; 0.0267699 ; 102.902;
6 ; 11 ; 8 ; -0.000990713 ; -0.00811454 ; 0.00770698 ; 102.552;
7 ; 11 ; 8 ; 0.00708771 ; 0.00663317 ; 0.0149767 ; 102.329;
8 ; 11 ; 8 ; 0.00854914 ; 0.0166271 ; 0.00102447 ; 102.749;
9 ; 11 ; 8 ; 0.0150308 ; 0.00680691 ; 0.0111927 ; 103.123;
10 ; 11 ; 8 ; 0.0283592 ; 0.00084701 ; 0.0149653 ; 103.092;
11 ; 11 ; 8 ; 0.00517452 ; 0.00977755 ; 0.0107754 ; 103.106;
12 ; 11 ; 8 ; 0.0172122 ; -0.00703777 ; 0.0130927 ; 102.683;
13 ; 11 ; 8 ; 0.00444727 ; 0.0157188 ; 0.0219409 ; 102.742;
14 ; 11 ; 8 ; 0.00503474 ; 0.0143195 ; 0.00723259 ; 102.467;
15 ; 11 ; 8 ; 0.00942501 ; 0.0263533 ; 0.0194779 ; 102.347;
16 ; 11 ; 8 ; 0.00585814 ; 0.0126815 ; 0.0283393 ; 102.52;
17 ; 11 ; 8 ; -0.0047072 ; 0.0104172 ; 0.00759644 ; 102.245;
18 ; 11 ; 8 ; 0.0153616 ; 0.0206441 ; 0.028853 ; 102.493;
19 ; 11 ; 8 ; -0.00752651 ; 0.0166271 ; 0.0206892 ; 102.583;
20 ; 11 ; 8 ; -0.00169479 ; 0.0208941 ; 0.0230067 ; 102.523;
21 ; 11 ; 8 ; 0.016032 ; 0.0275875 ; 0.0244659 ; 102.825;
22 ; 11 ; 8 ; -0.00888571 ; 0.0224257 ; 0.0295172 ; 102.428;
23 ; 11 ; 8 ; -0.00654775 ; 0.00841391 ; 0.0320993 ; 102.291;
24 ; 11 ; 8 ; -0.000348588 ; 0.0210981 ; 0.0131516 ; 102.792;
25 ; 11 ; 8 ; -0.0173934 ; 0.0125714 ; 0.0172073 ; 102.474;
26 ; 11 ; 8 ; -0.0135006 ; 0.0102844 ; 0.0187322 ; 102.81;
27 ; 11 ; 8 ; -0.0157196 ; 0.0113544 ; 0.00249049 ; 102.492;
28 ; 11 ; 8 ; -0.0171912 ; 0.0263294 ; 0.0152505 ; 102.857;
29 ; 11 ; 8 ; -0.0292576 ; 0.017547 ; -0.000570745 ; 102.689;
30 ; 11 ; 8 ; -0.0165649 ; -4.84973e-05 ; 0.0219819 ; 102.665;
31 ; 11 ; 8 ; -0.0132551 ; 0.00885436 ; 0.00834987 ; 103.048;
32 ; 11 ; 8 ; -0.000413075 ; 0.00750875 ; 0.0237127 ; 102.437;
33 ; 11 ; 8 ; -0.0123611 ; -0.00545166 ; 0.000906861 ; 102.538;
4 ; 12 ; 8 ; 0.0153823 ; 0.0124397 ; 0.0201522 ; 102.801;
5 ; 12 ; 8 ; 0.001775 ; 0.00559758 ; 0.0205031 ; 102.761;
6 ; 12 ; 8 ; 0.00449517 ; -0.00644418 ; 0.0258819 ; 102.391;
7 ; 12 ; 8 ; 0.0290134 ; 0.00421483 ; 0.0193101 ; 102.985;
8 ; 12 ; 8 ; 0.0118355 ; 0.00491844 ; 0.00595686 ; 102.886;
9 ; 12 ; 8 ; 0.00455286 ; -0.0135038 ; 0.011908 ; 102.649;
10 ; 12 ; 8 ; 0.00394762 ; 0.000956565 ; 0.00980476 ; 102.841;
11 ; 12 ; 8 ; 0.0165796 ; 0.0160453 ; 0.0174953 ; 102.017;
12 ; 12 ; 8 ; 0.0150625 ; 0.00202574 ; 0.0184934 ; 102.427;
13 ; 12 ; 8 ; 0.00849566 ; 0.0109648 ; 0.0261806 ; 102.424;
14 ; 12 ; 8 ; 0.00879237 ; 0.0259997 ; 0.0350336 ; 102.488;
15 ; 12 ; 8 ; 0.00326219 ; 0.00491346 ; 0.0212991 ; 102.237;
16 ; 12 ; 8 ; 0.00136292 ; 0.00484065 ; 0.0140718 ; 102.123;
17 ; 12 ; 8 ; 0.0089137 ; 0.0111629 ; 0.0220647 ; 102.223;
18 ; 12 ; 8 ; -0.00865054 ; 0.00209795 ; 0.0227446 ; 102.01;
19 ; 12 ; 8 ; -0.0145877 ; 0.0129599 ; 0.0219451 ; 102.085;
20 ; 12 ; 8 ; -0.00295963 ; 0.0168376 ; 0.039462 ; 102.162;
21 ; 12 ; 8 ; -0.0100654 ; 0.0235269 ; 0.0242364 ; 102.41;
22 ; 12 ; 8 ; -0.0116156 ; 0.015622 ; 0.0217198 ; 102.464;
23 ; 12 ; 8 ; -0.0137212 ; 0.0123482 ; 0.0264079 ; 102.382;
24 ; 12 ; 8 ; -0.00585035 ; 0.0104733 ; 0.0210283 ; 101.942;
25 ; 12 ; 8 ; -0.0162166 ; 0.00482641 ; 0.0246969 ; 102.718;
26 ; 12 ; 8 ; -0.0069481 ; 0.0200521 ; 0.0126793 ; 102.912;
27 ; 12 ; 8 ; -0.00244085 ; 0.00670714 ; 0.0256349 ; 102.575;
28 ; 12 ; 8 ; -0.0211004 ; 0.000449704 ; 0.0246505 ; 103.327;
29 ; 12 ; 8 ; -0.0088836 ; 0.0144561 ; 0.00838536 ; 103.191;
30 ; 12 ; 8 ; -0.0118321 ; -0.013857 ; 0.0117292 ; 102.948;
31 ; 12 ; 8 ; -0.0229884 ; 0.00592952 ; 0.0179859 ; 102.585;
32 ; 12 ; 8 ; -0.00275343 ; 0.00528853 ; 0.00570175 ; 102.849;
33 ; 12 ; 8 ; -0.00874276 ; 0.00501976 ; 0.0208416 ; 102.38;
4 ; 13 ; 8 ; 0.0249266 ; 0.00653197 ; 0.00767544 ; 102.999;
5 ; 13 ; 8 ; -0.00704402 ; -0.00477107 ; 0.0217083 ; 102.853;
6 ; 13 ; 8 ; 0.00890368 ; -0.00384309 ; 0.016133 ; 102.695;
7 ; 13 ; 8 ; 0.00950621 ; 0.000940588 ; 0.0136046 ; 103.13;
8 ; 13 ; 8 ; 0.0187682 ; 0.000885713 ; 0.013842 ; 103.056;
9 ; 13 ; 8 ; 0.0199442 ; 0.0040222 ; 0.0155879 ; 102.666;
10 ; 13 ; 8 ; 0.0179317 ; 0.0115628 ; 0.0233896 ; 102.484;
11 ; 13 ; 8 ; 0.0215832 ; 0.00484337 ; 0.00693944 ; 102.702;
12 ; 13 ; 8 ; 0.00363703 ; 0.0164945 ; 0.0363731 ; 102.33;
13 ; 13 ; 8 ; 0.00499627 ; 0.0129958 ; 0.0274702 ; 102.515;
14 ; 13 ; 8 ; 0.0103711 ; 0.0157276 ; 0.0250371 ; 102.346;
15 ; 13 ; 8 ; 0.00266008 ; 0.00674449 ; 0.0443026 ; 102.647;
16 ; 13 ; 8 ; 0.0159191 ; 0.00925484 ; 0.0344297 ; 102.108;
17 ; 13 ; 8 ; 0.00409934 ; 0.0100547 ; 0.0180426 ; 101.936;
18 ; 13 ; 8 ; 0.00153685 ; -0.00627671 ; 0.0279334 ; 102.286;
19 ; 13 ; 8 ; -0.00656756 ; -0.00335247 ; 0.0157802 ; 102.42;
20 ; 13 ; 8 ; 0.00437499 ; 0.00305102 ; 0.032889 ; 101.92;
21 ; 13 ; 8 ; -0.00572256 ; -0.00235553 ; 0.03285 ; 102.261;
22 ; 13 ; 8 ; -0.0206037 ; 0.00917893 ; 0.0220336 ; 102.391;
23 ; 13 ; 8 ; -0.0117784 ; 0.0101043 ; 0.0211964 ; 102.054;
24 ; 13 ; 8 ; -0.00995221 ; 0.00597062 ; 0.0261731 ; 102.205;
25 ; 13 ; 8 ; 0.00274768 ; 0.0127492 ; 0.0215406 ; 102.358;
26 ; 13 ; 8 ; -0.0118856 ; 0.0140812 ; 0.0162003 ; 102.573;
27 ; 13 ; 8 ; -0.021671 ; 0.0118413 ; 0.0227159 ; 102.905;
28 ; 13 ; 8 ; -0.0165557 ; 0.00558494 ; 0.0127815 ; 103.009;
29 ; 13 ; 8 ; -0.0265394 ; 0.0026873 ; 0.0167611 ; 103.245;
30 ; 13 ; 8 ; -0.00668244 ; -0.00674746 ; 0.0106833 ; 102.614;
31 ; 13 ; 8 ; -0.00946019 ; 0.011823 ; 0.00454089 ; 102.724;
32 ; 13 ; 8 ; -0.0060443 ; 0.0152477 ; 0.00778467 ; 102.412;
33 ; 13 ; 8 ; -0.00124243 ; -0.00494418 ; 0.00846071 ; 102.497;
4 ; 14 ; 8 ; 0.0224849 ; 0.00574172 ; 0.0164449 ; 102.454;
5 ; 14 ; 8 ; 0.00240254 ; -0.0135544 ; 0.0266814 ; 102.278;
6 ; 14 ; 8 ; 0.0137257 ; -0.00304897 ; 0.029963 ; 102.637;
7 ; 14 ; 8 ; 0.0256841 ; -0.00102899 ; 0.0192622 ; 102.683;
8 ; 14 ; 8 ; 0.0249316 ; 0.0040408 ; 0.0225697 ; 102.783;
9 ; 14 ; 8 ; 0.0184723 ; 0.017959 ; 0.0154929 ; 102.912;
10 ; 14 ; 8 ; 0.0252473 ; 0.00438129 ; 0.0212653 ; 102.636;
11 ; 14 ; 8 ; 0.0142374 ; -0.00468013 ; 0.0285947 ; 102.672;
12 ; 14 ; 8 ; 0.00874104 ; 0.00647095 ; 0.0215879 ; 102.155;
13 ; 14 ; 8 ; 0.00601373 ; 0.00172341 ; 0.0299072 ; 102.4;
14 ; 14 ; 8 ; 0.00821807 ; 0.00390064 ; 0.0214936 ; 102.201;
15 ; 14 ; 8 ; 0.0058644 ; 0.0120773 ; 0.0135576 ; 102.367;
16 ; 14 ; 8 ; 0.00491853 ; 0.00397361 ; 0.0331993 ; 102.226;
17 ; 14 ; 8 ; -0.00357425 ; 0.0117602 ; 0.0241581 ; 101.963;
18 ; 14 ; 8 ; -0.00589951 ; -0.000809582 ; 0.0127068 ; 101.978;
19 ; 14 ; 8 ; -0.00827497 ; 0.0109091 ; 0.012898 ; 101.967;
20 ; 14 ; 8 ; 0.0124421 ; 0.00640596 ; 0.0346656 ; 102.386;
21 ; 14 ; 8 ; -0.00460167 ; 0.00427489 ; 0.0189912 ; 102.147;
22 ; 14 ; 8 ; -0.007755 ; 0.00618899 ; 0.027683 ; 102.08;
23 ; 14 ; 8 ; -0.00400881 ; 0.00680191 ; 0.0210323 ; 102.509;
24 ; 14 ; 8 ; -0.00721533 ; 0.00960588 ; 0.0282047 ; 102.642;
25 ; 14 ; 8 ; -0.00540983 ; 0.0112155 ; 0.0132738 ; 102.216;
26 ; 14 ; 8 ; -0.00297069 ; -0.0014677 ; 0.0250392 ; 102.005;
27 ; 14 ; 8 ; -0.00896812 ; 0.00656795 ; 0.021133 ; 102.482;
28 ; 14 ; 8 ; -0.0147643 ; 0.011055 ; 0.0164398 ; 102.814;
29 ; 14 ; 8 ; -0.0250142 ; 0.00739485 ; 0.00599629 ; 102.797;
30 ; 14 ; 8 ; -0.0148594 ; 0.0139406 ; 0.0195055 ; 102.43;
31 ; 14 ; 8 ; 0.000428562 ; -0.00803215 ; 0.0106782 ; 102.257;
32 ; 14 ; 8 ; -0.00810456 ; -0.0073089 ; 0.0251486 ; 102.292;
33 ; 14 ; 8 ; -0.0059286 ; -0.00978968 ; 0.0148501 ; 102.892;
4 ; 15 ; 8 ; 0.0176916 ; -0.00818634 ; 0.014818 ; 102.811;
5 ; 15 ; 8 ; 0.00734902 ; -0.0058352 ; 0.0325659 ; 103.1;
6 ; 15 ; 8 ; 0.0130007 ; -0.00276682 ; 0.00283192 ; 102.565;
7 ; 15 ; 8 ; 0.0220047 ; 0.00280218 ; 0.0259669 ; 102.692;
8 ; 15 ; 8 ; 0.0161201 ; 0.000728661 ; 0.0269139 ; 102.536;
9 ; 15 ; 8 ; 0.00734351 ; 0.00510144 ; 0.0278616 ; 102.432;
10 ; 15 ; 8 ; 0.0172985 ; -0.00991839 ; 0.0357141 ; 102.627;
11 ; 15 ; 8 ; 0.0109767 ; -0.000448365 ; 0.0280663 ; 102.693;
12 ; 15 ; 8 ; 0.0211041 ; 0.000850229 ; 0.0279211 ; 102.43;
13 ; 15 ; 8 ; 0.0122998 ; 0.00172606 ; 0.0223686 ; 102.141;
14 ; 15 ; 8 ; 0.00428819 ; 0.00727442 ; 0.0255851 ; 101.713;
15 ; 15 ; 8 ; -0.00997788 ; -0.0026254 ; 0.0233487 ; 101.709;
16 ; 15 ; 8 ; 0.00517485 ; -0.00420932 ; 0.0394824 ; 102.176;
17 ; 15 ; 8 ; -0.00275652 ; -0.00830819 ; 0.0287805 ; 101.857;
18 ; 15 ; 8 ; 0.0132808 ; -0.00236329 ; 0.0416151 ; 102.01;
19 ; 15 ; 8 ; -0.00517178 ; 0.00134374 ; 0.0313483 ; 102.387;
20 ; 15 ; 8 ; 0.000806472 ; 0.00812269 ; 0.0416784 ; 101.802;
21 ; 15 ; 8 ; -0.00450448 ; -0.00565359 ; 0.0203471 ; 102.466;
22 ; 15 ; 8 ; -0.00776656 ; 0.0110322 ; 0.0257574 ; 102.891;
23 ; 15 ; 8 ; -0.0120067 ; 0.00371953 ; 0.025781 ; 102.21;
24 ; 15 ; 8 ; -0.00746101 ; 0.0042231 ; 0.0327092 ; 101.848;
25 ; 15 ; 8 ; -0.012377 ; 0.0028694 ; 0.0299838 ; 102.769;
26 ; 15 ; 8 ; -0.0243758 ; 0.00809867 ; 0.0238372 ; 102.793;
27 ; 15 ; 8 ; -0.0260136 ; 0.00376813 ; 0.0231666 ; 102.963;
28 ; 15 ; 8 ; -0.0201686 ; 0.00646607 ; 0.00693023 ; 102.779;
29 ; 15 ; 8 ; -0.020576 ; -0.00555969 ; 0.0122238 ; 102.406;
30 ; 15 ; 8 ; -0.00634723 ; 0.0174292 ; 0.0301813 ; 102.26;
31 ; 15 ; 8 ; -0.0182603 ; 0.00246114 ; 0.0192024 ; 102.337;
32 ; 15 ; 8 ; -0.0123584 ; 0.00842677 ; 0.0142776 ; 102.637;
33 ; 15 ; 8 ; -0.00198782 ; 0.00353296 ; 0.0105801 ; 102.426;
4 ; 16 ; 8 ; -0.00743519 ; -0.00309031 ; 0.0215606 ; 103.06;
5 ; 16 ; 8 ; 0.00945739 ; 0.00343699 ; 0.0417886 ; 102.492;
6 ; 16 ; 8 ; 0.0175166 ; -0.00264625 ; 0.0300346 ; 102.662;
7 ; 16 ; 8 ; 0.0188485 ; -0.0129839 ; 0.0167439 ; 102.693;
8 ; 16 ; 8 ; 0.0083321 ; -0.0164957 ; 0.026833 ; 102.583;
9 ; 16 ; 8 ; 0.0183055 ; -0.00726225 ; 0.0296777 ; 102.555;
10 ; 16 ; 8 ; 0.00735484 ; 0.00336755 ; 0.0107493 ; 102.529;
11 ; 16 ; 8 ; 0.0162054 ; -0.000165549 ; 0.0194907 ; 102.501;
12 ; 16 ; 8 ; 0.0175662 ; 0.00484367 ; 0.0283902 ; 102.036;
13 ; 16 ; 8 ; 0.00488322 ; -0.00346904 ; 0.0225703 ; 102.316;
14 ; 16 ; 8 ; -0.00229645 ; 0.00938646 ; 0.0369591 ; 102.45;
15 ; 16 ; 8 ; 0.00362527 ; 0.00026576 ; 0.0322178 ; 102.088;
16 ; 16 ; 8 ; 0.0157694 ; -0.00796999 ; 0.0199773 ; 102.033;
17 ; 16 ; 8 ; -0.00517639 ; -0.0162645 ; 0.0285529 ; 102.337;
18 ; 16 ; 8 ; -0.00831429 ; 0.0112698 ; 0.0321486 ; 102.074;
19 ; 16 ; 8 ; -0.00286974 ; -0.0129557 ; 0.0327091 ; 101.972;
20 ; 16 ; 8 ; -0.00548955 ; 0.0153502 ; 0.0244623 ; 102.049;
21 ; 16 ; 8 ; 0.0138822 ; 0.0127717 ; 0.0159299 ; 101.398;
22 ; 16 ; 8 ; -0.0155975 ; 0.00591109 ; 0.0188543 ; 102.04;
23 ; 16 ; 8 ; 0.00335947 ; 0.00636913 ; 0.0273664 ; 102.4;
24 ; 16 ; 8 ; -0.0108249 ; -0.00166583 ; 0.0123776 ; 102.657;
25 ; 16 ; 8 ; -0.0129227 ; -0.00402913 ; 0.0251611 ; 102.172;
26 ; 16 ; 8 ; -0.0137343 ; 0.00884312 ; 0.0192446 ; 101.818;
27 ; 16 ; 8 ; -0.013485 ; -0.00470805 ; 0.0259438 ; 102.559;
28 ; 16 ; 8 ; -0.0250316 ; 0.0161011 ; 0.0383749 ; 102.642;
29 ; 16 ; 8 ; -0.017121 ; -0.00285196 ; 0.0200622 ; 102.61;
30 ; 16 ; 8 ; -0.0142528 ; -0.000185921 ; 0.021105 ; 102.398;
31 ; 16 ; 8 ; -0.00650256 ; -0.00504059 ; 0.0143333 ; 102.486;
32 ; 16 ; 8 ; 0.00312465 ; -0.00146847 ; 0.0191708 ; 102.555;
33 ; 16 ; 8 ; 0.000799996 ; -0.00178223 ; 0.0129909 ; 102.292;
4 ; 17 ; 8 ; -0.000912935 ; 0.00947591 ; 0.0244827 ; 102.258;
5 ; 17 ; 8 ; 0.00146124 ; -0.00677217 ; 0.0212124 ; 102.61;
6 ; 17 ; 8 ; 0.0166633 ; -0.0100959 ; 0.0267928 ; 102.18;
7 ; 17 ; 8 ; 0.0149129 ; -0.00524876 ; 0.0089906 ; 102.751;
8 ; 17 ; 8 ; 0.0276321 ; -0.00762237 ; 0.0180972 ; 102.545;
9 ; 17 ; 8 ; 0.027009 ; 0.00209017 ; 0.0252484 ; 102.368;
10 ; 17 ; 8 ; 0.0195488 ; 0.0205466 ; 0.0146207 ; 102.772;
11 ; 17 ; 8 ; 0.0155709 ; 0.00132317 ; 0.0116352 ; 102.345;
12 ; 17 ; 8 ; 0.0059387 ; 0.000138774 ; 0.0279721 ; 102.027;
13 ; 17 ; 8 ; 0.00125801 ; 0.00700971 ; 0.01867 ; 101.981;
14 ; 17 ; 8 ; 0.0156518 ; -0.00426345 ; 0.0289844 ; 102.257;
15 ; 17 ; 8 ; -0.000881438 ; 0.0138437 ; 0.0273111 ; 102.045;
16 ; 17 ; 8 ; -7.22912e-05 ; -0.0186409 ; 0.0316765 ; 101.802;
17 ; 17 ; 8 ; -0.0063448 ; -0.00865109 ; 0.0224827 ; 102.357;
18 ; 17 ; 8 ; 0.00367385 ; 0.00923828 ; 0.0182095 ; 101.905;
19 ; 17 ; 8 ; -0.00905062 ; 0.00705721 ; 0.0221745 ; 101.801;
20 ; 17 ; 8 ; 0.0161964 ; 0.00728893 ; 0.0314099 ; 102.152;
21 ; 17 ; 8 ; -0.0097572 ; 0.000324034 ; 0.0320059 ; 101.49;
22 ; 17 ; 8 ; -0.00873123 ; 0.0252753 ; 0.026373 ; 102.29;
23 ; 17 ; 8 ; -0.0012773 ; 0.0132968 ; 0.0262052 ; 102.475;
24 ; 17 ; 8 ; -0.0116314 ; 0.0154155 ; 0.0220547 ; 102.109;
25 ; 17 ; 8 ; -0.00896976 ; 0.00570923 ; 0.0175799 ; 101.741;
26 ; 17 ; 8 ; -0.0227057 ; 0.013558 ; 0.0244424 ; 102.521;
27 ; 17 ; 8 ; -0.0245342 ; -0.00111471 ; 0.0108485 ; 102.318;
28 ; 17 ; 8 ; -0.0196781 ; 0.00699087 ; 0.00754851 ; 102.592;
29 ; 17 ; 8 ; -0.0203066 ; 0.00735324 ; 0.0218512 ; 101.997;
30 ; 17 ; 8 ; -0.0280961 ; -0.0106347 ; 0.00848965 ; 102.343;
31 ; 17 ; 8 ; -0.0273459 ; -0.00521774 ; 0.0117369 ; 102.639;
32 ; 17 ; 8 ; 0.00396403 ; -0.0111336 ; 0.0182953 ; 102.422;
33 ; 17 ; 8 ; 0.00743932 ; -0.00908168 ; 0.0200463 ; 102.318;
4 ; 18 ; 8 ; 0.0100283 ; 0.00652902 ; 0.0158847 ; 102.845;
5 ; 18 ; 8 ; 0.00869796 ; -0.00686577 ; 0.0172414 ; 102.293;
6 ; 18 ; 8 ; 0.00971537 ; -0.00398066 ; 0.00737073 ; 102.304;
7 ; 18 ; 8 ; 0.0216124 ; -0.0123693 ; 0.0130111 ; 102.47;
8 ; 18 ; 8 ; 0.0118585 ; -0.00314379 ; 0.0300409 ; 102.024;
9 ; 18 ; 8 ; 0.0171207 ; 0.00535426 ; 0.0101774 ; 102.256;
10 ; 18 ; 8 ; 0.0197167 ; 0.00193282 ; 0.0234351 ; 102.373;
11 ; 18 ; 8 ; 0.018065 ; -0.0092158 ; 0.017501 ; 102.122;
12 ; 18 ; 8 ; 0.0138648 ; 0.00325947 ; 0.0250058 ; 102.113;
13 ; 18 ; 8 ; 0.0125097 ; -0.000536681 ; 0.0238326 ; 101.802;
14 ; 18 ; 8 ; 0.0140714 ; -0.00700613 ; 0.0274063 ; 102.295;
15 ; 18 ; 8 ; -0.00199193 ; 0.00676753 ; 0.0305308 ; 101.862;
16 ; 18 ; 8 ; -0.00847403 ; -0.00964821 ; 0.0119323 ; 101.814;
17 ; 18 ; 8 ; -0.000559099 ; 0.00554425 ; 0.0329047 ; 102.017;
18 ; 18 ; 8 ; -0.00874243 ; 0.010743 ; 0.0227174 ; 102.275;
19 ; 18 ; 8 ; -0.00577043 ; 0.00746656 ; 0.0131993 ; 101.465;
20 ; 18 ; 8 ; -0.0103956 ; -0.0105303 ; 0.0171923 ; 101.892;
21 ; 18 ; 8 ; -0.00135959 ; 0.00925 ; 0.02847 ; 101.827;
22 ; 18 ; 8 ; -0.0014273 ; 0.00946987 ; 0.0281767 ; 102.031;
23 ; 18 ; 8 ; -0.0107575 ; -0.00700632 ; 0.0359273 ; 102.412;
24 ; 18 ; 8 ; -0.0113166 ; 0.00127591 ; 0.0430576 ; 101.821;
25 ; 18 ; 8 ; -0.016099 ; -0.000214961 ; 0.0214032 ; 102.309;
26 ; 18 ; 8 ; -0.0131531 ; 0.000164891 ; 0.030404 ; 101.869;
27 ; 18 ; 8 ; -0.0231871 ; 0.00177827 ; 0.0211145 ; 102.434;
28 ; 18 ; 8 ; -0.0236549 ; 0.0026045 ; 0.00780862 ; 102.427;
29 ; 18 ; 8 ; -0.0140666 ; 0.00526262 ; 0.0110023 ; 102.378;
30 ; 18 ; 8 ; -0.00397129 ; -0.00651975 ; 0.018901 ; 102.486;
31 ; 18 ; 8 ; -0.00764288 ; -0.00974509 ; 0.019566 ; 102.783;
32 ; 18 ; 8 ; 0.00681445 ; -0.00203225 ; 0.0154669 ; 102.549;
33 ; 18 ; 8 ; -0.018427 ; -0.00139542 ; 0.00663418 ; 102.513;
4 ; 19 ; 8 ; 0.00897939 ; 0.00144378 ; 0.0132071 ; 102.672;
5 ; 19 ; 8 ; 0.00498193 ; -0.00467891 ; 0.0287966 ; 102.37;
6 ; 19 ; 8 ; 0.00954298 ; 0.00727545 ; 0.0187565 ; 102.338;
7 ; 19 ; 8 ; 0.00928343 ; -0.010448 ; 0.0159976 ; 102.499;
8 ; 19 ; 8 ; 0.00597003 ; 0.00898859 ; 0.0185387 ; 102.249;
9 ; 19 ; 8 ; 0.00742649 ; 0.00182927 ; 0.0188097 ; 102.537;
10 ; 19 ; 8 ; 0.03393 ; -0.00174825 ; 0.0339607 ; 102.339;
11 ; 19 ; 8 ; 0.0281658 ; -0.00326567 ; 0.0186294 ; 102.242;
12 ; 19 ; 8 ; 0.0153681 ; 0.00549408 ; 0.0182594 ; 102.473;
13 ; 19 ; 8 ; 0.0126947 ; -0.00830706 ; 0.0251424 ; 102.062;
14 ; 19 ; 8 ; -0.0072567 ; -0.0004323 ; 0.0126018 ; 102.34;
15 ; 19 ; 8 ; 0.00179161 ; -0.00801987 ; 0.0289249 ; 102.253;
16 ; 19 ; 8 ; 0.00129474 ; 0.00314677 ; 0.0316117 ; 102.424;
17 ; 19 ; 8 ; -0.00438063 ; -0.00906779 ; 0.0187905 ; 101.718;
18 ; 19 ; 8 ; -0.00095427 ; 0.00922203 ; 0.0321394 ; 101.877;
19 ; 19 ; 8 ; 0.00328031 ; 0.00152286 ; 0.0239663 ; 102.351;
20 ; 19 ; 8 ; -0.0182635 ; 0.00537655 ; 0.0275874 ; 102.134;
21 ; 19 ; 8 ; -0.00872763 ; 0.00553784 ; 0.0228304 ; 101.305;
22 ; 19 ; 8 ; -0.00304932 ; -0.00523728 ; 0.0142725 ; 102.044;
23 ; 19 ; 8 ; 0.000329594 ; -0.000598721 ; 0.0309086 ; 102.139;
24 ; 19 ; 8 ; -0.0170244 ; 0.000652525 ; 0.0236405 ; 101.905;
25 ; 19 ; 8 ; -0.0046861 ; 0.0100381 ; 0.0198083 ; 102.95;
26 ; 19 ; 8 ; -0.0135342 ; -0.000997674 ; 0.0253795 ; 102.65;
27 ; 19 ; 8 ; -0.0240574 ; -0.00869701 ; 0.0337637 ; 101.929;
28 ; 19 ; 8 ; -0.00925549 ; 0.00166314 ; 0.0124518 ; 102.498;
29 ; 19 ; 8 ; -0.0168077 ; -0.00126579 ; 0.0222186 ; 102.727;
30 ; 19 ; 8 ; -0.0160875 ; 0.000497951 ; 0.0247429 ; 102.666;
31 ; 19 ; 8 ; 0.00478456 ; -0.00675085 ; 0.0204331 ; 102.177;
32 ; 19 ; 8 ; -0.012455 ; 0.000872314 ; 0.0116121 ; 102.52;
33 ; 19 ; 8 ; -0.00534397 ; 0.0108039 ; 0.0127002 ; 102.897;
4 ; 20 ; 8 ; 0.0128358 ; -0.0127806 ; 0.0102549 ; 102.771;
5 ; 20 ; 8 ; 0.0024669 ; -0.00534029 ; 0.0314064 ; 102.726;
6 ; 20 ; 8 ; 0.0244043 ; -0.0197778 ; 0.0225446 ; 102.389;
7 ; 20 ; 8 ; 0.0141244 ; -0.00913806 ; 0.028133 ; 102.929;
8 ; 20 ; 8 ; 0.0256228 ; 0.00169439 ; 0.0119753 ; 102.9;
9 ; 20 ; 8 ; 0.0209709 ; -0.00185959 ; 0.0175403 ; 102.463;
10 ; 20 ; 8 ; 0.00323415 ; -0.0057586 ; 0.0124053 ; 102.807;
11 ; 20 ; 8 ; 0.0105832 ; -0.00100061 ; 0.0267912 ; 102.326;
12 ; 20 ; 8 ; 0.00777493 ; -0.00513642 ; 0.0186393 ; 102.213;
13 ; 20 ; 8 ; 0.0129878 ; 0.0106785 ; 0.0350961 ; 102.046;
14 ; 20 ; 8 ; 0.00461461 ; 0.0111948 ; 0.0297744 ; 102.115;
15 ; 20 ; 8 ; 0.00192417 ; -7.42613e-05 ; 0.0221816 ; 102.088;
16 ; 20 ; 8 ; 0.00944802 ; 0.00199872 ; 0.0276728 ; 101.762;
17 ; 20 ; 8 ; 0.00448001 ; 4.99967e-05 ; 0.0229898 ; 102.492;
18 ; 20 ; 8 ; -0.00213433 ; 0.00162843 ; 0.0292251 ; 102.066;
19 ; 20 ; 8 ; -0.00460937 ; -0.0108855 ; 0.0341512 ; 102.257;
20 ; 20 ; 8 ; -0.00399728 ; 0.0067681 ; 0.0320358 ; 102.238;
21 ; 20 ; 8 ; 0.00449753 ; -0.00661954 ; 0.0239646 ; 102.048;
22 ; 20 ; 8 ; 0.00605696 ; 0.00850887 ; 0.0261243 ; 102.006;
23 ; 20 ; 8 ; -0.0146895 ; -0.00103581 ; 0.02378 ; 102.132;
24 ; 20 ; 8 ; -0.0195635 ; 0.00802255 ; 0.0261337 ; 101.938;
25 ; 20 ; 8 ; -0.0230721 ; -0.00356664 ; 0.0347098 ; 102.079;
26 ; 20 ; 8 ; -0.013236 ; 0.0199401 ; 0.0262444 ; 102.561;
27 ; 20 ; 8 ; -0.016297 ; 0.0141196 ; 0.01867 ; 102.577;
28 ; 20 ; 8 ; -0.0104214 ; 0.00259874 ; 0.0279757 ; 102.426;
29 ; 20 ; 8 ; -0.0145862 ; 0.00397563 ; 0.0105027 ; 102.517;
30 ; 20 ; 8 ; -0.00200956 ; -0.0061071 ; 0.025882 ; 102.798;
31 ; 20 ; 8 ; -0.013887 ; -0.00246333 ; 0.0139284 ; 102.735;
32 ; 20 ; 8 ; -0.0154762 ; -0.00536664 ; 0.0224508 ; 102.821;
33 ; 20 ; 8 ; 0.00131882 ; 0.00576639 ; 0.00634014 ; 102.437;
4 ; 21 ; 8 ; 0.00570179 ; -0.000129032 ; 0.0285103 ; 102.851;
5 ; 21 ; 8 ; 0.016682 ; 0.00221667 ; 0.0163706 ; 102.476;
6 ; 21 ; 8 ; 0.0218242 ; -0.00830708 ; 0.0219485 ; 102.082;
7 ; 21 ; 8 ; 0.0251531 ; 0.00222347 ; 0.0258684 ; 102.64;
8 ; 21 ; 8 ; 0.0122206 ; 0.0203607 ; 0.0134377 ; 102.945;
9 ; 21 ; 8 ; 0.0320233 ; -0.000452501 ; 0.0207163 ; 102.813;
10 ; 21 ; 8 ; 0.0186532 ; 0.0057518 ; 0.0318156 ; 102.211;
11 ; 21 ; 8 ; 0.0223523 ; -0.0069187 ; 0.0177403 ; 101.876;
12 ; 21 ; 8 ; 0.0137322 ; 0.00448549 ; 0.0191544 ; 102.404;
13 ; 21 ; 8 ; 0.00998087 ; -0.00689654 ; 0.0241278 ; 101.638;
14 ; 21 ; 8 ; 0.0088125 ; 0.00370224 ; 0.0219645 ; 102.067;
15 ; 21 ; 8 ; 0.00473951 ; -0.0103231 ; 0.0175355 ; 102.44;
16 ; 21 ; 8 ; -0.0109279 ; -0.00218322 ; 0.02706 ; 102.11;
17 ; 21 ; 8 ; 0.0091592 ; -0.0131115 ; 0.024939 ; 101.986;
18 ; 21 ; 8 ; 0.00895086 ; 0.00282617 ; 0.0358429 ; 101.915;
19 ; 21 ; 8 ; -0.00234899 ; 0.0038823 ; 0.0376338 ; 101.636;
20 ; 21 ; 8 ; 0.00549253 ; 0.00624432 ; 0.0420438 ; 102.026;
21 ; 21 ; 8 ; -0.00597025 ; 0.00812079 ; 0.0257504 ; 101.765;
22 ; 21 ; 8 ; -0.00636722 ; 0.0181047 ; 0.0263589 ; 102.338;
23 ; 21 ; 8 ; -0.0159092 ; 0.00802755 ; 0.0207983 ; 102.223;
24 ; 21 ; 8 ; -0.0033947 ; -0.0121207 ; 0.0387035 ; 102.251;
25 ; 21 ; 8 ; -0.00624088 ; -0.00204911 ; 0.0186764 ; 102.297;
26 ; 21 ; 8 ; -0.0121099 ; -0.00136284 ; 0.0221613 ; 102.597;
27 ; 21 ; 8 ; -0.0189562 ; 0.0142718 ; 0.0311177 ; 102.314;
28 ; 21 ; 8 ; -0.0212069 ; -0.00408884 ; 0.0104751 ; 102.87;
29 ; 21 ; 8 ; -0.00294808 ; 0.00403433 ; 0.018763 ; 102.395;
30 ; 21 ; 8 ; -0.0137559 ; 0.000687765 ; -0.00197192 ; 102.918;
31 ; 21 ; 8 ; -0.00773235 ; -0.00718821 ; 0.0053613 ; 102.235;
32 ; 21 ; 8 ; -0.0157083 ; -0.0135708 ; 0.0129346 ; 102.383;
33 ; 21 ; 8 ; -0.00900706 ; -0.00429528 ; 0.0169201 ; 102.768;
4 ; 22 ; 8 ; 0.00154388 ; 0.00315129 ; 0.0230095 ; 102.288;
5 ; 22 ; 8 ; 0.0240306 ; 0.00818695 ; 0.0240449 ; 102.891;
6 ; 22 ; 8 ; 0.0161667 ; -0.00615222 ; 0.0134547 ; 102.518;
7 ; 22 ; 8 ; 0.0157135 ; -0.00798375 ; 0.0161659 ; 102.49;
8 ; 22 ; 8 ; 0.0120019 ; 0.00198417 ; 0.0147277 ; 102.454;
9 ; 22 ; 8 ; 0.0142367 ; 0.0111128 ; 0.0221809 ; 102.774;
10 ; 22 ; 8 ; 0.0228249 ; 0.00370213 ; 0.0256605 ; 102.553;
11 ; 22 ; 8 ; 0.014855 ; -0.006601 ; 0.0235865 ; 102.43;
12 ; 22 ; 8 ; 0.00622384 ; -0.00344136 ; 0.0229398 ; 102.22;
13 ; 22 ; 8 ; 0.00804757 ; -0.0155133 ; 0.0306431 ; 102.111;
14 ; 22 ; 8 ; -0.00424905 ; -0.00665564 ; 0.0200306 ; 102.44;
15 ; 22 ; 8 ; 0.00366634 ; -0.00702966 ; 0.0341448 ; 102.011;
16 ; 22 ; 8 ; -0.00640667 ; -0.00314409 ; 0.0327425 ; 102.072;
17 ; 22 ; 8 ; 0.0113573 ; 0.00457702 ; 0.0253142 ; 102.052;
18 ; 22 ; 8 ; 0.00285302 ; -0.00341537 ; 0.0340312 ; 101.896;
19 ; 22 ; 8 ; 0.000367006 ; -0.0163417 ; 0.0214899 ; 102.251;
20 ; 22 ; 8 ; -0.00686987 ; -0.00567456 ; 0.0301707 ; 101.78;
21 ; 22 ; 8 ; -0.00249328 ; -0.00946504 ; 0.0223126 ; 102.359;
22 ; 22 ; 8 ; 0.00837224 ; -0.00389305 ; 0.0294706 ; 102.066;
23 ; 22 ; 8 ; 0.00836233 ; -0.00345388 ; 0.0182011 ; 101.671;
24 ; 22 ; 8 ; -0.00299103 ; -0.00189662 ; 0.0224199 ; 102.712;
25 ; 22 ; 8 ; -0.0197941 ; -0.00600795 ; 0.0200289 ; 102.633;
26 ; 22 ; 8 ; -0.0111635 ; 0.00241598 ; 0.0144113 ; 102.895;
27 ; 22 ; 8 ; -0.0219066 ; -0.00562587 ; 0.0197997 ; 102.888;
28 ; 22 ; 8 ; -0.0185531 ; -0.0131953 ; 0.0233901 ; 102.427;
29 ; 22 ; 8 ; -0.0145524 ; 0.0205867 ; 0.0251814 ; 102.559;
30 ; 22 ; 8 ; -0.0160432 ; 0.00129078 ; 0.0102342 ; 102.695;
31 ; 22 ; 8 ; -0.0210699 ; -0.0134579 ; 0.0143171 ; 102.359;
32 ; 22 ; 8 ; -0.0187885 ; 0.00154356 ; 0.0234505 ; 102.492;
33 ; 22 ; 8 ; -0.00204268 ; -0.0178595 ; 0.0136344 ; 103.072;
4 ; 23 ; 8 ; 0.00956909 ; 0.00984613 ; 0.0205512 ; 102.698;
5 ; 23 ; 8 ; 0.0113981 ; 0.00100974 ; 0.0201234 ; 102.878;
6 ; 23 ; 8 ; 0.0195269 ; -0.00584813 ; 0.0155535 ; 102.451;
7 ; 23 ; 8 ; 0.0177002 ; -0.0103692 ; 0.0171878 ; 102.575;
8 ; 23 ; 8 ; 0.0222885 ; 0.00283721 ; 0.0116534 ; 102.958;
9 ; 23 ; 8 ; 0.0262638 ; 0.00427185 ; 0.0238198 ; 102.699;
10 ; 23 ; 8 ; 0.00818472 ; 0.000355087 ; 0.0251149 ; 102.336;
11 ; 23 ; 8 ; 0.0116235 ; 0.00810762 ; 0.023849 ; 102.276;
12 ; 23 ; 8 ; 0.0167143 ; -0.00300003 ; 0.0239717 ; 102.19;
13 ; 23 ; 8 ; -0.00894932 ; -0.00524206 ; 0.0257265 ; 102.556;
14 ; 23 ; 8 ; 0.003627 ; -0.00989475 ; 0.0231691 ; 102.25;
15 ; 23 ; 8 ; 0.0109911 ; 0.00581 ; 0.0192285 ; 102.187;
16 ; 23 ; 8 ; -0.00301516 ; 0.00398532 ; 0.0193956 ; 101.847;
17 ; 23 ; 8 ; 0.0036443 ; 0.00661662 ; 0.0214248 ; 102.142;
18 ; 23 ; 8 ; -0.00831283 ; -0.00912688 ; 0.0201277 ; 102.022;
19 ; 23 ; 8 ; -0.00159617 ; -0.00421412 ; 0.0338223 ; 101.641;
20 ; 23 ; 8 ; -0.00844348 ; 0.00247955 ; 0.0138084 ; 102.078;
21 ; 23 ; 8 ; 0.0147842 ; -0.0271035 ; 0.0220406 ; 102.444;
22 ; 23 ; 8 ; 0.00675535 ; -0.00707266 ; 0.0254562 ; 102.128;
23 ; 23 ; 8 ; 0.0106591 ; -0.00580134 ; 0.0157797 ; 102.5;
24 ; 23 ; 8 ; -0.00895198 ; -0.0131831 ; 0.0124945 ; 102.463;
25 ; 23 ; 8 ; -0.0169309 ; -0.0104925 ; 0.0185488 ; 102.717;
26 ; 23 ; 8 ; -0.0223054 ; -0.00262297 ; 0.0298822 ; 102.514;
27 ; 23 ; 8 ; -0.025748 ; -0.0109994 ; 0.0188143 ; 102.868;
28 ; 23 ; 8 ; -0.0152752 ; -0.0171572 ; 0.0131212 ; 102.677;
29 ; 23 ; 8 ; 0.00182625 ; -0.00202693 ; 0.0195844 ; 102.921;
30 ; 23 ; 8 ; -0.010909 ; 0.00129511 ; 0.016551 ; 102.314;
31 ; 23 ; 8 ; -0.019807 ; 0.00485228 ; 0.0292787 ; 102.484;
32 ; 23 ; 8 ; 0.00327475 ; 0.000972136 ; 0.0177005 ; 102.597;
33 ; 23 ; 8 ; 0.00678214 ; -0.00397855 ; 0.00436119 ; 102.423;
4 ; 24 ; 8 ; -0.00284152 ; 0.0120451 ; 0.00760603 ; 102.344;
5 ; 24 ; 8 ; 0.00943408 ; -0.0100525 ; 0.0192273 ; 102.611;
6 ; 24 ; 8 ; 0.0210751 ; -0.00958256 ; 0.00516864 ; 102.327;
7 ; 24 ; 8 ; 0.0209932 ; 0.00318704 ; 0.0157871 ; 102.74;
8 ; 24 ; 8 ; 0.0204585 ; -0.0101916 ; 0.0155648 ; 102.769;
9 ; 24 ; 8 ; 0.0131428 ; -0.0102248 ; 0.0145866 ; 102.311;
10 ; 24 ; 8 ; 0.0193148 ; -0.00618042 ; 0.022663 ; 102.224;
11 ; 24 ; 8 ; 0.00630923 ; -0.00966585 ; 0.0237471 ; 102.588;
12 ; 24 ; 8 ; 0.011845 ; 0.00037026 ; 0.030461 ; 102.596;
13 ; 24 ; 8 ; 0.00228797 ; -0.0215091 ; 0.0345799 ; 102.781;
14 ; 24 ; 8 ; 0.00460409 ; -0.0218152 ; 0.0277556 ; 102.266;
15 ; 24 ; 8 ; -0.00351772 ; -0.000143588 ; 0.011169 ; 102.709;
16 ; 24 ; 8 ; -0.00430586 ; 0.00189747 ; 0.0108869 ; 101.794;
17 ; 24 ; 8 ; -0.0033923 ; 0.00111522 ; 0.0236718 ; 102.105;
18 ; 24 ; 8 ; 0.00212722 ; -0.000885972 ; 0.0376204 ; 102.596;
19 ; 24 ; 8 ; -0.00876905 ; -0.0131196 ; 0.0312776 ; 102.169;
20 ; 24 ; 8 ; 0.0170782 ; -0.00669517 ; 0.0184135 ; 102.118;
21 ; 24 ; 8 ; 0.000149039 ; -0.0152554 ; 0.00801301 ; 102.471;
22 ; 24 ; 8 ; -0.0088771 ; -0.0027319 ; 0.0251019 ; 102.105;
23 ; 24 ; 8 ; 0.00832546 ; 0.0059979 ; 0.0246886 ; 102.108;
24 ; 24 ; 8 ; -0.00592459 ; -0.00668967 ; 0.0401296 ; 102.165;
25 ; 24 ; 8 ; -0.00679253 ; -0.00575525 ; 0.0324456 ; 102.263;
26 ; 24 ; 8 ; -0.0233977 ; -0.0123811 ; 0.0216306 ; 102.405;
27 ; 24 ; 8 ; -0.0152845 ; -0.0046599 ; 0.023341 ; 102.499;
28 ; 24 ; 8 ; -0.0156704 ; 0.00526572 ; 0.0134239 ; 102.674;
29 ; 24 ; 8 ; -0.0125445 ; 0.0138978 ; 0.0151907 ; 102.879;
30 ; 24 ; 8 ; -0.0133958 ; 0.00216062 ; 0.00192275 ; 102.715;
31 ; 24 ; 8 ; -0.0164713 ; -0.00153403 ; 0.0169139 ; 102.759;
32 ; 24 ; 8 ; -0.00812825 ; -0.00539042 ; 0.00359183 ; 102.465;
33 ; 24 ; 8 ; 0.00256501 ; -0.00913335 ; 0.0163312 ; 102.496;
4 ; 25 ; 8 ; 0.00320875 ; 0.0111281 ; 0.0101087 ; 102.628;
5 ; 25 ; 8 ; 8.28168e-05 ; -0.000364549 ; 0.00979934 ; 102.834;
6 ; 25 ; 8 ; 0.0190596 ; 0.00181469 ; 0.0194167 ; 102.264;
7 ; 25 ; 8 ; 0.0209441 ; -0.0132841 ; 0.0210811 ; 102.993;
8 ; 25 ; 8 ; 0.00225098 ; -0.00571044 ; 0.0169011 ; 102.857;
9 ; 25 ; 8 ; 0.0201451 ; -0.00528153 ; 0.0160845 ; 102.968;
10 ; 25 ; 8 ; 0.01017 ; -0.0132484 ; 0.0199097 ; 102.777;
11 ; 25 ; 8 ; 0.0166061 ; -0.0142124 ; 0.026559 ; 102.804;
12 ; 25 ; 8 ; 0.0124608 ; -0.0157575 ; 0.0174737 ; 102.932;
13 ; 25 ; 8 ; 0.00931393 ; -0.0261155 ; 0.010466 ; 102.174;
14 ; 25 ; 8 ; 0.00314794 ; -0.0114305 ; 0.0117324 ; 102.356;
15 ; 25 ; 8 ; 0.00496972 ; -0.00694584 ; 0.00203517 ; 102.608;
16 ; 25 ; 8 ; -0.0037681 ; -0.0254493 ; 0.0211157 ; 102.283;
17 ; 25 ; 8 ; 0.00482506 ; -0.0187058 ; 0.0188761 ; 102.396;
18 ; 25 ; 8 ; -0.00843808 ; -0.00144117 ; 0.0226318 ; 101.896;
19 ; 25 ; 8 ; 0.0137791 ; -0.0280075 ; 0.0143744 ; 102.508;
20 ; 25 ; 8 ; 0.0173305 ; -0.013252 ; 0.0183606 ; 102.648;
21 ; 25 ; 8 ; 0.000404917 ; -0.016295 ; 0.0238491 ; 102.309;
22 ; 25 ; 8 ; -0.000161818 ; -0.020616 ; 0.0107833 ; 102.4;
23 ; 25 ; 8 ; -0.00706384 ; -0.00866032 ; 0.0104735 ; 102.826;
24 ; 25 ; 8 ; -0.00379007 ; -0.00620965 ; 0.0175719 ; 102.323;
25 ; 25 ; 8 ; -0.0131935 ; -0.00839391 ; 0.0204131 ; 102.697;
26 ; 25 ; 8 ; -0.00048711 ; -0.0117768 ; 0.0154654 ; 102.866;
27 ; 25 ; 8 ; -0.0124432 ; -0.00673472 ; 0.0126508 ; 103.105;
28 ; 25 ; 8 ; -0.0208179 ; -0.0106389 ; 0.0115677 ; 102.56;
29 ; 25 ; 8 ; -0.0144785 ; 0.0104903 ; 0.031297 ; 102.481;
30 ; 25 ; 8 ; -0.00791256 ; -0.008873 ; 0.00908476 ; 102.877;
31 ; 25 ; 8 ; -0.0115654 ; -0.000969481 ; 0.00557691 ; 102.503;
32 ; 25 ; 8 ; -0.000892904 ; -0.00453434 ; 0.0171352 ; 102.814;
33 ; 25 ; 8 ; -0.00382214 ; -0.0182656 ; 0.0153331 ; 102.469;
4 ; 26 ; 8 ; -0.0145133 ; 0.00282663 ; -5.0449e-05 ; 102.525;
5 ; 26 ; 8 ; 0.00556071 ; -0.00822683 ; 0.0125743 ; 102.683;
6 ; 26 ; 8 ; 0.00576029 ; -0.0179429 ; 0.0258138 ; 103.012;
7 ; 26 ; 8 ; 0.0136609 ; -0.0222128 ; 0.0221174 ; 102.471;
8 ; 26 ; 8 ; 0.0154182 ; 0.00640404 ; 0.0178176 ; 102.975;
9 ; 26 ; 8 ; 0.0193946 ; -0.0255954 ; 0.0220497 ; 102.979;
10 ; 26 ; 8 ; 0.015075 ; -0.0165521 ; 0.0253598 ; 103.251;
11 ; 26 ; 8 ; 0.0227989 ; -0.00454302 ; 0.00771486 ; 102.632;
12 ; 26 ; 8 ; 0.00253081 ; -0.019008 ; 0.0112733 ; 103.05;
13 ; 26 ; 8 ; 0.00282872 ; -0.0138386 ; 0.0231581 ; 102.759;
14 ; 26 ; 8 ; 0.00225252 ; -0.0122924 ; 0.0285939 ; 102.641;
15 ; 26 ; 8 ; -0.00338139 ; -0.0290857 ; 0.00924923 ; 102.571;
16 ; 26 ; 8 ; 0.00455498 ; -0.0194098 ; 0.0132611 ; 102.619;
17 ; 26 ; 8 ; -0.000255169 ; -0.0125142 ; 0.0196889 ; 102.182;
18 ; 26 ; 8 ; -0.00270756 ; -0.0262941 ; 0.0148176 ; 102.31;
19 ; 26 ; 8 ; 0.00132979 ; -0.0228064 ; 0.0214976 ; 102.225;
20 ; 26 ; 8 ; -0.0136641 ; -0.017344 ; 0.0389711 ; 102.527;
21 ; 26 ; 8 ; -0.0168042 ; -0.0135933 ; 0.0335134 ; 102.577;
22 ; 26 ; 8 ; -0.00886288 ; -0.00835193 ; 0.0225002 ; 102.57;
23 ; 26 ; 8 ; -0.00475435 ; -0.0242883 ; 0.0234675 ; 102.247;
24 ; 26 ; 8 ; -0.00734005 ; -0.00415472 ; 0.00860177 ; 102.22;
25 ; 26 ; 8 ; -0.0165063 ; -0.0180868 ; 0.0301737 ; 103.201;
26 ; 26 ; 8 ; -0.00444599 ; -0.00357952 ; 0.0252349 ; 103.204;
27 ; 26 ; 8 ; -0.0139022 ; -0.0083374 ; 0.0177805 ; 102.83;
28 ; 26 ; 8 ; -0.0211174 ; -0.0205991 ; 0.010881 ; 103.065;
29 ; 26 ; 8 ; -0.0172771 ; -0.0161116 ; -0.0014336 ; 102.815;
30 ; 26 ; 8 ; -0.00849649 ; -0.0108048 ; 0.0114619 ; 102.967;
31 ; 26 ; 8 ; -0.016211 ; -0.013723 ; 0.0110315 ; 102.492;
32 ; 26 ; 8 ; 0.00393806 ; -0.00333032 ; 0.0165835 ; 102.788;
33 ; 26 ; 8 ; -0.00769701 ; -0.00624926 ; 0.0205947 ; 103.077;
4 ; 27 ; 8 ; -0.000617057 ; -0.00833086 ; 0.00292974 ; 103.27;
5 ; 27 ; 8 ; 0.00475631 ; -0.013199 ; 0.0291325 ; 102.646;
6 ; 27 ; 8 ; 0.0198882 ; -0.0128421 ; 0.0110647 ; 102.829;
7 ; 27 ; 8 ; -0.00280882 ; -0.0185863 ; 0.023318 ; 102.795;
8 ; 27 ; 8 ; 0.00553247 ; -0.00791191 ; 0.0158539 ; 102.519;
9 ; 27 ; 8 ; 0.0163015 ; -0.00594485 ; 0.0149449 ; 102.593;
10 ; 27 ; 8 ; 0.0183448 ; -0.0309254 ; 0.00908164 ; 102.766;
11 ; 27 ; 8 ; 0.0268314 ; 0.00113471 ; 0.0208045 ; 102.44;
12 ; 27 ; 8 ; 0.0238469 ; -0.0151152 ; 0.0238216 ; 102.701;
13 ; 27 ; 8 ; 0.00395175 ; -0.0185927 ; 0.0131247 ; 102.237;
14 ; 27 ; 8 ; 0.000955375 ; -0.0216527 ; 0.0101806 ; 102.556;
15 ; 27 ; 8 ; 0.0126367 ; -0.0151152 ; 0.0108691 ; 102.356;
16 ; 27 ; 8 ; -0.00231663 ; -0.0174629 ; 0.0174407 ; 102.345;
17 ; 27 ; 8 ; -0.0106977 ; -0.0225491 ; 0.0242575 ; 102.544;
18 ; 27 ; 8 ; -0.00313764 ; -0.0163133 ; 0.015955 ; 101.952;
19 ; 27 ; 8 ; -0.000558729 ; -0.0252179 ; 0.019608 ; 102.164;
20 ; 27 ; 8 ; 0.0173102 ; -0.0138179 ; 0.0163627 ; 102.278;
21 ; 27 ; 8 ; 0.00106427 ; -0.0307678 ; 0.0159266 ; 102.443;
22 ; 27 ; 8 ; -0.00919314 ; -0.0164895 ; 0.0147178 ; 102.304;
23 ; 27 ; 8 ; -0.0118046 ; -0.0194811 ; 0.0204506 ; 102.716;
24 ; 27 ; 8 ; -0.00591925 ; -0.0136582 ; 0.0264761 ; 102.352;
25 ; 27 ; 8 ; -0.00957002 ; -0.0148238 ; 0.0211683 ; 102.71;
26 ; 27 ; 8 ; -0.00941643 ; -0.0181053 ; 0.0238967 ; 102.468;
27 ; 27 ; 8 ; -0.00770005 ; -0.00014137 ; 0.0170955 ; 102.867;
28 ; 27 ; 8 ; -0.00352358 ; -0.0109177 ; 0.00933731 ; 102.807;
29 ; 27 ; 8 ; -0.011917 ; -0.0161302 ; 0.00715677 ; 102.533;
30 ; 27 ; 8 ; -0.0199877 ; -0.0260543 ; 0.0023458 ; 102.771;
31 ; 27 ; 8 ; -0.0147311 ; -0.0171892 ; 0.0184228 ; 102.774;
32 ; 27 ; 8 ; -0.00496418 ; -0.0150252 ; 0.0229321 ; 102.548;
33 ; 27 ; 8 ; 0.00730417 ; -0.0122134 ; 0.0152761 ; 102.618;
4 ; 28 ; 8 ; 0.00397702 ; -0.0200874 ; 0.0203869 ; 103.182;
5 ; 28 ; 8 ; 0.00255865 ; -0.017286 ; 0.0258551 ; 103.031;
6 ; 28 ; 8 ; 0.009349 ; -0.0129505 ; 0.00692574 ; 103.004;
7 ; 28 ; 8 ; 0.018129 ; -0.01174 ; 0.00992034 ; 102.798;
8 ; 28 ; 8 ; 0.0204344 ; -0.00590223 ; 0.0168822 ; 103.512;
9 ; 28 ; 8 ; 0.00802454 ; -1.5866e-05 ; 0.0149366 ; 102.904;
10 ; 28 ; 8 ; 0.0170123 ; -0.0148408 ; 0.00536042 ; 102.818;
11 ; 28 ; 8 ; 0.012099 ; -0.0214201 ; 0.0161299 ; 103.016;
12 ; 28 ; 8 ; 0.00531836 ; -0.02012 ; 0.0194223 ; 102.556;
13 ; 28 ; 8 ; 0.00845095 ; -0.0311055 ; 0.020421 ; 103.195;
14 ; 28 ; 8 ; 0.000725437 ; -0.0176275 ; 0.0113372 ; 102.273;
15 ; 28 ; 8 ; 0.00310407 ; -0.00666011 ; 0.0289882 ; 102.337;
16 ; 28 ; 8 ; 0.0215602 ; 0.00106918 ; 0.0165102 ; 102.323;
17 ; 28 ; 8 ; -0.0105292 ; -0.0329084 ; 0.0350762 ; 102.693;
18 ; 28 ; 8 ; 0.00553637 ; -0.0213676 ; 0.0166859 ; 102.447;
19 ; 28 ; 8 ; -0.00186847 ; -0.0238328 ; 0.0171144 ; 102.148;
20 ; 28 ; 8 ; -0.000438342 ; -0.0228652 ; 0.0170159 ; 102.763;
21 ; 28 ; 8 ; 0.000280482 ; -0.0268088 ; 0.00919243 ; 102.817;
22 ; 28 ; 8 ; 0.00129616 ; -0.0159472 ; 0.0172677 ; 102.63;
23 ; 28 ; 8 ; -0.0037432 ; -0.0197116 ; 0.0185373 ; 103.192;
24 ; 28 ; 8 ; 0.000767553 ; -0.0215727 ; 0.0222106 ; 102.771;
25 ; 28 ; 8 ; -0.0125478 ; -0.0205065 ; 0.0127086 ; 102.332;
26 ; 28 ; 8 ; 0.00609417 ; -0.019123 ; 0.0196015 ; 103.052;
27 ; 28 ; 8 ; -0.0183001 ; -0.0122443 ; 0.0066477 ; 102.386;
28 ; 28 ; 8 ; -0.0169487 ; -0.00101405 ; 0.0219298 ; 102.553;
29 ; 28 ; 8 ; -0.0200125 ; -0.0147326 ; 0.00552654 ; 103.434;
30 ; 28 ; 8 ; -0.00943398 ; -0.0154673 ; 0.0193264 ; 102.839;
31 ; 28 ; 8 ; 0.000460731 ; -0.0203587 ; 0.00610882 ; 102.529;
32 ; 28 ; 8 ; -0.0034235 ; -0.0182801 ; 0.0173578 ; 102.774;
33 ; 28 ; 8 ; -0.00276134 ; -0.014844 ; 0.0161014 ; 102.936;
4 ; 29 ; 8 ; 0.0048953 ; -0.0232565 ; 0.0183442 ; 102.805;
5 ; 29 ; 8 ; 0.010247 ; -0.0213812 ; 0.0149661 ; 103.012;
6 ; 29 ; 8 ; 0.00410922 ; -0.00231155 ; 0.00917393 ; 103.552;
7 ; 29 ; 8 ; 0.0139575 ; -0.00874763 ; 0.0141415 ; 102.937;
8 ; 29 ; 8 ; 0.014242 ; -0.00857492 ; 0.0211763 ; 102.828;
9 ; 29 ; 8 ; 0.013933 ; -0.00943774 ; 0.0100418 ; 103.47;
10 ; 29 ; 8 ; 0.0145041 ; -0.0160062 ; 0.0135967 ; 103.353;
11 ; 29 ; 8 ; 0.0126566 ; -0.0181145 ; 0.00122751 ; 103.281;
12 ; 29 ; 8 ; -0.00781369 ; -0.018676 ; 0.016036 ; 102.895;
13 ; 29 ; 8 ; 0.00629202 ; -0.0237862 ; 0.0123334 ; 102.363;
14 ; 29 ; 8 ; -0.00437786 ; -0.0192942 ; 0.0184156 ; 102.599;
15 ; 29 ; 8 ; -0.000381002 ; -0.00829316 ; 0.0205101 ; 102.418;
16 ; 29 ; 8 ; 0.00790437 ; -0.0303545 ; 0.0289938 ; 101.978;
17 ; 29 ; 8 ; 0.0144583 ; -0.0258343 ; 0.02009 ; 102.084;
18 ; 29 ; 8 ; 0.0103427 ; -0.0168112 ; 0.0133393 ; 102.067;
19 ; 29 ; 8 ; 0.00808115 ; -0.0222077 ; 0.0199939 ; 102.621;
20 ; 29 ; 8 ; 0.0166813 ; -0.0117249 ; 0.0144563 ; 102.967;
21 ; 29 ; 8 ; 0.00592695 ; -0.0222525 ; 0.00668007 ; 102.595;
22 ; 29 ; 8 ; 0.00158655 ; -0.0192286 ; 0.0251322 ; 102.833;
23 ; 29 ; 8 ; -0.00326944 ; -0.0182411 ; 0.0200793 ; 102.838;
24 ; 29 ; 8 ; -0.00392296 ; -0.00423719 ; 0.0205735 ; 102.314;
25 ; 29 ; 8 ; -0.000419834 ; -0.0203055 ; 0.0289857 ; 102.937;
26 ; 29 ; 8 ; -0.00195994 ; -0.0117802 ; 0.0173739 ; 102.752;
27 ; 29 ; 8 ; -0.00919481 ; 0.0128456 ; 0.0159006 ; 102.921;
28 ; 29 ; 8 ; -0.025259 ; -0.000712796 ; 0.00992116 ; 102.502;
29 ; 29 ; 8 ; -0.00814557 ; -0.018874 ; 0.0206805 ; 103.2;
30 ; 29 ; 8 ; -0.0135881 ; -0.00735653 ; 0.0135718 ; 103.357;
31 ; 29 ; 8 ; -0.0121218 ; -0.0101167 ; 0.0121891 ; 102.984;
32 ; 29 ; 8 ; 0.00284219 ; -0.0191575 ; 0.0244077 ; 102.801;
33 ; 29 ; 8 ; -0.000313801 ; -0.00709305 ; 0.0179866 ; 102.749;
4 ; 30 ; 8 ; 0.0137216 ; -0.00804008 ; 0.0252864 ; 103.247;
5 ; 30 ; 8 ; 0.0187344 ; -0.0260032 ; 0.0203342 ; 102.485;
6 ; 30 ; 8 ; 0.00915824 ; -0.0113032 ; 0.01723 ; 102.779;
7 ; 30 ; 8 ; 0.0240668 ; -0.0180612 ; 0.0129841 ; 103.224;
8 ; 30 ; 8 ; 0.0233226 ; -0.0113378 ; -0.00132174 ; 103.194;
9 ; 30 ; 8 ; 0.0080811 ; -0.0218451 ; 0.0220028 ; 103.182;
10 ; 30 ; 8 ; 0.00915872 ; 0.00756515 ; 0.0138528 ; 103.067;
11 ; 30 ; 8 ; 0.000528636 ; -0.0260773 ; 0.00753551 ; 102.995;
12 ; 30 ; 8 ; 0.0135595 ; -0.0152879 ; 0.016587 ; 103.124;
13 ; 30 ; 8 ; 0.00634653 ; -0.0213532 ; 0.0223558 ; 102.565;
14 ; 30 ; 8 ; -0.00266359 ; -0.0211675 ; 0.02642 ; 102.629;
15 ; 30 ; 8 ; -9.04439e-05 ; -0.0158947 ; 0.0180652 ; 102.468;
16 ; 30 ; 8 ; -0.0133441 ; -0.0141816 ; 0.0182023 ; 102.524;
17 ; 30 ; 8 ; 0.00100949 ; -0.00799333 ; 0.0159317 ; 102.763;
18 ; 30 ; 8 ; -0.00619121 ; -0.00772426 ; 0.0202366 ; 102.372;
19 ; 30 ; 8 ; 0.013942 ; -0.030822 ; 0.0176547 ; 102.48;
20 ; 30 ; 8 ; 0.00861026 ; -0.00499792 ; 0.0319724 ; 102.854;
21 ; 30 ; 8 ; 0.00800426 ; -0.0118717 ; 0.0305337 ; 102.963;
22 ; 30 ; 8 ; 0.00981637 ; -0.0165342 ; 0.0276423 ; 102.538;
23 ; 30 ; 8 ; -0.0138256 ; -0.00224926 ; 0.00855336 ; 102.694;
24 ; 30 ; 8 ; 0.000590902 ; -0.0146941 ; 0.0210038 ; 102.899;
25 ; 30 ; 8 ; -0.00961651 ; -0.0167632 ; 0.0226864 ; 103.089;
26 ; 30 ; 8 ; 0.000363108 ; -0.0138204 ; 0.0141797 ; 103.014;
27 ; 30 ; 8 ; 0.0111165 ; -0.00379142 ; 0.0155723 ; 102.708;
28 ; 30 ; 8 ; -0.0143348 ; 0.00138447 ; 0.0162308 ; 103.14;
29 ; 30 ; 8 ; -0.0285461 ; -0.0296051 ; 0.00946068 ; 103.223;
30 ; 30 ; 8 ; -0.00780865 ; -0.014448 ; 0.0114667 ; 102.504;
31 ; 30 ; 8 ; -0.00343399 ; -0.013663 ; 0.0141367 ; 103.048;
32 ; 30 ; 8 ; -0.0111359 ; -0.0156766 ; 0.0181638 ; 103.077;
33 ; 30 ; 8 ; -0.000644509 ; 0.00802992 ; 0.00727059 ; 103.288;
4 ; 31 ; 8 ; -0.0129332 ; -0.012756 ; 0.00926787 ; 102.89;
5 ; 31 ; 8 ; 0.00748747 ; -0.0195548 ; 0.0109128 ; 103.298;
6 ; 31 ; 8 ; 0.0149195 ; -0.0161072 ; 0.0121674 ; 103.013;
7 ; 31 ; 8 ; 0.0147169 ; -0.0269258 ; 0.0186214 ; 102.507;
8 ; 31 ; 8 ; 0.0285164 ; -0.00450206 ; 0.00911607 ; 102.928;
9 ; 31 ; 8 ; 0.0192968 ; -0.00356326 ; 0.0193075 ; 102.972;
10 ; 31 ; 8 ; 0.0058242 ; -0.0101407 ; 0.0100455 ; 102.853;
11 ; 31 ; 8 ; 0.00299323 ; -0.0260533 ; 0.0278375 ; 102.924;
12 ; 31 ; 8 ; 0.00539086 ; -0.0110732 ; 0.00901719 ; 102.742;
13 ; 31 ; 8 ; 0.0072318 ; -0.0120957 ; 0.0268021 ; 102.696;
14 ; 31 ; 8 ; 0.00176756 ; -0.00116145 ; 0.0342757 ; 102.746;
15 ; 31 ; 8 ; -0.00333592 ; -0.0080351 ; 0.00974262 ; 102.839;
16 ; 31 ; 8 ; 0.0117806 ; -0.0126285 ; 0.0262941 ; 102.768;
17 ; 31 ; 8 ; 0.00056758 ; -0.0174258 ; 0.0208565 ; 102.726;
18 ; 31 ; 8 ; 0.0119104 ; -0.00791789 ; 0.0170111 ; 102.508;
19 ; 31 ; 8 ; -0.00466543 ; -0.016573 ; 0.0130041 ; 102.187;
20 ; 31 ; 8 ; -0.0121977 ; -0.0180744 ; 0.0178693 ; 103.004;
21 ; 31 ; 8 ; -0.00177941 ; -0.000583303 ; 0.0236802 ; 102.197;
22 ; 31 ; 8 ; -0.000385244 ; -0.00614137 ; 0.015112 ; 102.68;
23 ; 31 ; 8 ; -0.00274372 ; -0.0300805 ; 0.0139653 ; 102.526;
24 ; 31 ; 8 ; -0.00904977 ; -0.00983574 ; 0.012492 ; 102.938;
25 ; 31 ; 8 ; -0.00316026 ; -0.014422 ; 0.0171269 ; 102.627;
26 ; 31 ; 8 ; -0.00212256 ; -0.00616519 ; 0.0278319 ; 103.233;
27 ; 31 ; 8 ; 0.00213259 ; 0.00124218 ; 0.0141652 ; 103.339;
28 ; 31 ; 8 ; -0.00959834 ; -0.00763638 ; 0.0272568 ; 102.892;
29 ; 31 ; 8 ; -0.0150156 ; -0.00927732 ; 0.0164592 ; 103.058;
30 ; 31 ; 8 ; 0.00346261 ; -0.0115867 ; 0.00263907 ; 102.91;
31 ; 31 ; 8 ; -0.00945675 ; -0.000784149 ; 0.00408208 ; 102.894;
32 ; 31 ; 8 ; -0.0264426 ; -0.0156024 ; 0.0231648 ; 102.857;
33 ; 31 ; 8 ; 0.00101818 ; -0.0118967 ; 0.00789183 ; 102.712;
4 ; 32 ; 8 ; -0.00140309 ; -0.00712915 ; 0.0199082 ; 102.804;
5 ; 32 ; 8 ; 0.00035142 ; -0.00796931 ; 0.018353 ; 102.975;
6 ; 32 ; 8 ; 0.0139163 ; -0.00760664 ; 0.0152253 ; 102.761;
7 ; 32 ; 8 ; 0.0150864 ; -0.00723059 ; 0.00530774 ; 102.691;
8 ; 32 ; 8 ; 0.0145057 ; 0.00852695 ; 0.000388931 ; 103.018;
9 ; 32 ; 8 ; 0.00503563 ; 0.00233206 ; 0.0230924 ; 102.469;
10 ; 32 ; 8 ; 0.0053454 ; -0.0117493 ; 0.00319076 ; 103.499;
11 ; 32 ; 8 ; 0.00839677 ; -0.0171851 ; 0.0246871 ; 102.906;
12 ; 32 ; 8 ; 0.0138214 ; -0.0149835 ; 0.0192712 ; 102.671;
13 ; 32 ; 8 ; 0.0103916 ; -0.0257956 ; 0.0259188 ; 102.885;
14 ; 32 ; 8 ; 0.00163731 ; -0.0044432 ; 0.0212698 ; 102.702;
15 ; 32 ; 8 ; 0.0018447 ; -0.0104026 ; 0.00574029 ; 103.097;
16 ; 32 ; 8 ; 0.00720483 ; 0.00149033 ; 0.0162752 ; 102.818;
17 ; 32 ; 8 ; 0.00643842 ; -0.0042219 ; 0.0146154 ; 102.562;
18 ; 32 ; 8 ; 0.00545832 ; -0.00886771 ; 0.0229124 ; 102.564;
19 ; 32 ; 8 ; 0.000323754 ; -0.0142439 ; 0.0163341 ; 101.914;
20 ; 32 ; 8 ; 0.00158215 ; -0.0101744 ; 0.0170042 ; 102.484;
21 ; 32 ; 8 ; -0.000885414 ; -0.0110732 ; 0.0279989 ; 102.612;
22 ; 32 ; 8 ; -0.00622812 ; -0.00398564 ; 0.0132096 ; 102.326;
23 ; 32 ; 8 ; 0.00732636 ; -0.000436304 ; 0.0178826 ; 102.975;
24 ; 32 ; 8 ; -0.00355253 ; -0.016623 ; 0.00848732 ; 102.73;
25 ; 32 ; 8 ; 4.65322e-05 ; -0.00497118 ; 0.0114405 ; 102.534;
26 ; 32 ; 8 ; -0.0119339 ; -0.00696038 ; 0.0352243 ; 102.476;
27 ; 32 ; 8 ; -0.0160834 ; -0.00034371 ; 0.0216802 ; 102.891;
28 ; 32 ; 8 ; -0.0367517 ; -0.0138145 ; 0.0179998 ; 103.002;
29 ; 32 ; 8 ; -0.00732531 ; 0.00176152 ; 0.013326 ; 102.655;
30 ; 32 ; 8 ; -0.0129497 ; -0.0170951 ; 0.0102881 ; 102.769;
31 ; 32 ; 8 ; -0.0110299 ; 0.00281888 ; 0.0144775 ; 102.516;
32 ; 32 ; 8 ; -0.00724362 ; -0.00194237 ; 0.0100539 ; 103.021;
33 ; 32 ; 8 ; 0.00691544 ; -0.0151694 ; 0.0238217 ; 103.028;
4 ; 33 ; 8 ; 0.0118605 ; -0.0145442 ; 0.0139563 ; 102.823;
5 ; 33 ; 8 ; 0.00454468 ; 0.000646846 ; 0.0233395 ; 103.147;
6 ; 33 ; 8 ; 0.00781158 ; -0.0022796 ; 0.00514574 ; 102.995;
7 ; 33 ; 8 ; 0.0135313 ; 0.00329815 ; 0.0244549 ; 102.951;
8 ; 33 ; 8 ; 0.00840023 ; 0.00803511 ; 0.0181768 ; 103.113;
9 ; 33 ; 8 ; 0.0104951 ; -0.011691 ; 0.00897377 ; 103.298;
10 ; 33 ; 8 ; 0.011322 ; 0.00218551 ; 0.0183381 ; 103.051;
11 ; 33 ; 8 ; 0.00603712 ; 0.0129474 ; 0.0130404 ; 102.592;
12 ; 33 ; 8 ; 0.0150157 ; -0.00849533 ; 0.0145704 ; 102.34;
13 ; 33 ; 8 ; -0.000506595 ; 0.00399487 ; 0.00682206 ; 102.447;
14 ; 33 ; 8 ; 0.0128289 ; -0.000925975 ; 0.00930477 ; 102.274;
15 ; 33 ; 8 ; -0.00164496 ; 0.0075497 ; -0.00165802 ; 102.37;
16 ; 33 ; 8 ; 0.00429388 ; 0.00244352 ; 0.0174133 ; 102.423;
17 ; 33 ; 8 ; 0.000744572 ; 0.0108373 ; -0.00265654 ; 102.414;
18 ; 33 ; 8 ; -0.000235812 ; -0.00501612 ; 0.0136509 ; 102.49;
19 ; 33 ; 8 ; 0.0066149 ; 0.00238492 ; 0.0237156 ; 102.815;
20 ; 33 ; 8 ; 0.0085212 ; -0.0105383 ; 0.0285432 ; 102.625;
21 ; 33 ; 8 ; 0.0110209 ; -0.00826878 ; 0.00570997 ; 102.189;
22 ; 33 ; 8 ; -0.00703432 ; -0.000305403 ; 0.00764263 ; 103.17;
23 ; 33 ; 8 ; 0.00214256 ; -0.00560226 ; 0.0172974 ; 102.774;
24 ; 33 ; 8 ; -0.0170343 ; -0.0152689 ; 0.00952018 ; 102.59;
25 ; 33 ; 8 ; 0.0016308 ; -0.00868369 ; 0.0129293 ; 102.316;
26 ; 33 ; 8 ; -0.00971528 ; 0.0117876 ; 0.018295 ; 102.921;
27 ; 33 ; 8 ; -0.00971996 ; -0.0053159 ; 0.0133525 ; 103.076;
28 ; 33 ; 8 ; -0.0098078 ; 0.00535692 ; 0.0125227 ; 102.91;
29 ; 33 ; 8 ; -0.00333197 ; 0.000228766 ; 0.0269762 ; 103.148;
30 ; 33 ; 8 ; -0.00984525 ; -0.00327437 ; 0.0122821 ; 102.707;
31 ; 33 ; 8 ; -0.0186563 ; 0.00395784 ; 0.021073 ; 103.221;
32 ; 33 ; 8 ; 0.0021779 ; 0.00646897 ; 0.00397339 ; 102.678;
33 ; 33 ; 8 ; -0.00134016 ; -0.00362648 ; 0.00564536 ; 102.805;
4 ; 4 ; 9 ; -0.00528135 ; 0.00911842 ; 0.00632349 ; 102.888;
5 ; 4 ; 9 ; 0.000507834 ; 0.0122289 ; 0.0284562 ; 103.04;
6 ; 4 ; 9 ; 0.00904284 ; -0.000632711 ; 0.00938641 ; 103.018;
7 ; 4 ; 9 ; 0.00369605 ; 0.00064671 ; 0.0270479 ; 103.2;
8 ; 4 ; 9 ; 0.00657112 ; -0.0103561 ; 0.0155026 ; 103.16;
9 ; 4 ; 9 ; 0.012319 ; 0.0101743 ; 0.011844 ; 102.652;
10 ; 4 ; 9 ; 0.0171587 ; 0.00957643 ; 0.0193122 ; 102.131;
11 ; 4 ; 9 ; 0.0111082 ; -0.0035023 ; 0.010423 ; 102.592;
12 ; 4 ; 9 ; 0.011706 ; -0.0129593 ; 0.0153408 ; 101.938;
13 ; 4 ; 9 ; -0.00164541 ; 0.00583933 ; 0.0180654 ; 102.501;
14 ; 4 ; 9 ; -0.00249469 ; 0.0025053 ; 0.011389 ; 102.49;
15 ; 4 ; 9 ; 0.00124549 ; 0.00564084 ; 0.0203556 ; 102.128;
16 ; 4 ; 9 ; 0.00608537 ; 0.00273217 ; 0.0189379 ; 102.496;
17 ; 4 ; 9 ; -0.00882401 ; 0.00150152 ; 0.00977156 ; 102.378;
18 ; 4 ; 9 ; 0.00787648 ; 0.00451455 ; 0.0122425 ; 102.43;
19 ; 4 ; 9 ; -0.00232892 ; 8.58769e-05 ; 0.0288954 ; 102.541;
20 ; 4 ; 9 ; 0.00110117 ; 0.000847109 ; 0.0157537 ; 102.132;
21 ; 4 ; 9 ; 0.00195527 ; 0.0058616 ; 0.00606657 ; 102.503;
22 ; 4 ; 9 ; -0.00653063 ; 0.0033195 ; 0.0257377 ; 102.55;
23 ; 4 ; 9 ; 0.0107865 ; 0.00929844 ; 0.0245879 ; 102.613;
24 ; 4 ; 9 ; 0.00926183 ; -0.00336461 ; 0.0118827 ; 102.509;
25 ; 4 ; 9 ; -0.00895105 ; -0.00644249 ; 0.0101225 ; 102.886;
26 ; 4 ; 9 ; -0.0103716 ; 0.0135832 ; 0.0163106 ; 102.444;
27 ; 4 ; 9 ; -0.0140796 ; -0.00344945 ; 0.0193871 ; 102.94;
28 ; 4 ; 9 ; -0.0024536 ; -0.00395602 ; -0.00176049 ; 102.165;
29 ; 4 ; 9 ; -0.0108036 ; 0.00530044 ; 0.0172232 ; 102.4;
30 ; 4 ; 9 ; -0.00175046 ; 0.0130811 ; 0.00823229 ; 103.182;
31 ; 4 ; 9 ; -0.0034464 ; -3.47418e-05 ; 0.0136774 ; 102.819;
32 ; 4 ; 9 ; -0.00373264 ; 0.00104433 ; 0.00951723 ; 102.885;
33 ; 4 ; 9 ; -0.00896341 ; 0.0164401 ; 0.00966004 ; 103.081;
4 ; 5 ; 9 ; 0.00464053 ; 0.0162821 ; 0.0172364 ; 102.955;
5 ; 5 ; 9 ; 0.0121467 ; -0.0099196 ; 0.00466235 ; 102.657;
6 ; 5 ; 9 ; 0.00628816 ; 0.00878304 ; 0.00441345 ; 102.378;
7 ; 5 ; 9 ; 0.0107062 ; -0.00696699 ; 0.0107182 ; 102.725;
8 ; 5 ; 9 ; 0.01823 ; 0.00768535 ; 0.00955427 ; 103.074;
9 ; 5 ; 9 ; 0.0116275 ; 0.00100457 ; 0.0110048 ; 102.911;
10 ; 5 ; 9 ; 0.00277682 ; 0.00704677 ; 0.0155663 ; 102.58;
11 ; 5 ; 9 ; 0.00537201 ; 0.00701884 ; 0.0095652 ; 102.953;
12 ; 5 ; 9 ; 0.0177273 ; -0.0017873 ; 0.0221495 ; 102.755;
13 ; 5 ; 9 ; -0.00441733 ; -0.00746661 ; 0.0111804 ; 102.64;
14 ; 5 ; 9 ; -0.00270966 ; 0.00534754 ; 0.0179857 ; 102.555;
15 ; 5 ; 9 ; -0.0047657 ; 0.0198668 ; 0.0332069 ; 102.637;
16 ; 5 ; 9 ; 0.00307932 ; -0.00052363 ; 0.0132838 ; 102.288;
17 ; 5 ; 9 ; 0.00678734 ; 0.00276173 ; 0.0269969 ; 102.678;
18 ; 5 ; 9 ; 0.010579 ; 0.021987 ; 0.00878853 ; 102.062;
19 ; 5 ; 9 ; 0.00119224 ; 0.00298578 ; 0.034945 ; 102.476;
20 ; 5 ; 9 ; 0.00173774 ; -0.0168634 ; 0.0209372 ; 102.237;
21 ; 5 ; 9 ; -0.00186182 ; 0.0120968 ; 0.0179206 ; 102.64;
22 ; 5 ; 9 ; -0.0158837 ; 0.0182637 ; 0.0179801 ; 102.702;
23 ; 5 ; 9 ; -0.00626604 ; 0.0101665 ; 0.0224697 ; 102.765;
24 ; 5 ; 9 ; -0.0150575 ; -0.000170403 ; 0.0147871 ; 102.399;
25 ; 5 ; 9 ; -0.00629476 ; -0.00130216 ; 0.0133737 ; 102.399;
26 ; 5 ; 9 ; -0.0105581 ; 0.00872483 ; 0.00324122 ; 102.646;
27 ; 5 ; 9 ; -0.0187604 ; 0.000790777 ; 0.00740609 ; 103.503;
28 ; 5 ; 9 ; -0.0197724 ; -0.00625351 ; 0.00947345 ; 102.84;
29 ; 5 ; 9 ; -0.0198914 ; -0.00104095 ; 0.0171708 ; 102.547;
30 ; 5 ; 9 ; -0.0213396 ; 0.0120519 ; 0.00973861 ; 103.03;
31 ; 5 ; 9 ; -0.0148162 ; 0.0158095 ; 0.0238298 ; 102.773;
32 ; 5 ; 9 ; -0.00142747 ; 0.0127958 ; 0.01328 ; 102.554;
33 ; 5 ; 9 ; 0.00364628 ; 0.00603946 ; 0.0178529 ; 102.322;
4 ; 6 ; 9 ; 0.00726507 ; 0.00748557 ; 0.00976629 ; 102.887;
5 ; 6 ; 9 ; 0.0068717 ; 0.00272506 ; 0.00515028 ; 102.642;
6 ; 6 ; 9 ; -0.0038425 ; 0.00941854 ; 0.0143012 ; 102.766;
7 ; 6 ; 9 ; -0.00247295 ; 0.00961258 ; 0.00218806 ; 102.771;
8 ; 6 ; 9 ; 0.00875404 ; -0.00231758 ; 0.0127116 ; 103.043;
9 ; 6 ; 9 ; 0.0075103 ; 0.00799478 ; 0.016553 ; 102.703;
10 ; 6 ; 9 ; 0.0174288 ; 0.00544476 ; 0.0209303 ; 102.426;
11 ; 6 ; 9 ; 0.0176987 ; -0.00110775 ; 0.0272985 ; 102.457;
12 ; 6 ; 9 ; 0.0150254 ; 0.00465413 ; 0.0174823 ; 102.94;
13 ; 6 ; 9 ; 0.00658527 ; 0.00289092 ; 0.025845 ; 102.618;
14 ; 6 ; 9 ; -0.00272148 ; 0.0085432 ; 0.0112311 ; 102.346;
15 ; 6 ; 9 ; -0.00215613 ; 0.0186105 ; 0.0198697 ; 102.658;
16 ; 6 ; 9 ; 0.00470941 ; 0.0291331 ; 0.0151593 ; 102.064;
17 ; 6 ; 9 ; 0.00301023 ; 0.0213561 ; 0.0135912 ; 102.498;
18 ; 6 ; 9 ; -0.0112016 ; 0.0240243 ; 0.0102565 ; 102.285;
19 ; 6 ; 9 ; 0.00125116 ; 0.00434409 ; 0.0170909 ; 102.378;
20 ; 6 ; 9 ; 0.00444587 ; 0.025062 ; 0.0145802 ; 102.139;
21 ; 6 ; 9 ; 0.00188197 ; 0.0195781 ; 0.0192345 ; 102.452;
22 ; 6 ; 9 ; 0.0155887 ; 0.0132898 ; 0.0126551 ; 102.505;
23 ; 6 ; 9 ; 0.00724474 ; 0.0281495 ; 0.0135739 ; 102.371;
24 ; 6 ; 9 ; -0.00600612 ; 0.0109093 ; 0.0288255 ; 102.904;
25 ; 6 ; 9 ; -0.00863218 ; 0.0179464 ; 0.00482356 ; 102.789;
26 ; 6 ; 9 ; -0.0270938 ; 0.0126294 ; 0.0176601 ; 102.916;
27 ; 6 ; 9 ; -0.0214511 ; 0.00518462 ; 0.0161581 ; 102.909;
28 ; 6 ; 9 ; -0.00559017 ; 0.0134835 ; 0.015823 ; 102.548;
29 ; 6 ; 9 ; -0.0244716 ; 0.0239929 ; 0.0106927 ; 102.802;
30 ; 6 ; 9 ; -0.0140289 ; 0.0215874 ; 0.0120073 ; 102.538;
31 ; 6 ; 9 ; -0.000457249 ; 0.0179867 ; -0.00138454 ; 102.117;
32 ; 6 ; 9 ; 0.000218776 ; 0.0126573 ; 0.0154871 ; 102.998;
33 ; 6 ; 9 ; 0.00657261 ; 0.0219034 ; 0.02011 ; 102.52;
4 ; 7 ; 9 ; 0.000403498 ; 0.0174732 ; 0.0100234 ; 103.164;
5 ; 7 ; 9 ; 0.0112183 ; -0.00257618 ; 0.0143793 ; 103.213;
6 ; 7 ; 9 ; 0.00790525 ; 0.0128902 ; 0.0132805 ; 103.077;
7 ; 7 ; 9 ; 0.00439507 ; 0.0032482 ; 0.00986284 ; 102.854;
8 ; 7 ; 9 ; 0.0137618 ; 0.0120512 ; 0.0244215 ; 103.366;
9 ; 7 ; 9 ; 0.00980912 ; 0.00588903 ; 0.00599856 ; 102.927;
10 ; 7 ; 9 ; 0.0140132 ; 0.0114789 ; 0.0143006 ; 102.956;
11 ; 7 ; 9 ; 0.0165124 ; 0.00975746 ; -0.000106024 ; 103.087;
12 ; 7 ; 9 ; 0.00250741 ; 0.0115263 ; 0.0217935 ; 102.767;
13 ; 7 ; 9 ; 0.00258859 ; 0.00402317 ; 0.019134 ; 102.731;
14 ; 7 ; 9 ; 0.00805912 ; 0.0280328 ; -0.000626538 ; 102.464;
15 ; 7 ; 9 ; -0.00206026 ; 0.00234645 ; 0.0155861 ; 102.539;
16 ; 7 ; 9 ; -0.00149334 ; 0.0085171 ; 0.00395176 ; 102.246;
17 ; 7 ; 9 ; 0.000686613 ; 0.0198691 ; 0.0132793 ; 102.16;
18 ; 7 ; 9 ; 0.00854947 ; 0.0203331 ; 0.0173856 ; 102.557;
19 ; 7 ; 9 ; -0.00935856 ; 0.0154308 ; 0.0283307 ; 102.681;
20 ; 7 ; 9 ; 0.0084747 ; 0.0190764 ; 0.00817946 ; 102.671;
21 ; 7 ; 9 ; -0.00204952 ; 0.0159949 ; 0.0109559 ; 102.57;
22 ; 7 ; 9 ; 0.00274775 ; 0.00824704 ; 0.00777481 ; 102.91;
23 ; 7 ; 9 ; -0.000692715 ; 0.0140768 ; 0.0117534 ; 102.722;
24 ; 7 ; 9 ; -0.0109927 ; 0.0039043 ; 0.0246602 ; 102.49;
25 ; 7 ; 9 ; -0.00926282 ; 0.0188649 ; 0.0221236 ; 102.917;
26 ; 7 ; 9 ; -0.00514045 ; 0.0281221 ; 0.0253053 ; 103.09;
27 ; 7 ; 9 ; -0.00540591 ; 0.0165153 ; 0.00880613 ; 102.972;
28 ; 7 ; 9 ; -0.022637 ; 0.0184312 ; 0.0239167 ; 103.256;
29 ; 7 ; 9 ; -0.00526223 ; 0.0175851 ; 0.0143752 ; 102.811;
30 ; 7 ; 9 ; -0.0115238 ; 0.00783157 ; 0.0116831 ; 102.915;
31 ; 7 ; 9 ; -0.0170138 ; 0.0119271 ; 0.0226033 ; 102.914;
32 ; 7 ; 9 ; 0.00282062 ; 0.0254599 ; 0.014348 ; 103.029;
33 ; 7 ; 9 ; -0.00260882 ; 0.0118781 ; 0.0183468 ; 103.034;
4 ; 8 ; 9 ; 0.00828861 ; 0.014992 ; 0.00648671 ; 102.86;
5 ; 8 ; 9 ; 0.0113664 ; 0.00731604 ; 0.00580528 ; 103.398;
6 ; 8 ; 9 ; 0.00219143 ; -0.00391324 ; 0.0132563 ; 102.78;
7 ; 8 ; 9 ; 0.00948132 ; 0.00793853 ; 0.0106322 ; 103.047;
8 ; 8 ; 9 ; 0.0173193 ; 0.00839215 ; 0.021072 ; 102.648;
9 ; 8 ; 9 ; 0.00969062 ; 0.0151523 ; 0.0104126 ; 102.516;
10 ; 8 ; 9 ; 0.0196506 ; -0.00375785 ; 0.0175431 ; 102.495;
11 ; 8 ; 9 ; 0.0180157 ; 0.0149151 ; 0.0231627 ; 102.919;
12 ; 8 ; 9 ; 0.0137504 ; 0.0154992 ; 0.0163847 ; 102.584;
13 ; 8 ; 9 ; -0.00145889 ; 0.0291402 ; 0.015519 ; 102.672;
14 ; 8 ; 9 ; 0.00531016 ; 0.0239592 ; 0.0156894 ; 102.207;
15 ; 8 ; 9 ; 0.00914736 ; 0.0188596 ; 0.0230203 ; 102.668;
16 ; 8 ; 9 ; -0.01696 ; 0.00959257 ; 0.00481548 ; 102.538;
17 ; 8 ; 9 ; -0.00691918 ; 0.0276571 ; 0.0309159 ; 102.707;
18 ; 8 ; 9 ; -0.011692 ; 0.0122131 ; 0.00990405 ; 102.574;
19 ; 8 ; 9 ; -0.00197656 ; 0.0231021 ; 0.0157654 ; 101.91;
20 ; 8 ; 9 ; 0.0108444 ; 0.016729 ; 0.0137909 ; 102.459;
21 ; 8 ; 9 ; 0.000864168 ; 0.0275582 ; 0.0244011 ; 101.996;
22 ; 8 ; 9 ; 0.00697986 ; 0.0256109 ; 0.00874494 ; 102.583;
23 ; 8 ; 9 ; -0.000744692 ; 0.02654 ; 0.0126046 ; 102.425;
24 ; 8 ; 9 ; 0.00298039 ; 0.0134553 ; 0.0203032 ; 102.714;
25 ; 8 ; 9 ; -0.0043387 ; -0.00215543 ; 0.0239839 ; 102.778;
26 ; 8 ; 9 ; -0.0166619 ; 0.0200065 ; 0.0220254 ; 102.926;
27 ; 8 ; 9 ; -0.0108689 ; 0.0123389 ; 0.0234795 ; 103.262;
28 ; 8 ; 9 ; -0.0202711 ; 0.0138889 ; 0.00760941 ; 103.168;
29 ; 8 ; 9 ; -0.0133914 ; 0.012612 ; 0.0138448 ; 102.891;
30 ; 8 ; 9 ; -0.00810199 ; 0.0149821 ; 0.00771542 ; 102.931;
31 ; 8 ; 9 ; -0.00655884 ; -0.000139377 ; 0.0159322 ; 103.047;
32 ; 8 ; 9 ; 0.0144506 ; 0.0333785 ; 0.0249205 ; 102.485;
33 ; 8 ; 9 ; 0.00250656 ; 0.00584961 ; 0.0190847 ; 102.677;
4 ; 9 ; 9 ; 0.0120147 ; 0.00660624 ; 0.00191266 ; 103.029;
5 ; 9 ; 9 ; 0.00895143 ; 0.0124109 ; 0.0215397 ; 102.48;
6 ; 9 ; 9 ; 0.0123497 ; -0.00381371 ; -0.00665427 ; 102.304;
7 ; 9 ; 9 ; 0.0107011 ; 0.0171728 ; 0.0151023 ; 103.116;
8 ; 9 ; 9 ; 0.00705787 ; 0.0239713 ; 0.0154879 ; 103.037;
9 ; 9 ; 9 ; 0.0211624 ; 0.0177063 ; 0.010609 ; 102.583;
10 ; 9 ; 9 ; 0.00287707 ; 0.00748281 ; 0.0212957 ; 102.821;
11 ; 9 ; 9 ; 0.0173938 ; 0.011845 ; 0.016093 ; 102.96;
12 ; 9 ; 9 ; 0.00210368 ; 0.012916 ; 0.0145056 ; 102.619;
13 ; 9 ; 9 ; 0.0113205 ; 0.0243361 ; 0.0104692 ; 102.517;
14 ; 9 ; 9 ; -0.0105691 ; 0.0189783 ; 0.0140743 ; 102.779;
15 ; 9 ; 9 ; -0.000773085 ; 0.0158418 ; 0.0218894 ; 102.624;
16 ; 9 ; 9 ; 0.0136833 ; 0.0143496 ; 0.0138771 ; 102.629;
17 ; 9 ; 9 ; 0.0025168 ; 0.0227811 ; 0.0285266 ; 102.493;
18 ; 9 ; 9 ; 0.000699212 ; 0.0118132 ; 0.0180193 ; 102.379;
19 ; 9 ; 9 ; 0.00683584 ; 0.0243323 ; 0.0250272 ; 102.394;
20 ; 9 ; 9 ; 0.00497509 ; 0.0252206 ; 0.0130122 ; 102.413;
21 ; 9 ; 9 ; 0.000414495 ; 0.0185157 ; 0.00399536 ; 102.715;
22 ; 9 ; 9 ; -0.00840615 ; 0.013057 ; 0.018085 ; 102.558;
23 ; 9 ; 9 ; -0.00287171 ; 0.0182437 ; 0.0185908 ; 102.304;
24 ; 9 ; 9 ; 0.00432152 ; 0.00925008 ; 0.0151093 ; 102.446;
25 ; 9 ; 9 ; 0.00125423 ; 0.0195411 ; 0.0161445 ; 102.724;
26 ; 9 ; 9 ; -0.0174439 ; 0.0189875 ; 0.0185138 ; 102.956;
27 ; 9 ; 9 ; -0.0191764 ; 0.0254133 ; 0.0176575 ; 102.616;
28 ; 9 ; 9 ; -0.00318097 ; 0.0144774 ; 0.0165748 ; 102.798;
29 ; 9 ; 9 ; 0.00229684 ; 0.0140689 ; 0.0229008 ; 102.852;
30 ; 9 ; 9 ; -0.00703513 ; 0.0118128 ; 0.00875903 ; 103.005;
31 ; 9 ; 9 ; 0.00450864 ; 0.00815523 ; 0.0140684 ; 102.371;
32 ; 9 ; 9 ; -0.00621787 ; 0.0161002 ; 0.0144492 ; 103.048;
33 ; 9 ; 9 ; -0.00432852 ; 0.00764211 ; 0.0149122 ; 102.749;
4 ; 10 ; 9 ; -0.00405592 ; 0.010528 ; 0.0139592 ; 102.77;
5 ; 10 ; 9 ; 0.00439821 ; 0.0185816 ; 0.0179563 ; 102.91;
6 ; 10 ; 9 ; 0.0105511 ; 0.0111702 ; 0.0180087 ; 102.916;
7 ; 10 ; 9 ; 0.00127351 ; 0.0097619 ; 0.0111974 ; 102.808;
8 ; 10 ; 9 ; 0.00084702 ; 0.0176137 ; 0.00935812 ; 102.86;
9 ; 10 ; 9 ; 0.0130957 ; 0.000401542 ; 0.0119266 ; 102.686;
10 ; 10 ; 9 ; 0.00473696 ; 0.0100135 ; 0.0220953 ; 102.769;
11 ; 10 ; 9 ; 0.00470587 ; 0.0219851 ; 0.0276096 ; 102.929;
12 ; 10 ; 9 ; 0.0173705 ; 0.0269372 ; 0.0135237 ; 102.521;
13 ; 10 ; 9 ; 0.00558185 ; 0.0173483 ; 0.00946311 ; 102.382;
14 ; 10 ; 9 ; 0.00667377 ; 0.00603288 ; 0.0196396 ; 102.302;
15 ; 10 ; 9 ; -0.00950822 ; 0.0276495 ; 0.0269517 ; 102.236;
16 ; 10 ; 9 ; -0.0128836 ; 0.0282679 ; 0.0274086 ; 102.394;
17 ; 10 ; 9 ; 0.00339174 ; 0.0110763 ; 0.0233947 ; 102.124;
18 ; 10 ; 9 ; 0.00139038 ; 0.013166 ; 0.00236351 ; 102.414;
19 ; 10 ; 9 ; 0.000107089 ; 0.0153332 ; 0.0346077 ; 102.062;
20 ; 10 ; 9 ; 0.00331036 ; 0.025761 ; 0.0097904 ; 102.24;
21 ; 10 ; 9 ; -0.00303339 ; 0.0295545 ; 0.0149575 ; 102.545;
22 ; 10 ; 9 ; -0.00649765 ; 0.0119957 ; 0.0202829 ; 102.553;
23 ; 10 ; 9 ; -0.00323908 ; 0.0194567 ; 0.0221025 ; 102.155;
24 ; 10 ; 9 ; -0.00241266 ; 0.0259428 ; 0.0180017 ; 102.406;
25 ; 10 ; 9 ; -0.00330915 ; 0.00682986 ; 0.0198825 ; 102.733;
26 ; 10 ; 9 ; -0.00808128 ; 0.00679739 ; 0.0174217 ; 102.385;
27 ; 10 ; 9 ; -0.0235006 ; 0.0138755 ; 0.0145564 ; 102.345;
28 ; 10 ; 9 ; -0.0108904 ; 0.00437363 ; 0.0144622 ; 102.547;
29 ; 10 ; 9 ; -0.015678 ; 0.0148953 ; 0.0160635 ; 103.117;
30 ; 10 ; 9 ; -0.011851 ; 0.0171317 ; 0.0139866 ; 102.59;
31 ; 10 ; 9 ; -0.00885934 ; 0.0156626 ; 0.0211073 ; 103.328;
32 ; 10 ; 9 ; -0.00752108 ; 0.00588731 ; 0.00328784 ; 102.297;
33 ; 10 ; 9 ; -0.00247519 ; 0.00746628 ; 0.00826144 ; 102.182;
4 ; 11 ; 9 ; -0.000629729 ; 0.00816622 ; 0.0094123 ; 102.954;
5 ; 11 ; 9 ; 0.024827 ; 0.0115613 ; 0.0133861 ; 103.08;
6 ; 11 ; 9 ; 0.0132474 ; 0.00389105 ; 0.00951151 ; 102.472;
7 ; 11 ; 9 ; 0.00671278 ; 0.0116726 ; 0.020875 ; 102.835;
8 ; 11 ; 9 ; 0.0127063 ; 0.0117765 ; 0.00942767 ; 102.975;
9 ; 11 ; 9 ; 0.0176416 ; -0.000663548 ; 0.0203868 ; 103.062;
10 ; 11 ; 9 ; 0.0168426 ; 0.000854256 ; 0.00598866 ; 102.673;
11 ; 11 ; 9 ; 0.0146751 ; 0.0133262 ; 0.0189494 ; 102.675;
12 ; 11 ; 9 ; 0.00690432 ; 0.00792662 ; 0.00820025 ; 102.823;
13 ; 11 ; 9 ; 0.00713484 ; 0.00910257 ; 0.01709 ; 102.537;
14 ; 11 ; 9 ; 0.00182708 ; 0.0195401 ; 0.0299829 ; 102.28;
15 ; 11 ; 9 ; 0.00592909 ; 0.0148799 ; 0.0297891 ; 102.139;
16 ; 11 ; 9 ; 0.0149255 ; 0.0136014 ; 0.0218317 ; 102.215;
17 ; 11 ; 9 ; 0.00833599 ; 0.0317869 ; 0.0234075 ; 102.067;
18 ; 11 ; 9 ; -0.0121846 ; 0.0158932 ; 0.0135516 ; 102.346;
19 ; 11 ; 9 ; 0.0040503 ; 0.0222954 ; 0.0308352 ; 102.14;
20 ; 11 ; 9 ; -0.00592697 ; 0.00854394 ; 0.0302068 ; 102.704;
21 ; 11 ; 9 ; 0.00641347 ; 0.0283102 ; -0.00177634 ; 101.992;
22 ; 11 ; 9 ; -0.00267332 ; 0.0140434 ; 0.0278055 ; 102.578;
23 ; 11 ; 9 ; -0.00466165 ; 0.00458269 ; 0.0274977 ; 102.841;
24 ; 11 ; 9 ; -0.0110847 ; 0.0193692 ; 0.0135823 ; 102.566;
25 ; 11 ; 9 ; -0.00733122 ; 0.00563288 ; 0.0167011 ; 102.506;
26 ; 11 ; 9 ; -0.0124474 ; 0.0223087 ; 0.0178866 ; 102.703;
27 ; 11 ; 9 ; -0.0155987 ; 0.00592427 ; 0.0226383 ; 103.045;
28 ; 11 ; 9 ; -0.0141941 ; 0.0105055 ; 0.0265023 ; 102.881;
29 ; 11 ; 9 ; -0.00830471 ; -0.0070223 ; -0.00130451 ; 102.961;
30 ; 11 ; 9 ; -0.0109803 ; 0.0110386 ; 0.00757416 ; 102.572;
31 ; 11 ; 9 ; -0.00885471 ; 0.0122396 ; 0.0138658 ; 102.276;
32 ; 11 ; 9 ; -0.0135297 ; 0.0129697 ; 0.012538 ; 102.787;
33 ; 11 ; 9 ; 0.00151927 ; 0.00508364 ; 0.0125006 ; 102.904;
4 ; 12 ; 9 ; 0.011299 ; 0.00856682 ; 0.0179488 ; 102.823;
5 ; 12 ; 9 ; 0.0130503 ; -0.000536863 ; 0.0211718 ; 102.78;
6 ; 12 ; 9 ; 0.00211702 ; 0.000227585 ; 0.000925312 ; 102.488;
7 ; 12 ; 9 ; 0.00689066 ; 0.0120195 ; 0.00559234 ; 103.167;
8 ; 12 ; 9 ; 0.028983 ; 0.000236207 ; 0.00962647 ; 103.252;
9 ; 12 ; 9 ; 0.0203101 ; 0.000778782 ; 0.0174279 ; 102.78;
10 ; 12 ; 9 ; 0.00741039 ; 0.00290924 ; 0.0313528 ; 102.986;
11 ; 12 ; 9 ; 0.0152657 ; 0.0148194 ; 0.0250425 ; 103.02;
12 ; 12 ; 9 ; 0.0130127 ; 0.00707093 ; 0.0252531 ; 102.254;
13 ; 12 ; 9 ; 0.00710748 ; 0.0114374 ; 0.022889 ; 102.234;
14 ; 12 ; 9 ; 0.00968972 ; 0.00842675 ; 0.0244846 ; 102.237;
15 ; 12 ; 9 ; -0.00552212 ; 0.0149486 ; 0.0277008 ; 102.388;
16 ; 12 ; 9 ; 0.000622222 ; 0.029594 ; 0.0245393 ; 102.493;
17 ; 12 ; 9 ; 0.00263184 ; 0.0278755 ; 0.0180614 ; 102.064;
18 ; 12 ; 9 ; 0.00911126 ; 0.00214538 ; 0.02712 ; 102.375;
19 ; 12 ; 9 ; 0.00327903 ; 0.0204178 ; 0.00705226 ; 102.198;
20 ; 12 ; 9 ; 2.43194e-06 ; 0.0113974 ; 0.0267768 ; 101.847;
21 ; 12 ; 9 ; 0.00358187 ; 0.00704807 ; 0.0215018 ; 102.468;
22 ; 12 ; 9 ; 0.00261475 ; 0.0078704 ; 0.0312075 ; 102.147;
23 ; 12 ; 9 ; -0.00692829 ; -0.00259697 ; 0.0137407 ; 102.615;
24 ; 12 ; 9 ; -0.0109931 ; 0.0267185 ; 0.0259643 ; 102.292;
25 ; 12 ; 9 ; -0.0182887 ; 0.00941489 ; 0.0372791 ; 102.48;
26 ; 12 ; 9 ; -0.0116891 ; 0.0210711 ; -0.000903814 ; 102.677;
27 ; 12 ; 9 ; -0.013907 ; 0.0153881 ; 0.00689132 ; 102.757;
28 ; 12 ; 9 ; -0.0206138 ; 0.0195979 ; 0.0102392 ; 102.691;
29 ; 12 ; 9 ; -0.0099302 ; 0.0032306 ; 0.0176774 ; 102.684;
30 ; 12 ; 9 ; -0.0129132 ; 0.0111552 ; 0.0259659 ; 102.757;
31 ; 12 ; 9 ; -0.00629701 ; 0.0156135 ; 0.0194617 ; 102.289;
32 ; 12 ; 9 ; 0.00582391 ; 0.00934532 ; 0.0132631 ; 102.619;
33 ; 12 ; 9 ; 0.00166272 ; 0.0104718 ; 0.014137 ; 102.769;
4 ; 13 ; 9 ; 0.00751108 ; 0.0131593 ; 0.0260733 ; 102.928;
5 ; 13 ; 9 ; 0.00645998 ; 0.0128493 ; 0.0163394 ; 102.725;
6 ; 13 ; 9 ; 0.00335742 ; 0.0167303 ; 0.0158341 ; 102.691;
7 ; 13 ; 9 ; 0.0276072 ; 0.00194913 ; 0.0124337 ; 102.114;
8 ; 13 ; 9 ; 0.0308901 ; 0.0121279 ; 0.0155472 ; 102.556;
9 ; 13 ; 9 ; 0.020382 ; 0.00330355 ; 0.0239561 ; 102.515;
10 ; 13 ; 9 ; 0.0169867 ; 0.0099225 ; 0.0265123 ; 102.632;
11 ; 13 ; 9 ; 0.0263555 ; 0.00903644 ; 0.0169353 ; 102.284;
12 ; 13 ; 9 ; 0.00967626 ; 0.00325986 ; 0.0261146 ; 102.464;
13 ; 13 ; 9 ; 0.015886 ; 0.00836204 ; 0.0150945 ; 102.378;
14 ; 13 ; 9 ; 0.0107134 ; 0.0128178 ; 0.0157947 ; 102.7;
15 ; 13 ; 9 ; 0.00916843 ; 0.00918352 ; 0.025036 ; 102.239;
16 ; 13 ; 9 ; -0.00293198 ; 0.0196687 ; 0.0271693 ; 102.397;
17 ; 13 ; 9 ; -0.00194241 ; 0.00897279 ; 0.0262968 ; 102.166;
18 ; 13 ; 9 ; 0.00261098 ; -0.00982102 ; 0.0273245 ; 102.043;
19 ; 13 ; 9 ; 0.00831519 ; -0.00378229 ; 0.0257142 ; 102.156;
20 ; 13 ; 9 ; 0.00402536 ; 0.0163363 ; 0.0238563 ; 102.26;
21 ; 13 ; 9 ; -0.0020273 ; 0.0116655 ; 0.0364513 ; 102.011;
22 ; 13 ; 9 ; -0.0096531 ; 0.0134312 ; 0.0284681 ; 102.632;
23 ; 13 ; 9 ; -0.0111669 ; 0.0124208 ; 0.0216934 ; 102.698;
24 ; 13 ; 9 ; -0.00743647 ; 0.0139311 ; 0.0260701 ; 102.584;
25 ; 13 ; 9 ; 0.0165272 ; 0.0184325 ; 0.00974102 ; 102.715;
26 ; 13 ; 9 ; -0.00175304 ; 0.00803098 ; 0.021151 ; 102.593;
27 ; 13 ; 9 ; -0.00572266 ; 0.00109671 ; 0.0218996 ; 102.909;
28 ; 13 ; 9 ; -0.0171434 ; 0.0202961 ; 0.0224641 ; 102.506;
29 ; 13 ; 9 ; -0.0149517 ; 0.0121857 ; 0.021017 ; 102.632;
30 ; 13 ; 9 ; -0.0198994 ; 0.00768404 ; 0.0232147 ; 102.774;
31 ; 13 ; 9 ; -0.0307805 ; -0.00275436 ; 0.0195646 ; 102.316;
32 ; 13 ; 9 ; -0.0098707 ; -0.00450621 ; 0.00884034 ; 102.373;
33 ; 13 ; 9 ; -0.00138788 ; 0.0070681 ; 0.00842491 ; 102.199;
4 ; 14 ; 9 ; 0.0113912 ; 0.0157583 ; 0.0220835 ; 102.375;
5 ; 14 ; 9 ; 0.0153008 ; 0.00281265 ; 0.0224983 ; 102.868;
6 ; 14 ; 9 ; 0.0229613 ; 0.00764497 ; 0.0166853 ; 102.686;
7 ; 14 ; 9 ; 0.0215671 ; -0.0037349 ; 0.0261877 ; 102.978;
8 ; 14 ; 9 ; 0.0191675 ; -0.00297173 ; 0.0264736 ; 102.9;
9 ; 14 ; 9 ; 0.0104574 ; 0.0121251 ; 0.0224729 ; 102.722;
10 ; 14 ; 9 ; 0.00196772 ; 0.00793524 ; 0.0265168 ; 102.475;
11 ; 14 ; 9 ; 0.0122361 ; 0.00688726 ; 0.0353346 ; 102.577;
12 ; 14 ; 9 ; 0.000912381 ; -0.00107921 ; 0.0231479 ; 102.046;
13 ; 14 ; 9 ; 0.00888692 ; 0.0110299 ; 0.0117439 ; 102.46;
14 ; 14 ; 9 ; -0.0016806 ; 0.00880121 ; 0.0247158 ; 102.047;
15 ; 14 ; 9 ; 0.00410344 ; 0.00325113 ; 0.027069 ; 102.025;
16 ; 14 ; 9 ; -0.00584962 ; 0.0100851 ; 0.0239247 ; 101.82;
17 ; 14 ; 9 ; -0.000750471 ; 0.0159495 ; 0.0149377 ; 102.503;
18 ; 14 ; 9 ; 0.00255153 ; 0.00850347 ; 0.0115901 ; 101.982;
19 ; 14 ; 9 ; -0.00432807 ; -0.00709655 ; 0.0184464 ; 102.216;
20 ; 14 ; 9 ; 6.23293e-06 ; 0.0248858 ; 0.013015 ; 101.706;
21 ; 14 ; 9 ; 0.000576772 ; 0.00849295 ; 0.0314306 ; 101.652;
22 ; 14 ; 9 ; -0.0113417 ; 0.0118499 ; 0.029315 ; 102.035;
23 ; 14 ; 9 ; -0.0079854 ; 0.00531826 ; 0.0177837 ; 102.643;
24 ; 14 ; 9 ; -0.0119444 ; 0.00699349 ; 0.0132804 ; 102.282;
25 ; 14 ; 9 ; -0.011882 ; 0.022888 ; 0.0174557 ; 102.35;
26 ; 14 ; 9 ; -0.00690079 ; 0.00116946 ; 0.0275859 ; 102.674;
27 ; 14 ; 9 ; -0.00525293 ; 0.0140476 ; 0.0195323 ; 102.921;
28 ; 14 ; 9 ; -0.0113067 ; 0.0122197 ; 0.0241417 ; 102.119;
29 ; 14 ; 9 ; -0.0184996 ; 0.00579687 ; 0.0123927 ; 103.262;
30 ; 14 ; 9 ; -0.0131335 ; 0.00416174 ; 0.0143519 ; 102.727;
31 ; 14 ; 9 ; -0.0101871 ; 0.00583656 ; 0.0161259 ; 102.426;
32 ; 14 ; 9 ; -0.00398678 ; -0.00309765 ; 0.0242954 ; 102.58;
33 ; 14 ; 9 ; 0.00417646 ; -0.00312999 ; 0.0126626 ; 102.595;
4 ; 15 ; 9 ; 0.00845801 ; 0.0092286 ; 0.0179734 ; 102.66;
5 ; 15 ; 9 ; 0.0138406 ; -0.00914602 ; 0.00995269 ; 102.006;
6 ; 15 ; 9 ; 0.0132019 ; -0.00381861 ; 0.0246473 ; 102.207;
7 ; 15 ; 9 ; 0.0221956 ; 0.00509046 ; 0.0191705 ; 102.805;
8 ; 15 ; 9 ; 0.0148276 ; -0.00294559 ; 0.0125678 ; 102.403;
9 ; 15 ; 9 ; 0.0247428 ; -0.000213772 ; 0.0209122 ; 102.638;
10 ; 15 ; 9 ; 0.0207189 ; 0.0108892 ; 0.0184809 ; 102.67;
11 ; 15 ; 9 ; 0.0208981 ; 0.00847029 ; 0.021166 ; 102.604;
12 ; 15 ; 9 ; 0.020223 ; 0.00903143 ; 0.0247934 ; 102.318;
13 ; 15 ; 9 ; 0.00624188 ; 0.0061782 ; 0.0133888 ; 102.408;
14 ; 15 ; 9 ; 0.00527381 ; 0.00558462 ; 0.0133707 ; 102.363;
15 ; 15 ; 9 ; -0.00116066 ; 0.0092615 ; 0.028097 ; 101.759;
16 ; 15 ; 9 ; 0.00281706 ; -0.00807382 ; 0.0284278 ; 101.625;
17 ; 15 ; 9 ; 0.0128104 ; -0.000445677 ; 0.0311457 ; 101.817;
18 ; 15 ; 9 ; 0.00185312 ; 0.00451369 ; 0.0390468 ; 101.757;
19 ; 15 ; 9 ; -0.0124498 ; 0.00873694 ; 0.0233124 ; 101.435;
20 ; 15 ; 9 ; -0.013473 ; 0.01575 ; 0.0238426 ; 102.415;
21 ; 15 ; 9 ; -0.00421688 ; 0.00705721 ; 0.0201955 ; 102.41;
22 ; 15 ; 9 ; -0.0124378 ; -0.00317161 ; 0.0236888 ; 101.734;
23 ; 15 ; 9 ; -0.026682 ; 0.00901506 ; 0.0300421 ; 102.392;
24 ; 15 ; 9 ; 0.0067364 ; -0.00752897 ; 0.0378727 ; 102.133;
25 ; 15 ; 9 ; -0.00752875 ; 0.0013118 ; 0.0355103 ; 102.107;
26 ; 15 ; 9 ; -0.00889819 ; 0.000721989 ; 0.0142688 ; 101.966;
27 ; 15 ; 9 ; -0.0172354 ; 0.0014754 ; 0.0218669 ; 102.333;
28 ; 15 ; 9 ; -0.0205323 ; 0.00371329 ; 0.00914465 ; 102.801;
29 ; 15 ; 9 ; -0.0233836 ; 0.0131749 ; 0.0153662 ; 102.523;
30 ; 15 ; 9 ; -0.00915443 ; 0.00299552 ; 0.013113 ; 102.055;
31 ; 15 ; 9 ; -0.0143588 ; 0.00441889 ; 0.027333 ; 102.769;
32 ; 15 ; 9 ; 0.00262337 ; 0.00791861 ; 0.0134261 ; 101.886;
33 ; 15 ; 9 ; 0.00499633 ; -0.00711381 ; 0.0177868 ; 101.941;
4 ; 16 ; 9 ; 0.024027 ; 0.00464162 ; 0.0207881 ; 101.986;
5 ; 16 ; 9 ; 0.00467293 ; -0.00203857 ; 0.0176995 ; 102.88;
6 ; 16 ; 9 ; 0.0107213 ; -0.00656307 ; 0.0253159 ; 102.744;
7 ; 16 ; 9 ; 0.0218664 ; 0.00516017 ; 0.0190903 ; 102.444;
8 ; 16 ; 9 ; 0.0299805 ; 0.00437355 ; 0.0162729 ; 102.546;
9 ; 16 ; 9 ; 0.0263257 ; 0.00909654 ; 0.0211652 ; 102.86;
10 ; 16 ; 9 ; 0.0185145 ; -0.00217679 ; 0.0223667 ; 102.706;
11 ; 16 ; 9 ; -0.00892496 ; -0.00603992 ; 0.0328027 ; 102.435;
12 ; 16 ; 9 ; -0.00327389 ; -0.00750853 ; 0.0348103 ; 101.986;
13 ; 16 ; 9 ; 0.0247444 ; 0.00830374 ; 0.0186077 ; 102.213;
14 ; 16 ; 9 ; 0.00269262 ; 0.00159736 ; 0.0175664 ; 102.747;
15 ; 16 ; 9 ; -0.00335963 ; -0.00689389 ; 0.0175605 ; 102.164;
16 ; 16 ; 9 ; -0.00500092 ; 0.0106072 ; 0.0258158 ; 102.081;
17 ; 16 ; 9 ; -0.00963485 ; 0.00220089 ; 0.0262238 ; 102.404;
18 ; 16 ; 9 ; 0.0145847 ; 0.00833782 ; 0.0371562 ; 101.495;
19 ; 16 ; 9 ; 0.00529253 ; 0.00268713 ; 0.0265817 ; 101.895;
20 ; 16 ; 9 ; 0.000173637 ; -0.00108159 ; 0.0229392 ; 102.081;
21 ; 16 ; 9 ; 0.011697 ; -0.00131853 ; 0.0202925 ; 101.717;
22 ; 16 ; 9 ; -0.00626 ; 0.00126774 ; 0.0330876 ; 101.885;
23 ; 16 ; 9 ; -0.0182392 ; -0.00410465 ; 0.0208071 ; 101.698;
24 ; 16 ; 9 ; -0.0048861 ; -0.0145522 ; 0.032524 ; 102.117;
25 ; 16 ; 9 ; -0.014735 ; 0.00104514 ; 0.0241899 ; 102.518;
26 ; 16 ; 9 ; -0.024517 ; 0.0051774 ; 0.0122732 ; 102.498;
27 ; 16 ; 9 ; -0.0352896 ; 0.0101616 ; 0.0357818 ; 102.276;
28 ; 16 ; 9 ; -0.00754107 ; 0.00828395 ; 0.0236743 ; 102.376;
29 ; 16 ; 9 ; -0.0258644 ; -0.0107254 ; 0.0106094 ; 102.228;
30 ; 16 ; 9 ; -0.0110054 ; -0.0049988 ; 0.0170091 ; 102.425;
31 ; 16 ; 9 ; -0.0149208 ; -0.00326619 ; 0.0156367 ; 101.896;
32 ; 16 ; 9 ; -0.0157787 ; 0.000788425 ; 0.0177943 ; 102.85;
33 ; 16 ; 9 ; -0.00872969 ; 0.000971381 ; 0.0280323 ; 102.508;
4 ; 17 ; 9 ; 0.00906485 ; -0.00188133 ; 0.0241036 ; 102.62;
5 ; 17 ; 9 ; 0.00590041 ; 0.00309519 ; 0.0315393 ; 102.446;
6 ; 17 ; 9 ; 0.0210558 ; -0.0213204 ; 0.0238392 ; 102.442;
7 ; 17 ; 9 ; 0.0150267 ; -0.0152202 ; 0.0205518 ; 102.611;
8 ; 17 ; 9 ; 0.0313042 ; 0.00120983 ; 0.0191139 ; 102.052;
9 ; 17 ; 9 ; 0.0172609 ; -0.0045468 ; 0.0264267 ; 102.52;
10 ; 17 ; 9 ; 0.00693827 ; 0.00215133 ; 0.0108749 ; 102.141;
11 ; 17 ; 9 ; 0.0173977 ; 0.00497373 ; 0.0316177 ; 102.527;
12 ; 17 ; 9 ; 0.0195463 ; 0.00126933 ; 0.0265893 ; 102.372;
13 ; 17 ; 9 ; 0.0184638 ; -0.004743 ; 0.0288411 ; 102.208;
14 ; 17 ; 9 ; 0.0141004 ; 0.000571321 ; 0.0295451 ; 102.146;
15 ; 17 ; 9 ; 0.0040538 ; 0.00585936 ; 0.0258535 ; 102.536;
16 ; 17 ; 9 ; -0.0142231 ; 0.00724733 ; 0.0222601 ; 102.29;
17 ; 17 ; 9 ; 0.0112769 ; -0.00132056 ; 0.0202845 ; 101.472;
18 ; 17 ; 9 ; -0.00839769 ; 0.00170401 ; 0.0238322 ; 102.164;
19 ; 17 ; 9 ; -0.00719868 ; 0.00770796 ; 0.0467488 ; 101.786;
20 ; 17 ; 9 ; 0.00654922 ; -0.00699259 ; 0.0343161 ; 102.065;
21 ; 17 ; 9 ; -0.00176429 ; -0.00110534 ; 0.0299659 ; 102.002;
22 ; 17 ; 9 ; 0.00685535 ; -0.00930475 ; 0.019581 ; 102.401;
23 ; 17 ; 9 ; 0.000149088 ; -0.0153646 ; 0.030207 ; 101.903;
24 ; 17 ; 9 ; -0.0150788 ; -0.00866621 ; 0.0239894 ; 101.851;
25 ; 17 ; 9 ; -0.0233978 ; 0.00228479 ; 0.0330248 ; 102.206;
26 ; 17 ; 9 ; -0.0149546 ; 0.00351093 ; 0.0100518 ; 102.859;
27 ; 17 ; 9 ; -0.0200295 ; 0.00306068 ; 0.0295884 ; 102.236;
28 ; 17 ; 9 ; -0.0152505 ; -0.0133621 ; 0.0178659 ; 102.363;
29 ; 17 ; 9 ; -0.0177326 ; 0.00282823 ; 0.0119523 ; 102.442;
30 ; 17 ; 9 ; -0.0133795 ; 0.00284053 ; 0.0175412 ; 102.559;
31 ; 17 ; 9 ; -0.0251241 ; -0.0107678 ; 0.0255833 ; 102.292;
32 ; 17 ; 9 ; -0.00958713 ; 0.00499486 ; 0.0160792 ; 102.407;
33 ; 17 ; 9 ; 0.00344404 ; -0.00521632 ; 0.0115502 ; 102.095;
4 ; 18 ; 9 ; 0.0115435 ; -0.00304779 ; 0.0237842 ; 102.307;
5 ; 18 ; 9 ; 0.00269751 ; -0.0129277 ; 0.00156489 ; 102.2;
6 ; 18 ; 9 ; 0.0159121 ; 0.00368199 ; 0.0183628 ; 102.349;
7 ; 18 ; 9 ; -0.00184395 ; -0.00374133 ; 0.00645034 ; 102.941;
8 ; 18 ; 9 ; 0.024335 ; 0.00195728 ; 0.0190292 ; 102.471;
9 ; 18 ; 9 ; 0.0148049 ; -0.00739382 ; 0.0281723 ; 102.435;
10 ; 18 ; 9 ; 0.0239528 ; 0.00918215 ; 0.0141606 ; 102.375;
11 ; 18 ; 9 ; 0.0111538 ; 0.00433769 ; 0.0282561 ; 102.139;
12 ; 18 ; 9 ; 0.0238143 ; 0.00861046 ; 0.0276208 ; 102.287;
13 ; 18 ; 9 ; -0.00382581 ; -0.0103214 ; 0.0263377 ; 102.136;
14 ; 18 ; 9 ; 0.0009084 ; 0.00308927 ; 0.027004 ; 101.897;
15 ; 18 ; 9 ; -0.0100173 ; 0.00812851 ; 0.0253781 ; 102.137;
16 ; 18 ; 9 ; -0.00598754 ; -0.00131084 ; 0.0282695 ; 101.861;
17 ; 18 ; 9 ; 0.0073061 ; -0.011699 ; 0.0341082 ; 101.727;
18 ; 18 ; 9 ; -0.00386122 ; -0.0207816 ; 0.0223546 ; 101.666;
19 ; 18 ; 9 ; -0.0076447 ; -0.0181055 ; 0.0256541 ; 102.22;
20 ; 18 ; 9 ; -0.00295666 ; -0.00153 ; 0.0160521 ; 101.588;
21 ; 18 ; 9 ; -0.0125708 ; 0.00739034 ; 0.0216997 ; 101.96;
22 ; 18 ; 9 ; -0.0129822 ; 0.00339242 ; 0.0295616 ; 101.922;
23 ; 18 ; 9 ; -0.0121353 ; 0.0011727 ; 0.0231533 ; 101.732;
24 ; 18 ; 9 ; -0.00949768 ; 0.0131103 ; 0.0161657 ; 101.904;
25 ; 18 ; 9 ; -0.0137017 ; 0.00334644 ; 0.032713 ; 102.123;
26 ; 18 ; 9 ; -0.0104801 ; 0.00275618 ; 0.0263019 ; 101.907;
27 ; 18 ; 9 ; -0.0137955 ; 0.00234142 ; 0.0154152 ; 102.453;
28 ; 18 ; 9 ; -0.01795 ; 0.00106301 ; 0.0272537 ; 102.282;
29 ; 18 ; 9 ; -0.0197793 ; -0.00315604 ; 0.0208316 ; 102.372;
30 ; 18 ; 9 ; -0.0246076 ; -0.0168366 ; 0.0153069 ; 102.351;
31 ; 18 ; 9 ; -0.00814269 ; -0.0014781 ; 0.0106839 ; 102.622;
32 ; 18 ; 9 ; -0.00258683 ; -0.00777073 ; 0.0208001 ; 102.35;
33 ; 18 ; 9 ; -0.00472088 ; -0.017959 ; 0.0114363 ; 102.315;
4 ; 19 ; 9 ; 0.00189374 ; -0.00191315 ; 0.00630316 ; 102.632;
5 ; 19 ; 9 ; 0.0012602 ; -0.00756036 ; 0.032911 ; 102.58;
6 ; 19 ; 9 ; 0.0104261 ; 0.00245351 ; 0.00801157 ; 102.003;
7 ; 19 ; 9 ; 0.0248409 ; -0.000723 ; 0.0121339 ; 102.036;
8 ; 19 ; 9 ; 0.0251645 ; -0.00198269 ; 0.0152442 ; 102.36;
9 ; 19 ; 9 ; 0.0144822 ; 0.0034806 ; 0.018767 ; 102.696;
10 ; 19 ; 9 ; 0.0252582 ; 0.0115554 ; 0.0214542 ; 102.205;
11 ; 19 ; 9 ; 0.0229697 ; -0.00655709 ; 0.0291252 ; 102.59;
12 ; 19 ; 9 ; 0.021705 ; 0.00222683 ; 0.0321689 ; 102.254;
13 ; 19 ; 9 ; 0.00567899 ; -0.00234274 ; 0.0190317 ; 102.187;
14 ; 19 ; 9 ; -0.000170279 ; -0.0014865 ; 0.0330552 ; 101.86;
15 ; 19 ; 9 ; -0.0095872 ; -0.00433804 ; 0.026525 ; 101.832;
16 ; 19 ; 9 ; -7.34328e-05 ; 0.00315677 ; 0.0204283 ; 101.604;
17 ; 19 ; 9 ; 0.0101664 ; 0.00800156 ; 0.0181348 ; 102.094;
18 ; 19 ; 9 ; 0.00224792 ; -0.0118408 ; 0.0327677 ; 101.86;
19 ; 19 ; 9 ; 0.00937895 ; -0.00119202 ; 0.0399779 ; 101.806;
20 ; 19 ; 9 ; -0.00397348 ; -0.0107075 ; 0.0332218 ; 101.985;
21 ; 19 ; 9 ; -0.00350727 ; 0.00379275 ; 0.0244918 ; 101.698;
22 ; 19 ; 9 ; -0.000497134 ; -0.00153078 ; 0.0376534 ; 101.828;
23 ; 19 ; 9 ; -0.00194231 ; -0.0214641 ; 0.023092 ; 102.175;
24 ; 19 ; 9 ; -0.0103929 ; -0.00922803 ; 0.0295232 ; 102.11;
25 ; 19 ; 9 ; -0.009271 ; 0.000875866 ; 0.0221538 ; 102.502;
26 ; 19 ; 9 ; -0.0150593 ; -0.0068017 ; 0.0327909 ; 102.227;
27 ; 19 ; 9 ; -0.0170924 ; -0.00447219 ; 0.0130641 ; 102.47;
28 ; 19 ; 9 ; -0.0323887 ; -0.00727927 ; 0.0146548 ; 102.381;
29 ; 19 ; 9 ; -0.0292563 ; 0.00405608 ; 0.0292051 ; 102.596;
30 ; 19 ; 9 ; -0.0142399 ; 0.00225726 ; 0.0181812 ; 101.962;
31 ; 19 ; 9 ; -0.0199244 ; -0.00423572 ; 0.0150398 ; 102.343;
32 ; 19 ; 9 ; -0.0060614 ; -0.000479414 ; 0.0294012 ; 102.707;
33 ; 19 ; 9 ; 0.00208219 ; -0.0136363 ; 0.0124207 ; 102.347;
4 ; 20 ; 9 ; 0.00781801 ; 0.000507728 ; 0.0290888 ; 102.642;
5 ; 20 ; 9 ; 0.00784508 ; 0.00424172 ; 0.0207837 ; 102.687;
6 ; 20 ; 9 ; 0.0227886 ; -0.00591184 ; 0.00514155 ; 102.577;
7 ; 20 ; 9 ; 0.0216086 ; -0.000855969 ; 0.0260986 ; 102.455;
8 ; 20 ; 9 ; 0.0181656 ; -0.0012439 ; 0.0349717 ; 102.499;
9 ; 20 ; 9 ; 0.0190739 ; -0.00105577 ; 0.0131752 ; 102.6;
10 ; 20 ; 9 ; 0.0263699 ; -0.0090766 ; 0.0172217 ; 102.538;
11 ; 20 ; 9 ; 0.0227435 ; 0.00414812 ; 0.0274209 ; 102.676;
12 ; 20 ; 9 ; 0.0190461 ; -0.0194549 ; 0.0301138 ; 102.236;
13 ; 20 ; 9 ; 0.0193509 ; 0.0143355 ; 0.0344263 ; 102.177;
14 ; 20 ; 9 ; 0.0153463 ; -0.00379842 ; 0.0211214 ; 102.038;
15 ; 20 ; 9 ; -0.00132425 ; 0.00546272 ; 0.0117992 ; 102.144;
16 ; 20 ; 9 ; 0.000674208 ; 0.00779976 ; 0.0360488 ; 102.041;
17 ; 20 ; 9 ; -0.00317708 ; 0.0059509 ; 0.0329123 ; 101.955;
18 ; 20 ; 9 ; 0.00112903 ; 0.00365701 ; 0.0261152 ; 101.895;
19 ; 20 ; 9 ; -0.0105805 ; -0.0031007 ; 0.0295181 ; 101.751;
20 ; 20 ; 9 ; -0.00494148 ; 0.00720055 ; 0.0303851 ; 101.728;
21 ; 20 ; 9 ; 0.00447671 ; -0.00338051 ; 0.0198844 ; 101.937;
22 ; 20 ; 9 ; 0.000975356 ; 0.0100081 ; 0.0352624 ; 102.5;
23 ; 20 ; 9 ; -0.00664363 ; 0.000308168 ; 0.0363794 ; 101.75;
24 ; 20 ; 9 ; -0.0257364 ; -0.00155956 ; 0.0157156 ; 102.323;
25 ; 20 ; 9 ; -0.0248222 ; -0.00517456 ; 0.0208581 ; 102.239;
26 ; 20 ; 9 ; -0.0115138 ; -0.00329066 ; 0.0282117 ; 102.729;
27 ; 20 ; 9 ; -0.00837019 ; -0.00739978 ; 0.0142033 ; 102.805;
28 ; 20 ; 9 ; -0.0116615 ; -0.00346109 ; 0.0244382 ; 102.053;
29 ; 20 ; 9 ; -0.0191099 ; 0.00478435 ; 0.0118465 ; 102.795;
30 ; 20 ; 9 ; -0.0153059 ; 0.0022335 ; 0.0249682 ; 102.161;
31 ; 20 ; 9 ; -0.024688 ; -0.000128353 ; 0.00812191 ; 102.491;
32 ; 20 ; 9 ; -0.0122643 ; 0.000801515 ; 0.032634 ; 102.336;
33 ; 20 ; 9 ; -0.00391434 ; 0.00282716 ; 0.0111317 ; 102.137;
4 ; 21 ; 9 ; 0.00459138 ; -0.00372352 ; 0.0126365 ; 102.189;
5 ; 21 ; 9 ; 0.00652136 ; 0.00664971 ; 0.0121895 ; 102.281;
6 ; 21 ; 9 ; 0.0120151 ; 0.0141778 ; 0.00732469 ; 102.708;
7 ; 21 ; 9 ; 0.0177632 ; 0.00512715 ; 0.0100876 ; 102.5;
8 ; 21 ; 9 ; 0.028236 ; -4.3784e-05 ; 0.0176587 ; 102.523;
9 ; 21 ; 9 ; 0.0247276 ; -0.000140947 ; 0.0182282 ; 102.359;
10 ; 21 ; 9 ; 0.0240834 ; 0.00744704 ; 0.0169964 ; 102.594;
11 ; 21 ; 9 ; 0.00992795 ; 0.00730868 ; 0.0174842 ; 102.132;
12 ; 21 ; 9 ; 0.0170697 ; -0.00313863 ; 0.0224372 ; 101.871;
13 ; 21 ; 9 ; 0.00680193 ; 0.0177525 ; 0.0201173 ; 101.902;
14 ; 21 ; 9 ; -0.00441703 ; -0.00372602 ; 0.0216491 ; 102.087;
15 ; 21 ; 9 ; 0.00796024 ; 0.00335568 ; 0.02819 ; 102.205;
16 ; 21 ; 9 ; 0.00359211 ; -0.00189397 ; 0.0205147 ; 101.615;
17 ; 21 ; 9 ; -0.00923452 ; -0.00569965 ; 0.0402445 ; 102.199;
18 ; 21 ; 9 ; 0.000915512 ; -0.00852775 ; 0.0337519 ; 101.612;
19 ; 21 ; 9 ; -0.00213522 ; -0.00269843 ; 0.026525 ; 101.541;
20 ; 21 ; 9 ; 0.00883809 ; -0.01048 ; 0.0319074 ; 102.185;
21 ; 21 ; 9 ; -0.0103057 ; 0.00400611 ; 0.0211627 ; 102.403;
22 ; 21 ; 9 ; -0.00653521 ; 0.0136 ; 0.0271587 ; 101.682;
23 ; 21 ; 9 ; -0.00683657 ; 0.00874506 ; 0.0180702 ; 102.005;
24 ; 21 ; 9 ; -0.0104164 ; 0.00579066 ; 0.0239365 ; 102.287;
25 ; 21 ; 9 ; -0.018427 ; 0.00258173 ; 0.0222937 ; 101.992;
26 ; 21 ; 9 ; -0.0109847 ; 0.0100112 ; 0.0284294 ; 102.402;
27 ; 21 ; 9 ; -0.0288703 ; -0.00144636 ; 0.0199916 ; 103.117;
28 ; 21 ; 9 ; -0.0145339 ; 0.00994317 ; 0.0312365 ; 102.703;
29 ; 21 ; 9 ; -0.0145873 ; -0.00385552 ; 0.0168092 ; 102.571;
30 ; 21 ; 9 ; -0.0166431 ; 0.00184457 ; 0.0231592 ; 102.42;
31 ; 21 ; 9 ; -0.0245856 ; -0.00179158 ; 0.014867 ; 102.451;
32 ; 21 ; 9 ; -0.0194151 ; 0.0066221 ; 0.0234566 ; 102.662;
33 ; 21 ; 9 ; -0.0351334 ; 0.00473918 ; 0.0194471 ; 102.602;
4 ; 22 ; 9 ; 0.00673704 ; 0.00289413 ; 0.0172284 ; 102.658;
5 ; 22 ; 9 ; 0.0128901 ; 0.00444283 ; 0.0169876 ; 102.598;
6 ; 22 ; 9 ; 0.0161022 ; 0.00433633 ; 0.0188339 ; 102.889;
7 ; 22 ; 9 ; 0.0174449 ; 0.00235176 ; 0.0209124 ; 102.645;
8 ; 22 ; 9 ; 0.0104329 ; -0.00054429 ; 0.0116592 ; 102.618;
9 ; 22 ; 9 ; 0.0210531 ; -0.0021662 ; 0.0131965 ; 103.042;
10 ; 22 ; 9 ; 0.0187943 ; -0.0071807 ; 0.0241092 ; 102.835;
11 ; 22 ; 9 ; 0.00827681 ; -0.00300437 ; 0.0337264 ; 102.735;
12 ; 22 ; 9 ; 0.0034167 ; -0.00538754 ; 0.0199218 ; 102.484;
13 ; 22 ; 9 ; 0.00645627 ; -0.00293669 ; 0.0294126 ; 102.63;
14 ; 22 ; 9 ; 0.0110009 ; -0.00882713 ; 0.0286461 ; 101.895;
15 ; 22 ; 9 ; 0.00246795 ; -0.00792193 ; 0.0338601 ; 102.112;
16 ; 22 ; 9 ; 0.00734934 ; -0.0199937 ; 0.0158388 ; 101.914;
17 ; 22 ; 9 ; 0.0106701 ; 0.00404138 ; 0.0259418 ; 102.074;
18 ; 22 ; 9 ; 0.0100195 ; -0.00618795 ; 0.0235973 ; 102.117;
19 ; 22 ; 9 ; -0.0065513 ; -0.00798731 ; 0.0308489 ; 101.817;
20 ; 22 ; 9 ; -0.00283189 ; -0.00501212 ; 0.0203984 ; 101.851;
21 ; 22 ; 9 ; -0.000245181 ; 0.00248 ; 0.0155735 ; 102.274;
22 ; 22 ; 9 ; 0.0121067 ; -0.00773491 ; 0.0364592 ; 101.754;
23 ; 22 ; 9 ; -0.0024022 ; -0.00535714 ; 0.012708 ; 101.671;
24 ; 22 ; 9 ; -0.000988526 ; -0.00661962 ; 0.020014 ; 101.896;
25 ; 22 ; 9 ; -0.0127054 ; 0.00693494 ; 0.0287824 ; 102.346;
26 ; 22 ; 9 ; -0.0215441 ; -0.0150997 ; 0.0210159 ; 102.418;
27 ; 22 ; 9 ; -0.0102271 ; 0.00177085 ; 0.0282026 ; 102.47;
28 ; 22 ; 9 ; -0.0169049 ; 0.00599532 ; 0.0195224 ; 102.505;
29 ; 22 ; 9 ; -0.0133008 ; -0.00198541 ; 0.0248126 ; 102.197;
30 ; 22 ; 9 ; -0.0054528 ; 0.00035547 ; 0.0203388 ; 102.599;
31 ; 22 ; 9 ; -0.0155007 ; -0.00288882 ; 0.0190089 ; 102.858;
32 ; 22 ; 9 ; -0.0200756 ; 0.0018315 ; 0.0123407 ; 102.706;
33 ; 22 ; 9 ; -0.0147282 ; 0.0047429 ; 0.0191255 ; 101.965;
4 ; 23 ; 9 ; 0.00801763 ; 0.0120882 ; 0.0246458 ; 102.549;
5 ; 23 ; 9 ; 0.00051273 ; -0.00488139 ; 0.0183548 ; 102.356;
6 ; 23 ; 9 ; 0.0138244 ; 0.00460743 ; 0.0281129 ; 102.635;
7 ; 23 ; 9 ; 0.0160727 ; -0.00133253 ; 0.00639835 ; 102.26;
8 ; 23 ; 9 ; 0.0140797 ; 0.00394955 ; 0.0177587 ; 102.272;
9 ; 23 ; 9 ; 0.0228933 ; -0.00114526 ; 0.0263513 ; 102.772;
10 ; 23 ; 9 ; 0.0166867 ; -0.000630432 ; 0.0275221 ; 102.66;
11 ; 23 ; 9 ; 0.0174102 ; -0.00422836 ; 0.0201342 ; 102.486;
12 ; 23 ; 9 ; 0.0248309 ; -0.0092713 ; 0.0236009 ; 102.562;
13 ; 23 ; 9 ; -0.00387144 ; -0.00540175 ; 0.0186907 ; 101.917;
14 ; 23 ; 9 ; 0.00188838 ; -0.00588692 ; 0.0280411 ; 102.128;
15 ; 23 ; 9 ; 0.00289162 ; -0.0104037 ; 0.0153009 ; 102.161;
16 ; 23 ; 9 ; -0.00831846 ; -0.00337875 ; 0.0318686 ; 102.267;
17 ; 23 ; 9 ; -0.00248361 ; 0.00531082 ; 0.0209127 ; 101.85;
18 ; 23 ; 9 ; -0.00591517 ; -0.00883032 ; 0.0171728 ; 102.127;
19 ; 23 ; 9 ; -0.00727024 ; -0.0042006 ; 0.0337512 ; 101.902;
20 ; 23 ; 9 ; -0.0121941 ; -0.0159856 ; 0.0216326 ; 101.85;
21 ; 23 ; 9 ; 0.00429841 ; -0.00388761 ; 0.0232979 ; 102.117;
22 ; 23 ; 9 ; -0.0091361 ; -0.0144752 ; 0.0348795 ; 102.228;
23 ; 23 ; 9 ; -0.0026422 ; -0.0148634 ; 0.0347801 ; 102.51;
24 ; 23 ; 9 ; 0.00240282 ; -0.0196208 ; 0.0203328 ; 102.314;
25 ; 23 ; 9 ; -0.0136928 ; -0.00180599 ; 0.0281581 ; 102.378;
26 ; 23 ; 9 ; -0.0199818 ; 0.00491803 ; 0.0155494 ; 102.486;
27 ; 23 ; 9 ; -0.0288462 ; 0.00327546 ; 0.0273943 ; 102.333;
28 ; 23 ; 9 ; -0.0142592 ; -0.00825278 ; 0.0200645 ; 102.599;
29 ; 23 ; 9 ; -0.0182241 ; -0.00426717 ; 0.0300033 ; 102.4;
30 ; 23 ; 9 ; -0.0206309 ; 0.00763299 ; 0.00844619 ; 102.562;
31 ; 23 ; 9 ; -0.00999628 ; -0.0153566 ; 0.0197697 ; 102.625;
32 ; 23 ; 9 ; 0.00600728 ; 0.00479042 ; 0.0188101 ; 102.018;
33 ; 23 ; 9 ; -0.00350225 ; -0.000388936 ; 0.00363819 ; 102.728;
4 ; 24 ; 9 ; -0.00255278 ; -0.00855366 ; 0.0192973 ; 102.575;
5 ; 24 ; 9 ; -0.00313569 ; 0.0038499 ; 0.0282098 ; 102.616;
6 ; 24 ; 9 ; 0.00305075 ; -0.0085091 ; 0.014166 ; 102.692;
7 ; 24 ; 9 ; 0.00702149 ; 0.00361056 ; 0.0220437 ; 102.764;
8 ; 24 ; 9 ; 0.0216498 ; 0.00247381 ; -0.00173568 ; 102.358;
9 ; 24 ; 9 ; 0.0268069 ; 0.00212564 ; 0.0200687 ; 102.56;
10 ; 24 ; 9 ; 0.00890535 ; -0.00877314 ; 0.00686089 ; 102.43;
11 ; 24 ; 9 ; 0.0195525 ; -0.00257224 ; 0.0111376 ; 102.512;
12 ; 24 ; 9 ; 0.00968226 ; -0.00555181 ; 0.0250043 ; 102.484;
13 ; 24 ; 9 ; -0.00939319 ; -0.0130008 ; 0.0289896 ; 101.768;
14 ; 24 ; 9 ; -0.00376872 ; -0.000304788 ; 0.0246683 ; 102.383;
15 ; 24 ; 9 ; -0.00201498 ; -0.00989637 ; 0.0150772 ; 102.019;
16 ; 24 ; 9 ; 0.000234866 ; -0.00343329 ; 0.0178411 ; 101.949;
17 ; 24 ; 9 ; 0.0126363 ; -0.013602 ; 0.0288169 ; 102.01;
18 ; 24 ; 9 ; 0.0148764 ; -0.0147135 ; 0.00999284 ; 102.003;
19 ; 24 ; 9 ; 0.00207698 ; -0.00563932 ; 0.0319144 ; 101.864;
20 ; 24 ; 9 ; -0.0043121 ; -0.00497664 ; 0.0244332 ; 101.813;
21 ; 24 ; 9 ; -0.00588255 ; -0.0120774 ; 0.016465 ; 102.555;
22 ; 24 ; 9 ; -0.000184305 ; -0.0172403 ; 0.0301769 ; 102.25;
23 ; 24 ; 9 ; -0.0118846 ; -0.00971801 ; 0.0157828 ; 102.186;
24 ; 24 ; 9 ; -0.00455199 ; -0.0176344 ; 0.0109704 ; 102.177;
25 ; 24 ; 9 ; 0.00558111 ; -0.0106553 ; 0.0214293 ; 102.478;
26 ; 24 ; 9 ; -0.017354 ; -0.0028178 ; 0.0223862 ; 102.309;
27 ; 24 ; 9 ; -0.00992061 ; -0.0141626 ; 0.0119048 ; 102.67;
28 ; 24 ; 9 ; -0.0177164 ; 0.00708485 ; 0.00257717 ; 102.849;
29 ; 24 ; 9 ; -0.0152488 ; -0.00621119 ; 0.017735 ; 102.348;
30 ; 24 ; 9 ; -0.0128009 ; 0.00986222 ; 0.00854489 ; 102.881;
31 ; 24 ; 9 ; -0.00937813 ; -0.0133905 ; 0.0113753 ; 102.578;
32 ; 24 ; 9 ; -0.00658374 ; 0.00531188 ; 0.0206642 ; 102.942;
33 ; 24 ; 9 ; -0.00229756 ; -0.00729668 ; 0.017679 ; 102.525;
4 ; 25 ; 9 ; 0.0068902 ; -0.00557043 ; 0.00142418 ; 102.301;
5 ; 25 ; 9 ; 0.0175534 ; -0.0139266 ; 0.0208477 ; 102.795;
6 ; 25 ; 9 ; 0.0153504 ; -0.0112334 ; 0.0158934 ; 102.652;
7 ; 25 ; 9 ; 0.0165194 ; -0.00993523 ; 0.0248352 ; 103.138;
8 ; 25 ; 9 ; 0.0186322 ; 0.000839054 ; 0.0103299 ; 103.131;
9 ; 25 ; 9 ; 0.0127101 ; -0.0109716 ; 0.0265813 ; 102.932;
10 ; 25 ; 9 ; -0.000476102 ; -0.0091898 ; 0.0137512 ; 103.068;
11 ; 25 ; 9 ; 0.00939598 ; -0.00397356 ; 0.00778309 ; 102.63;
12 ; 25 ; 9 ; 0.0198035 ; -0.00791909 ; 0.0195209 ; 102.559;
13 ; 25 ; 9 ; 0.0181859 ; -0.00691352 ; 0.0374537 ; 102.972;
14 ; 25 ; 9 ; 0.00299472 ; 0.00478974 ; 0.0170581 ; 102.497;
15 ; 25 ; 9 ; 0.0114082 ; -0.00752827 ; 0.015933 ; 102.75;
16 ; 25 ; 9 ; -0.00330474 ; -0.0102409 ; 0.0152453 ; 102.179;
17 ; 25 ; 9 ; 0.00661081 ; -0.00862781 ; 0.0324025 ; 102.538;
18 ; 25 ; 9 ; -0.00167246 ; -0.013011 ; 0.0220451 ; 102.51;
19 ; 25 ; 9 ; 0.00309878 ; -0.0196452 ; 0.0143851 ; 102.408;
20 ; 25 ; 9 ; 0.00883004 ; 0.00647003 ; 0.0312455 ; 102.19;
21 ; 25 ; 9 ; 0.000412958 ; -0.0135428 ; 0.0227288 ; 102.43;
22 ; 25 ; 9 ; -0.000322793 ; -0.0110956 ; 0.0232646 ; 102.412;
23 ; 25 ; 9 ; -0.00820846 ; -0.0117168 ; 0.0327954 ; 102.555;
24 ; 25 ; 9 ; -0.00550515 ; -0.00824871 ; 0.0216814 ; 102.469;
25 ; 25 ; 9 ; -0.00464974 ; -0.00544667 ; 0.0208957 ; 102.765;
26 ; 25 ; 9 ; -0.0105591 ; -0.00081519 ; 0.0261235 ; 102.479;
27 ; 25 ; 9 ; -0.0101704 ; -0.0179357 ; 0.0222589 ; 102.761;
28 ; 25 ; 9 ; -0.0139344 ; -0.00449677 ; 0.0139843 ; 102.452;
29 ; 25 ; 9 ; -0.00782748 ; -0.000710971 ; 0.0198617 ; 102.795;
30 ; 25 ; 9 ; -0.0154669 ; 0.0120157 ; 0.0147171 ; 102.595;
31 ; 25 ; 9 ; -0.0149204 ; -0.0179548 ; 0.011635 ; 102.652;
32 ; 25 ; 9 ; -0.00664385 ; -0.0169146 ; 0.00854096 ; 102.203;
33 ; 25 ; 9 ; -0.00660315 ; -0.0132524 ; 0.00780579 ; 102.738;
4 ; 26 ; 9 ; -0.00898542 ; -0.0139586 ; 0.0105795 ; 103.034;
5 ; 26 ; 9 ; 0.0024883 ; -0.0208932 ; 0.00326364 ; 102.616;
6 ; 26 ; 9 ; 0.0125671 ; -0.00881702 ; 0.0163975 ; 102.467;
7 ; 26 ; 9 ; 0.0227528 ; -0.0126422 ; 0.0142096 ; 102.646;
8 ; 26 ; 9 ; 0.00613555 ; -0.00271254 ; 0.0119888 ; 102.535;
9 ; 26 ; 9 ; 0.016413 ; -0.00250324 ; 0.0185178 ; 102.712;
10 ; 26 ; 9 ; 0.0104797 ; -0.00902351 ; -0.00218537 ; 102.94;
11 ; 26 ; 9 ; 0.0192278 ; -0.00355643 ; 0.0221842 ; 102.637;
12 ; 26 ; 9 ; 0.00296317 ; -0.00520557 ; 0.0190473 ; 102.787;
13 ; 26 ; 9 ; -0.0027484 ; -0.0205365 ; 0.0274512 ; 102.276;
14 ; 26 ; 9 ; -0.00435983 ; -0.00882139 ; 0.0234577 ; 102.807;
15 ; 26 ; 9 ; 0.0158277 ; -0.0239838 ; 0.0196419 ; 102.346;
16 ; 26 ; 9 ; 0.0016772 ; -0.0134613 ; 0.0189111 ; 102.233;
17 ; 26 ; 9 ; 0.00835565 ; -0.0157823 ; 0.0133565 ; 102.175;
18 ; 26 ; 9 ; -0.00325341 ; -0.0238239 ; 0.0157527 ; 102.678;
19 ; 26 ; 9 ; 0.000662055 ; -0.0076241 ; 0.0286702 ; 101.971;
20 ; 26 ; 9 ; 0.0138238 ; -0.00923213 ; 0.0281321 ; 102.34;
21 ; 26 ; 9 ; 0.010894 ; -0.0195145 ; 0.0285693 ; 102.515;
22 ; 26 ; 9 ; -0.00346494 ; -0.016638 ; 0.0221937 ; 102.522;
23 ; 26 ; 9 ; -0.012458 ; -0.0223158 ; 0.0158346 ; 102.517;
24 ; 26 ; 9 ; -8.14594e-05 ; -0.0065044 ; 0.0273215 ; 102.548;
25 ; 26 ; 9 ; -0.00162498 ; -0.0118773 ; 0.0266707 ; 102.67;
26 ; 26 ; 9 ; -0.025819 ; -0.0302897 ; 0.0124669 ; 102.671;
27 ; 26 ; 9 ; -0.0116997 ; -0.0126896 ; 0.012757 ; 102.549;
28 ; 26 ; 9 ; -0.0184234 ; -0.018698 ; 0.014104 ; 102.872;
29 ; 26 ; 9 ; -0.0190236 ; -0.00614102 ; 0.0217069 ; 102.607;
30 ; 26 ; 9 ; -0.00803374 ; -0.00273372 ; 0.033772 ; 103.003;
31 ; 26 ; 9 ; -0.00153384 ; -0.0232768 ; 0.0143947 ; 102.444;
32 ; 26 ; 9 ; -0.0131778 ; -0.00264912 ; 0.023162 ; 102.654;
33 ; 26 ; 9 ; -0.00347664 ; 0.00650273 ; 0.012947 ; 102.672;
4 ; 27 ; 9 ; 0.00366597 ; -0.0200222 ; 0.000225513 ; 102.513;
5 ; 27 ; 9 ; 0.00694841 ; -0.0182251 ; 0.0213718 ; 102.726;
6 ; 27 ; 9 ; 0.0181681 ; -0.0176636 ; 0.0151933 ; 102.425;
7 ; 27 ; 9 ; 0.00840878 ; -0.0137837 ; 0.0230009 ; 103.103;
8 ; 27 ; 9 ; 0.0063483 ; -0.00565921 ; 0.0230321 ; 103.474;
9 ; 27 ; 9 ; 0.0228745 ; -0.010886 ; 0.0264968 ; 102.973;
10 ; 27 ; 9 ; 0.0273501 ; -0.00114397 ; 0.0232466 ; 102.821;
11 ; 27 ; 9 ; 0.019618 ; -0.0108918 ; 0.0162219 ; 102.63;
12 ; 27 ; 9 ; 0.00772174 ; -0.0080541 ; 0.0164415 ; 102.407;
13 ; 27 ; 9 ; 0.00200096 ; -0.0178237 ; 0.0142076 ; 102.615;
14 ; 27 ; 9 ; -0.00144315 ; -0.01554 ; 0.00923091 ; 102.288;
15 ; 27 ; 9 ; -0.000790854 ; -0.0202979 ; 0.00707908 ; 102.659;
16 ; 27 ; 9 ; 0.0075145 ; -0.0113887 ; 0.0153315 ; 101.914;
17 ; 27 ; 9 ; 0.00667342 ; -0.02687 ; 0.0269315 ; 101.949;
18 ; 27 ; 9 ; 0.0133252 ; -0.0178876 ; 0.0218478 ; 102.42;
19 ; 27 ; 9 ; 0.00888248 ; -0.0128313 ; 0.00890284 ; 102.052;
20 ; 27 ; 9 ; 0.00264516 ; -0.0147756 ; 0.0134938 ; 102.099;
21 ; 27 ; 9 ; 0.00694147 ; -0.0136448 ; 0.0200176 ; 102.606;
22 ; 27 ; 9 ; -0.00326508 ; -0.0335313 ; 0.0225584 ; 102.851;
23 ; 27 ; 9 ; -0.00933602 ; -0.028604 ; 0.018257 ; 102.516;
24 ; 27 ; 9 ; 0.00676295 ; -0.0107014 ; 0.00712735 ; 102.53;
25 ; 27 ; 9 ; -0.0145827 ; -0.0290912 ; 0.0225632 ; 102.594;
26 ; 27 ; 9 ; -0.0184995 ; -0.0226187 ; 0.0167062 ; 102.799;
27 ; 27 ; 9 ; -0.0125886 ; -0.0148744 ; 0.0141021 ; 102.585;
28 ; 27 ; 9 ; -0.0241391 ; -0.0213301 ; 0.0237493 ; 102.984;
29 ; 27 ; 9 ; -0.027403 ; -0.00475261 ; 0.0113517 ; 103.202;
30 ; 27 ; 9 ; -0.0143866 ; -0.0113937 ; 0.0149244 ; 102.847;
31 ; 27 ; 9 ; -0.00509091 ; -0.0106335 ; 0.025767 ; 103.184;
32 ; 27 ; 9 ; -0.00709204 ; -0.00362404 ; 0.0123667 ; 102.947;
33 ; 27 ; 9 ; -0.00921222 ; -0.00241533 ; 0.0188405 ; 102.721;
4 ; 28 ; 9 ; -0.00586755 ; -0.0204496 ; 0.024015 ; 102.76;
5 ; 28 ; 9 ; 0.00470566 ; -0.0170161 ; 0.0109398 ; 102.945;
6 ; 28 ; 9 ; 0.0173839 ; -0.0165445 ; 0.00996698 ; 103.26;
7 ; 28 ; 9 ; 0.000445808 ; -0.0165553 ; 0.00665762 ; 102.585;
8 ; 28 ; 9 ; 0.000160112 ; -0.016908 ; 0.0245731 ; 102.998;
9 ; 28 ; 9 ; 0.0206503 ; -0.024145 ; -0.00346788 ; 102.758;
10 ; 28 ; 9 ; 0.0132529 ; -0.00748955 ; 0.00325178 ; 102.323;
11 ; 28 ; 9 ; 0.0170249 ; -0.0248375 ; 0.00332861 ; 102.36;
12 ; 28 ; 9 ; 0.00529355 ; -0.0160369 ; 0.00485878 ; 102.295;
13 ; 28 ; 9 ; 0.0231561 ; -0.0253771 ; 0.0147992 ; 102.836;
14 ; 28 ; 9 ; 0.00530449 ; -0.0241752 ; 0.0107753 ; 102.973;
15 ; 28 ; 9 ; 0.0029845 ; -0.0169696 ; 0.0181095 ; 102.343;
16 ; 28 ; 9 ; 0.00297918 ; -0.0224248 ; 0.0217734 ; 102.465;
17 ; 28 ; 9 ; -0.0053936 ; -0.0166153 ; 0.0216636 ; 102.195;
18 ; 28 ; 9 ; -0.00880592 ; -0.0158644 ; 0.0177412 ; 102.483;
19 ; 28 ; 9 ; 0.00319227 ; -0.0187018 ; 0.0214053 ; 102.331;
20 ; 28 ; 9 ; 0.00319497 ; -0.0247537 ; 0.018433 ; 102.627;
21 ; 28 ; 9 ; 0.0101411 ; -0.0208871 ; 0.0262219 ; 102.228;
22 ; 28 ; 9 ; -0.00957473 ; -0.024809 ; 0.0184583 ; 102.23;
23 ; 28 ; 9 ; -0.00445656 ; -0.0168716 ; 0.0400751 ; 102.242;
24 ; 28 ; 9 ; 0.00755458 ; -0.0208915 ; 0.0217673 ; 102.247;
25 ; 28 ; 9 ; -0.00483995 ; -0.0119724 ; 0.0102803 ; 102.485;
26 ; 28 ; 9 ; -0.0135406 ; -0.00331388 ; 0.0185745 ; 103.137;
27 ; 28 ; 9 ; -0.0110349 ; -0.0148125 ; 0.0160331 ; 102.687;
28 ; 28 ; 9 ; -0.00971369 ; -0.0160697 ; 0.0208291 ; 102.738;
29 ; 28 ; 9 ; -0.00207468 ; -0.00668139 ; 0.00581641 ; 102.857;
30 ; 28 ; 9 ; -0.0149776 ; -0.0181197 ; 0.0147139 ; 102.997;
31 ; 28 ; 9 ; 0.000174734 ; -0.0129082 ; 0.0106735 ; 102.539;
32 ; 28 ; 9 ; -0.00572554 ; -0.00700428 ; 0.00542879 ; 103.068;
33 ; 28 ; 9 ; -0.00499263 ; -0.0152113 ; 0.00690266 ; 102.524;
4 ; 29 ; 9 ; -0.00518764 ; -0.0172755 ; 0.000118525 ; 102.502;
5 ; 29 ; 9 ; 0.00796027 ; -0.0130221 ; 0.00179679 ; 102.996;
6 ; 29 ; 9 ; 0.00450937 ; -0.01641 ; 0.0146616 ; 102.816;
7 ; 29 ; 9 ; 0.00976592 ; -0.00275574 ; 0.0050993 ; 102.924;
8 ; 29 ; 9 ; 0.0135041 ; -0.00348073 ; 0.0177542 ; 103.189;
9 ; 29 ; 9 ; 0.0149623 ; -0.0111033 ; 0.0144211 ; 102.773;
10 ; 29 ; 9 ; 0.0150154 ; -0.00546725 ; 0.00914576 ; 102.779;
11 ; 29 ; 9 ; 0.0187985 ; -0.0160779 ; 0.0106781 ; 103.101;
12 ; 29 ; 9 ; 0.00165858 ; -0.0276809 ; 0.0322948 ; 102.475;
13 ; 29 ; 9 ; 0.00143557 ; -0.0192792 ; 0.012694 ; 103.067;
14 ; 29 ; 9 ; 0.0040131 ; -0.0114359 ; 0.0207508 ; 102.752;
15 ; 29 ; 9 ; -0.00338282 ; -0.0246559 ; 0.0267784 ; 102.873;
16 ; 29 ; 9 ; -0.0088788 ; -0.0145287 ; 0.02015 ; 102.553;
17 ; 29 ; 9 ; 0.00452021 ; -0.016501 ; 0.0159431 ; 102.648;
18 ; 29 ; 9 ; 8.00739e-05 ; 0.00699121 ; 0.0110536 ; 102.542;
19 ; 29 ; 9 ; 0.00720741 ; -0.0221776 ; 0.0161962 ; 102.095;
20 ; 29 ; 9 ; -0.00376447 ; -0.015605 ; 0.0136459 ; 101.907;
21 ; 29 ; 9 ; -0.000463392 ; -0.00369286 ; 0.0166802 ; 103.002;
22 ; 29 ; 9 ; -0.0122752 ; -0.00794535 ; 0.0213736 ; 102.176;
23 ; 29 ; 9 ; -0.0127969 ; -0.024128 ; 0.0161243 ; 102.463;
24 ; 29 ; 9 ; -0.00921356 ; -0.0267554 ; 0.017657 ; 102.518;
25 ; 29 ; 9 ; -0.00939198 ; -0.0164511 ; 0.0086086 ; 102.732;
26 ; 29 ; 9 ; -0.00752149 ; -0.0125787 ; 0.0186419 ; 102.862;
27 ; 29 ; 9 ; 0.00140009 ; -0.0160483 ; 0.0170361 ; 102.832;
28 ; 29 ; 9 ; -0.0144468 ; -0.00722869 ; 0.00884423 ; 103.45;
29 ; 29 ; 9 ; -0.0149888 ; -0.0124262 ; 0.01307 ; 102.74;
30 ; 29 ; 9 ; -0.00630589 ; -0.00683978 ; 0.024888 ; 103.145;
31 ; 29 ; 9 ; -0.00602795 ; -0.0184642 ; 0.0188975 ; 102.684;
32 ; 29 ; 9 ; -0.00708658 ; -0.0100654 ; 0.0188655 ; 103.089;
33 ; 29 ; 9 ; -0.00105392 ; -0.0110179 ; 0.00658026 ; 102.92;
4 ; 30 ; 9 ; 0.00851923 ; -0.00220719 ; 0.0239627 ; 102.933;
5 ; 30 ; 9 ; 0.0173954 ; -0.0155448 ; 0.0150997 ; 102.566;
6 ; 30 ; 9 ; 0.0147704 ; -0.00890959 ; 0.00843816 ; 102.655;
7 ; 30 ; 9 ; 0.0151231 ; -0.00354275 ; 0.00762735 ; 102.428;
8 ; 30 ; 9 ; 0.0108216 ; 0.00554616 ; 0.000120381 ; 102.926;
9 ; 30 ; 9 ; 0.0113896 ; -0.0199619 ; 0.00416394 ; 103.077;
10 ; 30 ; 9 ; 0.0124345 ; 0.00138909 ; -0.00283332 ; 103.048;
11 ; 30 ; 9 ; 0.020488 ; -0.0115547 ; 0.000443271 ; 102.937;
12 ; 30 ; 9 ; 0.0141854 ; -0.0088691 ; 0.0138948 ; 102.7;
13 ; 30 ; 9 ; -0.00237876 ; -0.0055738 ; 0.0184228 ; 102.97;
14 ; 30 ; 9 ; -0.00280805 ; -0.0200378 ; 0.0229103 ; 102.456;
15 ; 30 ; 9 ; -0.0112654 ; -0.0159571 ; 0.0153138 ; 102.661;
16 ; 30 ; 9 ; -0.00556151 ; -0.00175614 ; 0.0270635 ; 102.521;
17 ; 30 ; 9 ; -0.0136124 ; -0.0146736 ; 0.0191944 ; 102.243;
18 ; 30 ; 9 ; -0.00424557 ; -0.00672171 ; 0.00950544 ; 102.491;
19 ; 30 ; 9 ; -0.00598154 ; -0.027433 ; 0.0134853 ; 102.655;
20 ; 30 ; 9 ; -0.00510486 ; -0.0227689 ; 0.0209288 ; 102.393;
21 ; 30 ; 9 ; 0.00151163 ; -0.0077277 ; 0.0223628 ; 102.392;
22 ; 30 ; 9 ; 0.00572269 ; -0.0229733 ; 0.023218 ; 102.633;
23 ; 30 ; 9 ; 0.00266857 ; -0.0151545 ; 0.00677241 ; 102.63;
24 ; 30 ; 9 ; -0.0162073 ; -0.0358149 ; 0.025389 ; 102.8;
25 ; 30 ; 9 ; -0.00234706 ; -0.0159046 ; 0.0238049 ; 102.183;
26 ; 30 ; 9 ; -0.00825382 ; -0.0134789 ; 0.0201017 ; 102.882;
27 ; 30 ; 9 ; -0.00392731 ; -0.00679187 ; 0.0284237 ; 103.021;
28 ; 30 ; 9 ; -0.0180142 ; 0.00541598 ; 0.0252007 ; 102.69;
29 ; 30 ; 9 ; -0.0217915 ; -0.0182966 ; 0.0117143 ; 103.059;
30 ; 30 ; 9 ; -0.00551659 ; -0.00390373 ; 0.00800319 ; 102.724;
31 ; 30 ; 9 ; 0.00465698 ; 0.00164404 ; 0.0216408 ; 103.03;
32 ; 30 ; 9 ; 0.00788531 ; -0.00770327 ; 0.0119179 ; 103.031;
33 ; 30 ; 9 ; -0.00929427 ; -0.00327091 ; 0.0140096 ; 102.655;
4 ; 31 ; 9 ; 0.00615918 ; -0.0167424 ; 0.00862232 ; 103.291;
5 ; 31 ; 9 ; 0.0070143 ; -0.0133476 ; 0.0296361 ; 102.941;
6 ; 31 ; 9 ; 0.00217156 ; -0.014573 ; 0.00259979 ; 102.9;
7 ; 31 ; 9 ; 0.0142568 ; -0.0171174 ; 0.0201429 ; 103.086;
8 ; 31 ; 9 ; 0.0194283 ; 0.00882642 ; 0.0106423 ; 102.541;
9 ; 31 ; 9 ; 0.0196876 ; -0.00811032 ; 0.00476307 ; 102.769;
10 ; 31 ; 9 ; 0.0149448 ; -0.0101987 ; 0.0131079 ; 103.003;
11 ; 31 ; 9 ; 0.0115484 ; -0.0103613 ; 0.00626676 ; 102.677;
12 ; 31 ; 9 ; 0.0012464 ; -0.00961641 ; 0.0052098 ; 102.685;
13 ; 31 ; 9 ; 0.014236 ; -0.00675408 ; 0.0238285 ; 102.653;
14 ; 31 ; 9 ; 0.0217844 ; -0.00357896 ; 0.0207989 ; 102.678;
15 ; 31 ; 9 ; -0.0162691 ; -0.0172295 ; 0.0169236 ; 102.567;
16 ; 31 ; 9 ; -0.00676006 ; -0.0103712 ; 0.0206429 ; 102.5;
17 ; 31 ; 9 ; -0.0035527 ; -0.0107824 ; 0.0265156 ; 102.573;
18 ; 31 ; 9 ; 0.00122127 ; -0.0331767 ; 0.0263034 ; 102.576;
19 ; 31 ; 9 ; -0.00990133 ; -0.015551 ; 0.022021 ; 102.431;
20 ; 31 ; 9 ; -0.00921748 ; -0.0221996 ; 0.0240619 ; 102.302;
21 ; 31 ; 9 ; 0.0077103 ; 0.0010527 ; 0.0244441 ; 102.609;
22 ; 31 ; 9 ; -0.00366178 ; 0.00193279 ; 0.0114239 ; 102.357;
23 ; 31 ; 9 ; -0.00868221 ; -0.0130694 ; 0.0141481 ; 102.546;
24 ; 31 ; 9 ; -0.0158755 ; -0.00797465 ; -0.00206073 ; 102.76;
25 ; 31 ; 9 ; -0.00599905 ; -0.00441426 ; 0.00969058 ; 102.471;
26 ; 31 ; 9 ; -0.0191043 ; -0.023097 ; 0.0284854 ; 102.909;
27 ; 31 ; 9 ; -0.0228674 ; 0.00503063 ; 0.0135249 ; 103.067;
28 ; 31 ; 9 ; -0.0115312 ; -0.00798236 ; 0.0270753 ; 102.85;
29 ; 31 ; 9 ; -0.00932876 ; -0.0169206 ; -0.00716114 ; 102.932;
30 ; 31 ; 9 ; -0.0113832 ; 0.000465543 ; 0.00319749 ; 102.972;
31 ; 31 ; 9 ; -0.0186066 ; -0.00512203 ; 2.14336e-05 ; 102.756;
32 ; 31 ; 9 ; 0.000499018 ; -0.00870425 ; 0.00616532 ; 102.416;
33 ; 31 ; 9 ; -0.00673681 ; -0.00477159 ; 0.0222971 ; 102.733;
4 ; 32 ; 9 ; -0.000171842 ; -0.0138544 ; 0.0267782 ; 102.876;
5 ; 32 ; 9 ; -0.00961374 ; -0.0112822 ; 0.0161652 ; 103.174;
6 ; 32 ; 9 ; 0.00366294 ; -0.00563361 ; 0.0112338 ; 103.153;
7 ; 32 ; 9 ; 0.0215825 ; -0.0136188 ; 0.0151639 ; 103.367;
8 ; 32 ; 9 ; 0.0141292 ; -0.0074609 ; 0.0117168 ; 103.288;
9 ; 32 ; 9 ; 0.0171877 ; 0.0022407 ; 0.0128348 ; 102.977;
10 ; 32 ; 9 ; 0.0260532 ; -0.01001 ; 0.021603 ; 102.863;
11 ; 32 ; 9 ; 0.0208863 ; 0.00524344 ; 0.0235629 ; 102.601;
12 ; 32 ; 9 ; -0.00179566 ; 0.00222849 ; 0.0234877 ; 102.806;
13 ; 32 ; 9 ; -0.00615778 ; -0.0112067 ; 0.0309961 ; 102.577;
14 ; 32 ; 9 ; 0.00727277 ; -0.0127931 ; 0.0219449 ; 102.331;
15 ; 32 ; 9 ; -0.00931036 ; -0.0153153 ; 0.0134283 ; 102.293;
16 ; 32 ; 9 ; -0.00947437 ; -0.00652926 ; 0.0115398 ; 102.404;
17 ; 32 ; 9 ; -0.000454476 ; -0.00550282 ; 0.0191095 ; 102.357;
18 ; 32 ; 9 ; -0.00474315 ; -0.0102903 ; 0.0164036 ; 102.324;
19 ; 32 ; 9 ; 0.00619522 ; -0.0161062 ; 0.0169768 ; 102.489;
20 ; 32 ; 9 ; 0.00519826 ; -0.0139445 ; 0.0203052 ; 102.327;
21 ; 32 ; 9 ; 0.00310603 ; -0.00514477 ; 0.0199726 ; 102.729;
22 ; 32 ; 9 ; 0.0111332 ; 6.24061e-05 ; 0.0220043 ; 102.508;
23 ; 32 ; 9 ; -0.00384592 ; -0.000540696 ; 0.0199799 ; 102.151;
24 ; 32 ; 9 ; -0.00898388 ; -0.0239272 ; 0.0264995 ; 102.426;
25 ; 32 ; 9 ; -0.00630012 ; 0.00561743 ; 0.0237897 ; 102.536;
26 ; 32 ; 9 ; -0.0136687 ; -0.000140132 ; 0.0240435 ; 103.181;
27 ; 32 ; 9 ; -0.00210037 ; 0.00734642 ; 0.0186595 ; 102.9;
28 ; 32 ; 9 ; -0.00452307 ; -0.000302268 ; 0.0201759 ; 102.652;
29 ; 32 ; 9 ; -0.0148276 ; -0.0112834 ; 0.0219067 ; 102.814;
30 ; 32 ; 9 ; -0.0301953 ; -0.00776336 ; 0.012153 ; 102.824;
31 ; 32 ; 9 ; -0.0148299 ; -0.013718 ; 0.0157079 ; 103.017;
32 ; 32 ; 9 ; 0.00124797 ; -0.00900349 ; 0.01702 ; 102.827;
33 ; 32 ; 9 ; -0.00794768 ; 0.0120013 ; 0.0133366 ; 102.588;
4 ; 33 ; 9 ; 0.000427302 ; -0.00552919 ; 0.0224083 ; 102.872;
5 ; 33 ; 9 ; 0.00886749 ; -0.00838055 ; 0.0100494 ; 102.822;
6 ; 33 ; 9 ; 0.0200535 ; 0.00545251 ; 0.0218528 ; 102.871;
7 ; 33 ; 9 ; 0.0179632 ; 0.00137635 ; 0.0105125 ; 103.284;
8 ; 33 ; 9 ; 0.00262441 ; -0.00473427 ; 0.00735392 ; 102.857;
9 ; 33 ; 9 ; 0.00366161 ; 0.00442292 ; 0.00863579 ; 102.744;
10 ; 33 ; 9 ; 0.0139732 ; 0.0118468 ; 0.00814205 ; 102.682;
11 ; 33 ; 9 ; 0.00161805 ; 0.00114445 ; 0.0182821 ; 102.265;
12 ; 33 ; 9 ; 0.00963181 ; 0.00333318 ; 0.0206315 ; 102.787;
13 ; 33 ; 9 ; 0.0112418 ; -0.00345351 ; 0.0179949 ; 102.278;
14 ; 33 ; 9 ; 0.00046142 ; 0.00517907 ; 0.0290556 ; 102.334;
15 ; 33 ; 9 ; 0.00707625 ; 0.00741311 ; 0.0108316 ; 102.286;
16 ; 33 ; 9 ; -0.00149656 ; 0.00196474 ; 0.020454 ; 102.196;
17 ; 33 ; 9 ; -0.00211939 ; -0.000373055 ; 0.00825424 ; 102.496;
18 ; 33 ; 9 ; 0.00694534 ; 0.00134269 ; 0.0170127 ; 102.479;
19 ; 33 ; 9 ; -0.00397538 ; -0.00436225 ; 0.0209249 ; 101.826;
20 ; 33 ; 9 ; 0.00522194 ; -0.00166322 ; 0.0220046 ; 103.072;
21 ; 33 ; 9 ; -0.00365056 ; 0.000931475 ; 0.0261581 ; 102.334;
22 ; 33 ; 9 ; 0.00386078 ; -0.0083519 ; 0.010593 ; 102.618;
23 ; 33 ; 9 ; 0.00201858 ; -0.0018549 ; 0.0224958 ; 102.476;
24 ; 33 ; 9 ; -0.0117768 ; -0.00757336 ; 0.0117543 ; 102.177;
25 ; 33 ; 9 ; 0.0011665 ; -0.00154487 ; 0.0114585 ; 102.646;
26 ; 33 ; 9 ; -0.00630687 ; -0.00651102 ; 0.0161797 ; 102.696;
27 ; 33 ; 9 ; -0.00677925 ; 0.00409527 ; 0.00804289 ; 102.618;
28 ; 33 ; 9 ; -0.00537986 ; -0.00546574 ; 0.0302571 ; 102.952;
29 ; 33 ; 9 ; -0.00745533 ; -0.0123545 ; 0.0244102 ; 102.689;
30 ; 33 ; 9 ; -0.0246226 ; -0.0119764 ; 0.017641 ; 102.65;
31 ; 33 ; 9 ; -0.0176686 ; 0.000511358 ; 0.0201556 ; 102.744;
32 ; 33 ; 9 ; 0.000982768 ; -0.0139591 ; 0.0146072 ; 102.655;
33 ; 33 ; 9 ; 0.0105076 ; 0.00655671 ; 0.00415033 ; 103.014;
4 ; 4 ; 10 ; 0.000151389 ; 0.0128877 ; 0.0182973 ; 102.821;
5 ; 4 ; 10 ; 0.0108872 ; 0.0136343 ; 0.0138034 ; 102.888;
6 ; 4 ; 10 ; 0.00924852 ; 0.00170046 ; -0.00165346 ; 103.048;
7 ; 4 ; 10 ; 0.00726688 ; 0.00106098 ; 0.00139806 ; 102.746;
8 ; 4 ; 10 ; -0.00549332 ; -0.00326942 ; 0.0195303 ; 102.812;
9 ; 4 ; 10 ; -0.00467104 ; 0.0124518 ; -0.000686942 ; 102.886;
10 ; 4 ; 10 ; 0.0103954 ; 0.0103552 ; 0.0213754 ; 102.405;
11 ; 4 ; 10 ; 0.00615437 ; -0.00232661 ; 0.0203888 ; 102.845;
12 ; 4 ; 10 ; 0.00842911 ; 0.000522482 ; -0.00224909 ; 102.996;
13 ; 4 ; 10 ; 0.0149521 ; 0.00648325 ; 0.0134654 ; 102.381;
14 ; 4 ; 10 ; -0.00798207 ; -0.00872691 ; 0.0182857 ; 102.319;
15 ; 4 ; 10 ; 0.00254282 ; 0.0145225 ; 0.009724 ; 102.483;
16 ; 4 ; 10 ; 0.00337775 ; -0.000660813 ; 0.0192838 ; 102.953;
17 ; 4 ; 10 ; -0.00560834 ; -0.00301784 ; 0.019347 ; 102.003;
18 ; 4 ; 10 ; -0.00214146 ; 0.00354826 ; 0.00833582 ; 102.752;
19 ; 4 ; 10 ; 0.00126903 ; 0.0115904 ; 0.0292193 ; 102.781;
20 ; 4 ; 10 ; -0.0094068 ; 0.00596121 ; 0.0166817 ; 102.516;
21 ; 4 ; 10 ; -0.00341788 ; -0.0019371 ; 0.00750806 ; 102.522;
22 ; 4 ; 10 ; 0.00225892 ; -0.00612112 ; 0.019491 ; 102.119;
23 ; 4 ; 10 ; 0.00515793 ; -0.00204818 ; 0.0250867 ; 102.278;
24 ; 4 ; 10 ; -0.012923 ; -0.000986768 ; 0.0256683 ; 102.369;
25 ; 4 ; 10 ; -0.0120202 ; -0.00400162 ; 0.0243294 ; 102.147;
26 ; 4 ; 10 ; -0.0047115 ; 0.00101231 ; 0.0229503 ; 102.814;
27 ; 4 ; 10 ; -0.0150756 ; -0.00455741 ; 0.0216846 ; 102.786;
28 ; 4 ; 10 ; -0.0191812 ; 0.00345511 ; 0.00168345 ; 102.654;
29 ; 4 ; 10 ; 0.00138503 ; -0.000940611 ; 0.00314689 ; 102.902;
30 ; 4 ; 10 ; -0.00208068 ; 0.00642985 ; 0.0114479 ; 103.013;
31 ; 4 ; 10 ; -0.00340439 ; -0.00150646 ; 0.0150564 ; 102.607;
32 ; 4 ; 10 ; -0.0102528 ; -0.00410974 ; 0.0203368 ; 103.216;
33 ; 4 ; 10 ; 0.00974012 ; 0.0133182 ; 0.0226017 ; 102.805;
4 ; 5 ; 10 ; 0.00584981 ; 0.0195969 ; 0.0239109 ; 102.929;
5 ; 5 ; 10 ; 0.00269188 ; 0.00945751 ; 0.0104694 ; 102.619;
6 ; 5 ; 10 ; 0.0162735 ; 0.00240006 ; -0.00348282 ; 102.762;
7 ; 5 ; 10 ; 0.0120297 ; 0.00898478 ; 0.0135497 ; 102.521;
8 ; 5 ; 10 ; 0.0171785 ; -0.000810003 ; 0.00818285 ; 103.236;
9 ; 5 ; 10 ; 0.0201368 ; 0.00571064 ; 0.011414 ; 102.759;
10 ; 5 ; 10 ; 0.0115442 ; 0.00770565 ; 0.0085429 ; 103.504;
11 ; 5 ; 10 ; -0.00422112 ; 0.00694839 ; 0.0136747 ; 102.869;
12 ; 5 ; 10 ; 0.00374612 ; 0.00499449 ; 0.0332414 ; 102.61;
13 ; 5 ; 10 ; 0.00509522 ; -0.00408617 ; 0.00634269 ; 102.668;
14 ; 5 ; 10 ; 0.0012408 ; 4.97423e-05 ; 0.0208884 ; 102.51;
15 ; 5 ; 10 ; 0.00886142 ; 0.00442368 ; 0.0205771 ; 102.244;
16 ; 5 ; 10 ; -0.000902182 ; 0.0157017 ; 0.0141386 ; 102.718;
17 ; 5 ; 10 ; -0.00462842 ; 0.0100422 ; 0.0193189 ; 102.645;
18 ; 5 ; 10 ; 0.00851666 ; 0.0159001 ; 0.0172913 ; 102.368;
19 ; 5 ; 10 ; 0.00787557 ; 0.0173836 ; 0.0189739 ; 102.471;
20 ; 5 ; 10 ; -0.00611877 ; 0.00686403 ; 0.00805303 ; 102.083;
21 ; 5 ; 10 ; 0.0114899 ; 0.0113592 ; 0.0228966 ; 101.847;
22 ; 5 ; 10 ; 0.00316614 ; 0.00824119 ; 0.00617073 ; 102.506;
23 ; 5 ; 10 ; 0.000463696 ; 0.000416678 ; 0.00625339 ; 102.644;
24 ; 5 ; 10 ; -0.00287343 ; 0.00158549 ; 0.018842 ; 102.444;
25 ; 5 ; 10 ; 0.0092344 ; -0.00302022 ; 0.0121652 ; 102.637;
26 ; 5 ; 10 ; -0.0195802 ; 0.00278616 ; 0.0206791 ; 102.367;
27 ; 5 ; 10 ; -0.0222568 ; 0.0143733 ; 0.0138768 ; 102.774;
28 ; 5 ; 10 ; -0.0127539 ; 0.00396919 ; 0.000435501 ; 103.044;
29 ; 5 ; 10 ; -0.0175237 ; 0.0124344 ; 0.00468997 ; 102.552;
30 ; 5 ; 10 ; -0.0155418 ; 0.00860055 ; 0.0132205 ; 103.242;
31 ; 5 ; 10 ; -0.0158017 ; -0.0048014 ; 0.0192412 ; 102.757;
32 ; 5 ; 10 ; -0.00889911 ; 0.00630013 ; 0.00729948 ; 102.769;
33 ; 5 ; 10 ; -0.00912842 ; 0.0145053 ; 0.0114929 ; 103.015;
4 ; 6 ; 10 ; -0.00461776 ; 0.00809088 ; 0.0165469 ; 102.745;
5 ; 6 ; 10 ; 0.00776073 ; 0.0190457 ; 0.00829444 ; 102.914;
6 ; 6 ; 10 ; 0.0132641 ; 0.0142501 ; 0.0121222 ; 102.671;
7 ; 6 ; 10 ; 0.0161574 ; 0.00812161 ; -0.00049059 ; 102.758;
8 ; 6 ; 10 ; 0.014862 ; 0.0137519 ; 0.0248805 ; 102.853;
9 ; 6 ; 10 ; 0.00854876 ; 0.0149614 ; 0.0120964 ; 103.549;
10 ; 6 ; 10 ; 0.0179743 ; 0.000650256 ; 0.0107665 ; 102.64;
11 ; 6 ; 10 ; 0.0113972 ; 0.00455721 ; 0.0076153 ; 103.056;
12 ; 6 ; 10 ; 0.0166646 ; 0.00731747 ; 0.0132671 ; 102.599;
13 ; 6 ; 10 ; 0.0202429 ; -0.00307695 ; 0.0206057 ; 102.588;
14 ; 6 ; 10 ; -0.0135995 ; 0.00308719 ; 0.0272069 ; 102.708;
15 ; 6 ; 10 ; 0.00405622 ; 0.0111464 ; 0.0186147 ; 102.566;
16 ; 6 ; 10 ; -0.0118477 ; 0.0136043 ; 0.021924 ; 102.682;
17 ; 6 ; 10 ; -0.00360352 ; 0.0240142 ; 0.0082848 ; 102.484;
18 ; 6 ; 10 ; -0.00200314 ; 0.0175655 ; 0.00625968 ; 102.83;
19 ; 6 ; 10 ; -0.0106164 ; 0.00195577 ; 0.0168218 ; 102.29;
20 ; 6 ; 10 ; -0.000735005 ; 0.00666182 ; 0.00253753 ; 102.138;
21 ; 6 ; 10 ; 0.0086863 ; 0.0170082 ; 0.0188366 ; 102.335;
22 ; 6 ; 10 ; -0.00133502 ; 0.012155 ; 0.0190671 ; 102.62;
23 ; 6 ; 10 ; 0.00639907 ; 0.0196859 ; 0.0138453 ; 102.958;
24 ; 6 ; 10 ; -0.0109389 ; 0.014294 ; 0.0277036 ; 102.734;
25 ; 6 ; 10 ; 0.00118744 ; 0.000145483 ; 0.0170535 ; 102.101;
26 ; 6 ; 10 ; -0.0174089 ; 0.0134042 ; 0.00592472 ; 103.249;
27 ; 6 ; 10 ; -0.0100169 ; 0.0187881 ; 0.0108012 ; 102.612;
28 ; 6 ; 10 ; -0.0109469 ; 0.00332754 ; 0.00108867 ; 102.271;
29 ; 6 ; 10 ; -0.0224006 ; 0.0262375 ; 0.0175714 ; 103.05;
30 ; 6 ; 10 ; -0.0224301 ; 0.0181132 ; 0.0103452 ; 102.461;
31 ; 6 ; 10 ; -0.0158075 ; 0.00824148 ; 0.0131652 ; 103.138;
32 ; 6 ; 10 ; -0.00604543 ; 0.00788671 ; 0.0221947 ; 102.358;
33 ; 6 ; 10 ; -0.0166623 ; 0.0138164 ; 0.0168567 ; 102.899;
4 ; 7 ; 10 ; 0.0085303 ; 0.012477 ; 0.00572515 ; 102.488;
5 ; 7 ; 10 ; 0.00539729 ; 0.0135155 ; 0.0126251 ; 102.876;
6 ; 7 ; 10 ; 0.002428 ; 0.00821767 ; 0.015546 ; 102.638;
7 ; 7 ; 10 ; 0.0189931 ; 0.00670023 ; 0.0205818 ; 103.404;
8 ; 7 ; 10 ; 0.0133939 ; 0.00818153 ; 0.0243254 ; 103.03;
9 ; 7 ; 10 ; 0.0162969 ; 0.0197934 ; 0.0123318 ; 103.083;
10 ; 7 ; 10 ; 0.0152477 ; 0.00891872 ; 0.0190909 ; 102.967;
11 ; 7 ; 10 ; 0.00637211 ; 0.0132567 ; 0.00457071 ; 102.91;
12 ; 7 ; 10 ; -0.00211798 ; 0.012438 ; 0.00611337 ; 103.08;
13 ; 7 ; 10 ; 0.00611425 ; 0.0153202 ; 0.0158456 ; 102.5;
14 ; 7 ; 10 ; 0.018919 ; 0.0156244 ; 0.0193136 ; 102.597;
15 ; 7 ; 10 ; -0.00853566 ; 0.0272885 ; 0.0115637 ; 102.432;
16 ; 7 ; 10 ; -0.013006 ; 0.0202662 ; 0.0112308 ; 102.529;
17 ; 7 ; 10 ; -0.0182002 ; 0.0217704 ; 0.021631 ; 102.46;
18 ; 7 ; 10 ; -0.00102277 ; 0.0144347 ; 0.0133564 ; 102.569;
19 ; 7 ; 10 ; 0.00128116 ; 0.0111837 ; 0.0141905 ; 102.225;
20 ; 7 ; 10 ; -0.00414761 ; 0.0212494 ; 0.0157333 ; 102.068;
21 ; 7 ; 10 ; 0.00419473 ; 0.0190104 ; 0.00294864 ; 102.625;
22 ; 7 ; 10 ; -0.0194563 ; 0.0132696 ; 0.0241632 ; 102.306;
23 ; 7 ; 10 ; -0.00742749 ; 0.0211767 ; 0.0249882 ; 102.386;
24 ; 7 ; 10 ; -0.0114944 ; 0.022172 ; 0.0176742 ; 102.787;
25 ; 7 ; 10 ; -0.0111757 ; 0.0230297 ; 0.00582619 ; 102.622;
26 ; 7 ; 10 ; -0.0126756 ; 0.0195782 ; 0.0150098 ; 102.971;
27 ; 7 ; 10 ; -0.0157502 ; 0.023582 ; 0.0146151 ; 102.765;
28 ; 7 ; 10 ; -0.0235669 ; 0.0132106 ; 0.00392097 ; 102.909;
29 ; 7 ; 10 ; -0.00277354 ; 0.0274852 ; 0.0145552 ; 102.913;
30 ; 7 ; 10 ; -0.0245821 ; 0.015614 ; 0.00558026 ; 102.986;
31 ; 7 ; 10 ; -0.0100585 ; 0.0204946 ; 0.000882738 ; 102.803;
32 ; 7 ; 10 ; -0.00327116 ; 0.0146472 ; 0.00354563 ; 103.312;
33 ; 7 ; 10 ; -0.00282338 ; 0.0212285 ; 0.0113951 ; 102.859;
4 ; 8 ; 10 ; 0.000730945 ; 0.021002 ; 0.0120777 ; 103.014;
5 ; 8 ; 10 ; 0.0157449 ; 0.00443891 ; 0.00164764 ; 102.89;
6 ; 8 ; 10 ; 0.0166969 ; 0.0176397 ; 0.00289637 ; 102.45;
7 ; 8 ; 10 ; 0.0116243 ; 0.00954097 ; 0.0160543 ; 102.973;
8 ; 8 ; 10 ; 0.00290941 ; 0.00233754 ; 0.0184979 ; 103.173;
9 ; 8 ; 10 ; 0.0174673 ; 0.0101212 ; 0.0104163 ; 103.221;
10 ; 8 ; 10 ; 0.0127934 ; 0.0222274 ; 0.00465786 ; 103.232;
11 ; 8 ; 10 ; 0.000782552 ; 0.0289533 ; 0.0128953 ; 102.684;
12 ; 8 ; 10 ; 0.0035089 ; 0.0261974 ; -0.000413832 ; 102.946;
13 ; 8 ; 10 ; 0.0127403 ; 0.0183929 ; 0.00967706 ; 102.453;
14 ; 8 ; 10 ; 0.00361865 ; 0.0246677 ; 0.0117739 ; 103.196;
15 ; 8 ; 10 ; 0.00862944 ; 0.0275481 ; 0.011367 ; 102.678;
16 ; 8 ; 10 ; 0.00016651 ; 0.0371536 ; 0.00324155 ; 102.604;
17 ; 8 ; 10 ; -0.00965051 ; 0.022852 ; 0.0201413 ; 102.586;
18 ; 8 ; 10 ; -0.0137341 ; 0.0188519 ; 0.0152644 ; 102.312;
19 ; 8 ; 10 ; 0.0075468 ; 0.0232604 ; 0.0211351 ; 102.434;
20 ; 8 ; 10 ; 0.0153381 ; 0.0301672 ; 0.0156054 ; 102.427;
21 ; 8 ; 10 ; -0.00679368 ; 0.0220983 ; 0.010594 ; 102.819;
22 ; 8 ; 10 ; -0.00697184 ; 0.0122558 ; 0.0143214 ; 102.589;
23 ; 8 ; 10 ; -0.0161923 ; 0.01186 ; 0.0261676 ; 102.855;
24 ; 8 ; 10 ; -0.00460224 ; 0.0138116 ; 0.0225761 ; 102.686;
25 ; 8 ; 10 ; -0.0053092 ; 0.0269722 ; 0.0187156 ; 102.427;
26 ; 8 ; 10 ; -0.00128643 ; 0.0209853 ; 0.0166718 ; 102.812;
27 ; 8 ; 10 ; -0.0150915 ; 0.00702662 ; 0.0267346 ; 103.198;
28 ; 8 ; 10 ; -0.0156159 ; 0.0174127 ; 0.0045038 ; 102.771;
29 ; 8 ; 10 ; -0.00622148 ; 0.013957 ; 0.0123638 ; 103.128;
30 ; 8 ; 10 ; -0.0105503 ; 0.0134788 ; 0.0240706 ; 102.91;
31 ; 8 ; 10 ; -0.0137959 ; 0.0165877 ; 0.0129553 ; 102.659;
32 ; 8 ; 10 ; -0.00383136 ; 0.0169652 ; 0.0267159 ; 102.925;
33 ; 8 ; 10 ; 0.00263358 ; 0.0184356 ; -0.00168774 ; 103.029;
4 ; 9 ; 10 ; -0.00225856 ; 0.0215301 ; 0.0266622 ; 102.262;
5 ; 9 ; 10 ; 0.0152121 ; 0.00779546 ; 0.0302906 ; 102.515;
6 ; 9 ; 10 ; 0.0185855 ; 0.0139123 ; 0.00603357 ; 102.927;
7 ; 9 ; 10 ; 0.0227552 ; 0.0191541 ; -0.0022637 ; 102.695;
8 ; 9 ; 10 ; 0.0245844 ; 0.0184301 ; 0.00423174 ; 103.075;
9 ; 9 ; 10 ; 0.00735051 ; 0.0225507 ; 0.0127267 ; 103.016;
10 ; 9 ; 10 ; 0.0122802 ; 0.0189363 ; 0.00863602 ; 102.658;
11 ; 9 ; 10 ; 0.0212478 ; 0.0231041 ; 0.0157397 ; 102.891;
12 ; 9 ; 10 ; 0.0123822 ; 0.0170839 ; 0.00451193 ; 102.436;
13 ; 9 ; 10 ; 0.0148128 ; 0.0125864 ; 0.0187191 ; 102.927;
14 ; 9 ; 10 ; 0.00153659 ; 0.0212065 ; 0.0254353 ; 102.365;
15 ; 9 ; 10 ; 0.00150118 ; 0.0174342 ; 0.0126368 ; 102.7;
16 ; 9 ; 10 ; -0.005055 ; 0.0274305 ; 0.0125384 ; 102.294;
17 ; 9 ; 10 ; -0.005667 ; 0.0201359 ; 0.0265846 ; 102.389;
18 ; 9 ; 10 ; 0.00177438 ; 0.033475 ; 0.0194261 ; 101.993;
19 ; 9 ; 10 ; 0.00177501 ; 0.0142654 ; 0.0176615 ; 102.066;
20 ; 9 ; 10 ; -0.00550963 ; 0.0252568 ; 0.017645 ; 102.441;
21 ; 9 ; 10 ; 0.00512187 ; 0.0103926 ; 0.0122555 ; 102.318;
22 ; 9 ; 10 ; -0.00448216 ; 0.0126295 ; 0.00987284 ; 102.285;
23 ; 9 ; 10 ; -0.0074408 ; 0.0281949 ; 0.0155816 ; 102.068;
24 ; 9 ; 10 ; -0.00542602 ; 0.0248385 ; 0.0145166 ; 103.042;
25 ; 9 ; 10 ; -0.0173033 ; 0.0118932 ; 0.0179871 ; 102.686;
26 ; 9 ; 10 ; -0.012322 ; 0.0193397 ; 0.0216174 ; 102.832;
27 ; 9 ; 10 ; -0.0149715 ; 0.013475 ; 0.0126205 ; 102.691;
28 ; 9 ; 10 ; -0.0196794 ; 0.0120298 ; 0.0103706 ; 102.712;
29 ; 9 ; 10 ; -0.0149361 ; 0.0247396 ; 0.0182688 ; 103.025;
30 ; 9 ; 10 ; -0.0171994 ; 0.0132293 ; 0.0225248 ; 102.724;
31 ; 9 ; 10 ; -0.00155121 ; 0.0101906 ; 0.0193575 ; 102.813;
32 ; 9 ; 10 ; 0.00569187 ; 0.0143675 ; 0.0273543 ; 102.537;
33 ; 9 ; 10 ; -0.00373259 ; 0.0082451 ; 0.00716543 ; 103.109;
4 ; 10 ; 10 ; 0.00782872 ; 0.0107219 ; 0.00676311 ; 102.445;
5 ; 10 ; 10 ; 0.00570157 ; 0.0146615 ; 0.0219526 ; 102.551;
6 ; 10 ; 10 ; 0.0142042 ; 0.0104854 ; 0.0195504 ; 102.925;
7 ; 10 ; 10 ; 0.0211639 ; 0.0263134 ; 0.00617986 ; 102.962;
8 ; 10 ; 10 ; 0.0132952 ; 0.00287116 ; 0.00192601 ; 103.082;
9 ; 10 ; 10 ; 0.0172926 ; 0.0186193 ; 0.000308476 ; 103.012;
10 ; 10 ; 10 ; 0.0122739 ; 0.020113 ; 0.0106417 ; 102.459;
11 ; 10 ; 10 ; 0.0209313 ; 0.0316889 ; 0.0174311 ; 102.376;
12 ; 10 ; 10 ; 0.00807655 ; 0.0201057 ; 0.0123517 ; 102.697;
13 ; 10 ; 10 ; -0.00128539 ; 0.0275612 ; 0.0105022 ; 102.3;
14 ; 10 ; 10 ; 0.00559194 ; 0.0312626 ; 0.0182063 ; 102.841;
15 ; 10 ; 10 ; 0.0141251 ; 0.0187445 ; 0.0297796 ; 102.529;
16 ; 10 ; 10 ; 0.00148662 ; 0.0167286 ; 0.0223112 ; 102.327;
17 ; 10 ; 10 ; -0.00357998 ; 0.0126395 ; 0.0182315 ; 102.313;
18 ; 10 ; 10 ; 0.00619063 ; 0.0263879 ; 0.012563 ; 102.315;
19 ; 10 ; 10 ; -0.00773687 ; 0.012066 ; 0.0297384 ; 102.358;
20 ; 10 ; 10 ; -0.000608258 ; 0.0199224 ; 0.0235045 ; 101.951;
21 ; 10 ; 10 ; -0.00406697 ; 0.0108972 ; 0.0239966 ; 102.838;
22 ; 10 ; 10 ; 0.00446028 ; 0.0134228 ; 0.0191271 ; 102.101;
23 ; 10 ; 10 ; -0.0019984 ; 0.0233904 ; 0.00827259 ; 102.132;
24 ; 10 ; 10 ; -0.00384689 ; 0.0133237 ; 0.0135977 ; 102.881;
25 ; 10 ; 10 ; -0.0030295 ; 0.0256626 ; 0.011413 ; 102.539;
26 ; 10 ; 10 ; -0.0166226 ; 0.0108346 ; 0.030631 ; 102.915;
27 ; 10 ; 10 ; -0.0133104 ; 0.0136874 ; 0.00331459 ; 102.986;
28 ; 10 ; 10 ; -0.0111332 ; 0.0139196 ; 0.00461126 ; 102.906;
29 ; 10 ; 10 ; 0.00110635 ; 0.0142788 ; 0.0243986 ; 103.255;
30 ; 10 ; 10 ; -0.0160565 ; 0.0147051 ; 0.0110899 ; 103.48;
31 ; 10 ; 10 ; -0.00977795 ; 0.0110836 ; 0.0181136 ; 102.467;
32 ; 10 ; 10 ; 0.00265303 ; 0.0149046 ; 0.0208371 ; 102.694;
33 ; 10 ; 10 ; -5.77914e-05 ; 0.0105712 ; 0.00712484 ; 102.678;
4 ; 11 ; 10 ; 0.00805325 ; 0.00877107 ; 0.0133286 ; 103.107;
5 ; 11 ; 10 ; 0.0120721 ; 0.0114889 ; 0.0282464 ; 102.717;
6 ; 11 ; 10 ; 0.0255695 ; 0.00923777 ; 0.00360851 ; 102.82;
7 ; 11 ; 10 ; 0.0232631 ; 0.00060128 ; 0.0138654 ; 102.835;
8 ; 11 ; 10 ; 0.0112825 ; 0.00875317 ; 0.0206368 ; 102.982;
9 ; 11 ; 10 ; 0.0226354 ; 0.0139226 ; 0.0156216 ; 103.188;
10 ; 11 ; 10 ; 0.0224572 ; 0.00377988 ; 0.014585 ; 102.817;
11 ; 11 ; 10 ; 0.0153195 ; 0.0148788 ; 0.0205785 ; 102.715;
12 ; 11 ; 10 ; 0.00951835 ; 0.0196457 ; 0.0274791 ; 102.539;
13 ; 11 ; 10 ; -0.0102087 ; 0.0148441 ; 0.021862 ; 102.343;
14 ; 11 ; 10 ; 0.0248836 ; 0.0231488 ; 0.0297457 ; 102.97;
15 ; 11 ; 10 ; -0.00491169 ; 0.0222685 ; 0.0323572 ; 101.808;
16 ; 11 ; 10 ; 0.00237222 ; 0.0309841 ; 0.0343521 ; 102.03;
17 ; 11 ; 10 ; -0.00479951 ; 0.0191685 ; 0.0221106 ; 102.343;
18 ; 11 ; 10 ; 0.00189012 ; 0.0105576 ; 0.0210776 ; 102.2;
19 ; 11 ; 10 ; 0.00517395 ; 0.0158267 ; 0.0189922 ; 102.094;
20 ; 11 ; 10 ; -0.0158719 ; 0.00999569 ; 0.025169 ; 102.094;
21 ; 11 ; 10 ; -0.00458728 ; 0.0106771 ; 0.0179668 ; 102.43;
22 ; 11 ; 10 ; 0.00706507 ; 0.0183599 ; 0.0316596 ; 102.225;
23 ; 11 ; 10 ; 0.00447839 ; 0.00344315 ; 0.0212651 ; 102.24;
24 ; 11 ; 10 ; -0.00140916 ; 0.0170913 ; 0.0225889 ; 102.199;
25 ; 11 ; 10 ; -0.0117626 ; 0.020067 ; 0.0151854 ; 102.837;
26 ; 11 ; 10 ; -0.0105704 ; 0.0111857 ; 0.0186323 ; 103.175;
27 ; 11 ; 10 ; -0.0204804 ; 0.0229327 ; 0.0150059 ; 102.567;
28 ; 11 ; 10 ; -0.0210217 ; 0.014226 ; 0.0161215 ; 102.549;
29 ; 11 ; 10 ; -0.00182197 ; -0.00322602 ; 0.0273627 ; 102.682;
30 ; 11 ; 10 ; -0.0169436 ; 0.00762814 ; 0.0118444 ; 102.729;
31 ; 11 ; 10 ; -0.0174928 ; -0.00139066 ; 0.0202107 ; 102.787;
32 ; 11 ; 10 ; -0.0369034 ; 0.0110921 ; 0.0112716 ; 102.673;
33 ; 11 ; 10 ; -0.000139684 ; 0.00886004 ; 0.0225765 ; 102.665;
4 ; 12 ; 10 ; -0.00512032 ; 0.00963181 ; 0.012464 ; 102.445;
5 ; 12 ; 10 ; -0.0140093 ; -0.00854884 ; 0.0264378 ; 102.838;
6 ; 12 ; 10 ; 0.0110746 ; 0.0101878 ; 0.00868358 ; 102.863;
7 ; 12 ; 10 ; 0.0131131 ; 0.00669034 ; 0.0105196 ; 102.666;
8 ; 12 ; 10 ; 0.0196401 ; 0.0165055 ; 0.0146915 ; 102.976;
9 ; 12 ; 10 ; 0.0230952 ; 0.0161441 ; 0.00879972 ; 102.918;
10 ; 12 ; 10 ; 0.0337368 ; -0.000863541 ; 0.0136519 ; 102.584;
11 ; 12 ; 10 ; 0.0161365 ; 0.0167626 ; 0.0120189 ; 102.341;
12 ; 12 ; 10 ; 0.00980049 ; 0.0115427 ; 0.0278203 ; 102.812;
13 ; 12 ; 10 ; 0.0125651 ; 0.00409523 ; 0.0223734 ; 102.217;
14 ; 12 ; 10 ; 0.00153273 ; 0.0167345 ; 0.0250519 ; 102.544;
15 ; 12 ; 10 ; -0.00377819 ; 0.00028371 ; 0.0299613 ; 102.237;
16 ; 12 ; 10 ; 0.00990092 ; 0.00812269 ; 0.0119894 ; 102.171;
17 ; 12 ; 10 ; -0.00101524 ; -0.00962802 ; 0.0177467 ; 102.054;
18 ; 12 ; 10 ; -0.00243584 ; 0.0139506 ; 0.0245939 ; 102.325;
19 ; 12 ; 10 ; 5.41874e-05 ; 0.0203261 ; 0.0106827 ; 102.309;
20 ; 12 ; 10 ; -0.005272 ; 0.0215953 ; 0.0128498 ; 102.459;
21 ; 12 ; 10 ; -0.0101353 ; 0.00929008 ; 0.0171057 ; 102.215;
22 ; 12 ; 10 ; 0.000635692 ; 0.0224588 ; 0.0219401 ; 101.903;
23 ; 12 ; 10 ; -0.00911747 ; 0.0180237 ; 0.0193242 ; 102.604;
24 ; 12 ; 10 ; -0.0094044 ; 0.019365 ; 0.0261902 ; 102.297;
25 ; 12 ; 10 ; -0.0093184 ; 0.0207893 ; 0.00968399 ; 102.656;
26 ; 12 ; 10 ; -0.022104 ; 0.00765274 ; 0.0194542 ; 102.47;
27 ; 12 ; 10 ; -0.00972679 ; 0.0127535 ; 0.0036006 ; 102.735;
28 ; 12 ; 10 ; -0.0219827 ; 0.00857251 ; 0.00945769 ; 102.765;
29 ; 12 ; 10 ; -0.00966503 ; 0.0123639 ; 0.0120248 ; 103.045;
30 ; 12 ; 10 ; -0.0277368 ; 0.000948852 ; 0.0121964 ; 103.501;
31 ; 12 ; 10 ; -0.00238793 ; 0.0108762 ; 0.015053 ; 102.8;
32 ; 12 ; 10 ; 0.00826871 ; 0.0182391 ; 0.028311 ; 102.936;
33 ; 12 ; 10 ; 0.00347168 ; 0.00269028 ; 0.0211215 ; 102.682;
4 ; 13 ; 10 ; 0.00839789 ; -0.00852049 ; 0.028442 ; 102.349;
5 ; 13 ; 10 ; 0.0069968 ; 0.000686173 ; 0.0192606 ; 102.878;
6 ; 13 ; 10 ; 0.0157082 ; -0.00512832 ; 0.0113457 ; 102.528;
7 ; 13 ; 10 ; 0.0121395 ; 0.000298958 ; 0.0165601 ; 102.361;
8 ; 13 ; 10 ; 0.00998964 ; 0.00513207 ; 0.0083322 ; 102.959;
9 ; 13 ; 10 ; 0.019951 ; 0.0136719 ; 0.0139986 ; 102.488;
10 ; 13 ; 10 ; 0.0172986 ; 0.0171471 ; 0.0253339 ; 102.601;
11 ; 13 ; 10 ; 0.0228777 ; 0.0113539 ; 0.00238894 ; 102.956;
12 ; 13 ; 10 ; 0.00947578 ; 0.0181564 ; 0.0235022 ; 102.73;
13 ; 13 ; 10 ; 0.0106518 ; 0.0102538 ; 0.0198716 ; 102.21;
14 ; 13 ; 10 ; 0.0201326 ; 0.00192215 ; 0.0159448 ; 101.912;
15 ; 13 ; 10 ; -0.000968734 ; 0.0139864 ; 0.017017 ; 102.622;
16 ; 13 ; 10 ; 0.00181977 ; 0.00501377 ; 0.0269867 ; 102.153;
17 ; 13 ; 10 ; -0.00355073 ; -0.0020308 ; 0.0150232 ; 102.166;
18 ; 13 ; 10 ; -0.00618379 ; 0.0110382 ; 0.0173379 ; 102.263;
19 ; 13 ; 10 ; -0.0110758 ; 0.00610599 ; 0.0216955 ; 102.151;
20 ; 13 ; 10 ; 0.00816788 ; 0.0126126 ; 0.0252954 ; 101.659;
21 ; 13 ; 10 ; 0.000259254 ; 0.0225502 ; 0.0231634 ; 102.074;
22 ; 13 ; 10 ; -0.00365325 ; 0.0177289 ; 0.0177483 ; 102.536;
23 ; 13 ; 10 ; -0.00830338 ; 0.0320096 ; 0.0225944 ; 101.686;
24 ; 13 ; 10 ; -0.0110228 ; 0.0084267 ; 0.0196852 ; 102.468;
25 ; 13 ; 10 ; -0.025533 ; 0.0143816 ; 0.0127141 ; 102.127;
26 ; 13 ; 10 ; -0.0136463 ; -0.00327568 ; 0.0251601 ; 102.365;
27 ; 13 ; 10 ; -0.009534 ; 0.0165694 ; 0.01899 ; 102.86;
28 ; 13 ; 10 ; -0.0211067 ; 0.00886076 ; 0.0214212 ; 102.755;
29 ; 13 ; 10 ; -0.0311156 ; -0.00275501 ; 0.0207398 ; 102.754;
30 ; 13 ; 10 ; -0.0228302 ; -0.00855376 ; 0.0197027 ; 102.535;
31 ; 13 ; 10 ; -0.0201081 ; 0.00128584 ; 0.0113773 ; 102.453;
32 ; 13 ; 10 ; -0.0116423 ; -0.00572206 ; 0.0141054 ; 102.357;
33 ; 13 ; 10 ; 0.00254576 ; 0.00558113 ; 0.0245535 ; 102.438;
4 ; 14 ; 10 ; -0.00451799 ; 0.00662151 ; 0.0148875 ; 102.533;
5 ; 14 ; 10 ; 0.00481184 ; 0.00263215 ; 0.0222592 ; 102.275;
6 ; 14 ; 10 ; 0.00909097 ; 0.0132106 ; 0.0185629 ; 102.201;
7 ; 14 ; 10 ; 0.019255 ; -6.32019e-05 ; 0.0195073 ; 102.566;
8 ; 14 ; 10 ; 0.0258927 ; 0.00155904 ; 0.00831068 ; 102.451;
9 ; 14 ; 10 ; 0.02115 ; 0.00565453 ; 0.0199742 ; 102.08;
10 ; 14 ; 10 ; 0.0245071 ; -0.00491976 ; 0.0151722 ; 102.426;
11 ; 14 ; 10 ; 0.0185475 ; 0.00466372 ; 0.0205165 ; 102.52;
12 ; 14 ; 10 ; 0.0108919 ; -0.00123083 ; 0.0251327 ; 102.486;
13 ; 14 ; 10 ; 0.0161673 ; -0.00659473 ; 0.013845 ; 102.211;
14 ; 14 ; 10 ; 0.00330616 ; 0.00475918 ; 0.0203581 ; 102.483;
15 ; 14 ; 10 ; -0.00352684 ; 0.00801734 ; 0.0231493 ; 102.238;
16 ; 14 ; 10 ; 0.00742577 ; 0.0145309 ; 0.0195085 ; 102.368;
17 ; 14 ; 10 ; 0.00397407 ; 0.00651041 ; 0.0287356 ; 102.114;
18 ; 14 ; 10 ; -0.0128089 ; -0.00364618 ; 0.011698 ; 101.978;
19 ; 14 ; 10 ; 0.00532089 ; -0.000723306 ; 0.0197156 ; 101.59;
20 ; 14 ; 10 ; -0.00459237 ; 0.0122738 ; 0.00978342 ; 101.951;
21 ; 14 ; 10 ; -0.00478347 ; 0.00529645 ; 0.0126663 ; 102.348;
22 ; 14 ; 10 ; -0.00141909 ; -0.00111868 ; 0.0272279 ; 102.281;
23 ; 14 ; 10 ; -0.00686873 ; 0.0160061 ; 0.0182477 ; 102.106;
24 ; 14 ; 10 ; -0.00495954 ; -0.00422401 ; 0.0249442 ; 101.596;
25 ; 14 ; 10 ; -0.0095537 ; 0.0155578 ; 0.0161385 ; 102.688;
26 ; 14 ; 10 ; -0.0137084 ; 0.0184535 ; 0.0175611 ; 102.273;
27 ; 14 ; 10 ; -0.0182095 ; 0.00889725 ; 0.0263645 ; 102.579;
28 ; 14 ; 10 ; -0.0144108 ; 0.0122708 ; 0.0263491 ; 102.492;
29 ; 14 ; 10 ; -0.0100697 ; -0.00610848 ; 0.0225112 ; 102.498;
30 ; 14 ; 10 ; -0.0212003 ; -0.00461519 ; 0.0201918 ; 102.484;
31 ; 14 ; 10 ; -0.0092061 ; -0.000830462 ; 0.0195496 ; 102.707;
32 ; 14 ; 10 ; -0.00290001 ; -0.0087261 ; 0.0133737 ; 102.709;
33 ; 14 ; 10 ; -0.00996232 ; 0.00673894 ; 0.0141032 ; 102.637;
4 ; 15 ; 10 ; -0.00500725 ; -0.00466967 ; 0.0114221 ; 102.385;
5 ; 15 ; 10 ; 0.0197926 ; 0.00850229 ; 0.0180908 ; 102.684;
6 ; 15 ; 10 ; 0.0104572 ; 0.00994504 ; 0.0377926 ; 102.446;
7 ; 15 ; 10 ; 0.0244374 ; 0.00431025 ; 0.011756 ; 102.984;
8 ; 15 ; 10 ; 0.0181771 ; -0.0053958 ; 0.0223942 ; 102.102;
9 ; 15 ; 10 ; 0.0145182 ; 0.00175978 ; 0.0226994 ; 102.509;
10 ; 15 ; 10 ; 0.0177847 ; 0.00523084 ; 0.0144265 ; 102.422;
11 ; 15 ; 10 ; 0.0221285 ; 0.00300556 ; 0.0133546 ; 102.203;
12 ; 15 ; 10 ; 0.0179759 ; -0.00165423 ; 0.0193404 ; 101.906;
13 ; 15 ; 10 ; 0.0176916 ; -0.00430729 ; 0.0154657 ; 102.173;
14 ; 15 ; 10 ; 0.0124121 ; 0.00495733 ; 0.0173428 ; 101.92;
15 ; 15 ; 10 ; 0.00593039 ; 0.00737472 ; 0.0283145 ; 102.146;
16 ; 15 ; 10 ; 0.0147184 ; 0.00658224 ; 0.0266232 ; 102.21;
17 ; 15 ; 10 ; -0.000856151 ; 0.0105968 ; 0.0205261 ; 101.805;
18 ; 15 ; 10 ; 0.00861622 ; 0.00385853 ; 0.0237698 ; 102.454;
19 ; 15 ; 10 ; -0.00662179 ; 0.00673398 ; 0.0219606 ; 101.89;
20 ; 15 ; 10 ; -0.0130858 ; 0.00529778 ; 0.0150297 ; 102.41;
21 ; 15 ; 10 ; -0.0140259 ; 0.00829912 ; 0.0320271 ; 101.913;
22 ; 15 ; 10 ; -0.0151949 ; -0.00369023 ; 0.029348 ; 102.351;
23 ; 15 ; 10 ; -0.00529005 ; 0.00912969 ; 0.0251795 ; 102.489;
24 ; 15 ; 10 ; 0.00522046 ; -0.00968413 ; 0.0134996 ; 102.186;
25 ; 15 ; 10 ; -0.0141175 ; 0.00141155 ; 0.0264138 ; 102.319;
26 ; 15 ; 10 ; -0.0295059 ; 0.0182618 ; 0.0269256 ; 102.578;
27 ; 15 ; 10 ; -0.0120833 ; -0.00040159 ; 0.0196831 ; 102.508;
28 ; 15 ; 10 ; -0.0360468 ; 0.00111616 ; 0.0226638 ; 103.036;
29 ; 15 ; 10 ; -0.0251801 ; 0.0102768 ; 0.0107578 ; 102.442;
30 ; 15 ; 10 ; -0.0149528 ; -0.00324035 ; 0.0185146 ; 102.094;
31 ; 15 ; 10 ; -0.0222434 ; -0.00635539 ; 0.0330935 ; 102.822;
32 ; 15 ; 10 ; -0.00351436 ; -0.0150515 ; 0.0178457 ; 102.232;
33 ; 15 ; 10 ; -0.00722738 ; 0.00299041 ; 0.0132053 ; 102.767;
4 ; 16 ; 10 ; 0.00589336 ; -0.00202008 ; 0.0195016 ; 102.188;
5 ; 16 ; 10 ; 0.00391565 ; -0.00767639 ; 0.0138552 ; 102.406;
6 ; 16 ; 10 ; 0.0139691 ; 0.00702285 ; 0.0159974 ; 102.099;
7 ; 16 ; 10 ; 0.0175845 ; -0.00551743 ; 0.0305318 ; 102.317;
8 ; 16 ; 10 ; 0.006293 ; -0.00353353 ; 0.0302572 ; 102.578;
9 ; 16 ; 10 ; 0.0190377 ; 0.0075748 ; 0.0179223 ; 102.5;
10 ; 16 ; 10 ; 0.0181438 ; 0.00337242 ; 0.0116056 ; 102.588;
11 ; 16 ; 10 ; 0.0207269 ; -0.00291353 ; 0.0222971 ; 102.143;
12 ; 16 ; 10 ; 0.0117916 ; 0.00622472 ; 0.0216244 ; 102.2;
13 ; 16 ; 10 ; 0.0106375 ; 0.00314757 ; 0.0199729 ; 102.298;
14 ; 16 ; 10 ; -0.00685179 ; -0.00736954 ; 0.0331047 ; 102.101;
15 ; 16 ; 10 ; -0.00708704 ; -0.00463292 ; 0.0260621 ; 102.258;
16 ; 16 ; 10 ; 0.0125979 ; 0.0165224 ; 0.0342931 ; 101.599;
17 ; 16 ; 10 ; -0.0126259 ; 0.00620011 ; 0.0377184 ; 102.296;
18 ; 16 ; 10 ; 0.0063309 ; 0.0167544 ; 0.0203609 ; 101.665;
19 ; 16 ; 10 ; -0.00537943 ; 0.00684222 ; 0.0325913 ; 101.974;
20 ; 16 ; 10 ; 0.0146641 ; -0.00807927 ; 0.0306467 ; 102.072;
21 ; 16 ; 10 ; 0.0123872 ; 0.0101297 ; 0.0193337 ; 102.15;
22 ; 16 ; 10 ; -0.0107968 ; -0.00557895 ; 0.0184974 ; 102.329;
23 ; 16 ; 10 ; -0.00688141 ; -0.00251464 ; 0.0349471 ; 102.186;
24 ; 16 ; 10 ; 0.0039379 ; -0.00685703 ; 0.0242256 ; 102.032;
25 ; 16 ; 10 ; -0.0178098 ; 0.00358685 ; 0.0284017 ; 102.249;
26 ; 16 ; 10 ; -0.0146147 ; 0.000352532 ; 0.0238248 ; 102.159;
27 ; 16 ; 10 ; -0.020774 ; 0.00308006 ; 0.0214692 ; 102.224;
28 ; 16 ; 10 ; -0.0239076 ; -0.0060035 ; 0.0125707 ; 102.398;
29 ; 16 ; 10 ; -0.0196072 ; -0.00447082 ; 0.0175225 ; 102.386;
30 ; 16 ; 10 ; -0.00992487 ; 0.00885216 ; 0.0228417 ; 102.049;
31 ; 16 ; 10 ; -0.0178519 ; 0.00264898 ; 0.0134545 ; 102.364;
32 ; 16 ; 10 ; -0.0109376 ; -0.0132288 ; 0.0234066 ; 102.433;
33 ; 16 ; 10 ; -0.0115612 ; -0.00931777 ; 0.0195889 ; 102.448;
4 ; 17 ; 10 ; 0.0109567 ; 0.00274362 ; 0.0228465 ; 102.472;
5 ; 17 ; 10 ; 0.00868323 ; 0.000962468 ; 0.00634821 ; 101.982;
6 ; 17 ; 10 ; 0.0219519 ; -0.00187647 ; 0.00841732 ; 102.319;
7 ; 17 ; 10 ; 0.016167 ; 0.0042212 ; 0.0303135 ; 102.844;
8 ; 17 ; 10 ; 0.00785011 ; 0.00087401 ; 0.0231034 ; 102.667;
9 ; 17 ; 10 ; 0.0173457 ; -0.00574071 ; 0.0258224 ; 102.275;
10 ; 17 ; 10 ; 0.0188204 ; 0.00410506 ; 0.014733 ; 102.568;
11 ; 17 ; 10 ; 0.0121556 ; 0.00722146 ; 0.00215115 ; 102.253;
12 ; 17 ; 10 ; 0.00974263 ; 0.00225133 ; 0.00988754 ; 101.998;
13 ; 17 ; 10 ; 0.00751533 ; 0.0225783 ; 0.0282816 ; 102.116;
14 ; 17 ; 10 ; 0.0132181 ; -0.00604546 ; 0.0296906 ; 102.205;
15 ; 17 ; 10 ; -0.00316391 ; -9.75523e-05 ; 0.0387234 ; 102.125;
16 ; 17 ; 10 ; -0.00648345 ; 0.00409663 ; 0.0241986 ; 102.044;
17 ; 17 ; 10 ; -0.00014568 ; 0.0109342 ; 0.0212164 ; 101.993;
18 ; 17 ; 10 ; 0.00710516 ; 0.0265309 ; 0.0218919 ; 101.705;
19 ; 17 ; 10 ; 0.00740626 ; -0.00618661 ; 0.0264502 ; 102.394;
20 ; 17 ; 10 ; 0.00131216 ; -0.0122872 ; 0.0315317 ; 101.849;
21 ; 17 ; 10 ; 0.00556797 ; 0.00883637 ; 0.0232547 ; 102.142;
22 ; 17 ; 10 ; 0.00912831 ; -0.00273007 ; 0.029297 ; 101.939;
23 ; 17 ; 10 ; -0.00168642 ; 0.00180957 ; 0.0184564 ; 102.352;
24 ; 17 ; 10 ; -0.0126412 ; -0.000418441 ; 0.0298831 ; 102.483;
25 ; 17 ; 10 ; -0.0110746 ; -0.00800154 ; 0.0254371 ; 102.401;
26 ; 17 ; 10 ; -0.0141223 ; 0.00204078 ; 0.0211869 ; 102.511;
27 ; 17 ; 10 ; -0.0145072 ; -0.0056851 ; 0.0219284 ; 102.726;
28 ; 17 ; 10 ; -0.0294138 ; 0.00171142 ; 0.0171056 ; 102.488;
29 ; 17 ; 10 ; -0.0205631 ; 0.00343143 ; 0.00803966 ; 102.618;
30 ; 17 ; 10 ; -0.0234953 ; 0.00433061 ; 0.0185119 ; 102.165;
31 ; 17 ; 10 ; -0.0345398 ; 0.00376331 ; 0.0264288 ; 102.571;
32 ; 17 ; 10 ; -0.0191765 ; -0.00245442 ; 0.0145912 ; 102.38;
33 ; 17 ; 10 ; -0.00438885 ; 0.00281355 ; 0.0152942 ; 102.689;
4 ; 18 ; 10 ; 0.0116298 ; 0.0116439 ; 0.0193336 ; 102.215;
5 ; 18 ; 10 ; 0.0113458 ; -0.000184997 ; 0.0161286 ; 102.489;
6 ; 18 ; 10 ; 0.0143989 ; -0.0170839 ; 0.0190604 ; 102.07;
7 ; 18 ; 10 ; 0.0236911 ; 0.0075651 ; 0.0195186 ; 102.197;
8 ; 18 ; 10 ; 0.0306534 ; 0.00140823 ; 0.0200384 ; 102.289;
9 ; 18 ; 10 ; 0.0196982 ; 0.00105763 ; 0.0200466 ; 102.436;
10 ; 18 ; 10 ; 0.0234209 ; -0.00524014 ; 0.0164261 ; 102.593;
11 ; 18 ; 10 ; 0.00355694 ; -0.00374371 ; 0.0183075 ; 102.4;
12 ; 18 ; 10 ; 0.0158131 ; -0.0129634 ; 0.0280947 ; 102.055;
13 ; 18 ; 10 ; 0.0201308 ; 0.00361776 ; 0.0192129 ; 102.218;
14 ; 18 ; 10 ; 0.00946768 ; 0.00597419 ; 0.0336014 ; 101.555;
15 ; 18 ; 10 ; -0.000605282 ; 0.00130558 ; 0.0254317 ; 102.101;
16 ; 18 ; 10 ; -0.00653253 ; -0.00952143 ; 0.0285862 ; 101.38;
17 ; 18 ; 10 ; 0.00038209 ; -0.00118847 ; 0.0137127 ; 101.934;
18 ; 18 ; 10 ; 0.0068231 ; -0.0104101 ; 0.0257197 ; 101.697;
19 ; 18 ; 10 ; -0.00246438 ; 0.00612358 ; 0.0309951 ; 101.789;
20 ; 18 ; 10 ; -0.00807378 ; 0.00329025 ; 0.0214872 ; 102.001;
21 ; 18 ; 10 ; -0.00404294 ; -0.00647045 ; 0.0321727 ; 101.831;
22 ; 18 ; 10 ; -0.0116619 ; -0.00628894 ; 0.0199438 ; 101.773;
23 ; 18 ; 10 ; -0.0212373 ; 0.00612048 ; 0.0224653 ; 102.01;
24 ; 18 ; 10 ; -0.0137558 ; 0.00417883 ; 0.0240365 ; 101.975;
25 ; 18 ; 10 ; -0.0120662 ; 0.010337 ; 0.0149655 ; 102.39;
26 ; 18 ; 10 ; -0.0175796 ; -0.00328697 ; 0.025229 ; 101.823;
27 ; 18 ; 10 ; -0.0136807 ; -0.00121722 ; 0.024552 ; 102.497;
28 ; 18 ; 10 ; -0.0165393 ; -0.012008 ; 0.0187588 ; 101.931;
29 ; 18 ; 10 ; -0.0319272 ; 0.00572195 ; 0.0223721 ; 101.995;
30 ; 18 ; 10 ; -0.0112818 ; -0.00354487 ; 0.0147624 ; 102.244;
31 ; 18 ; 10 ; -0.0112971 ; -0.00606915 ; 0.0147347 ; 102.423;
32 ; 18 ; 10 ; -0.0116972 ; -0.00197999 ; 0.00938484 ; 102.355;
33 ; 18 ; 10 ; -0.0102414 ; 0.0105299 ; 0.0163734 ; 102.266;
4 ; 19 ; 10 ; 0.0105346 ; -0.00922524 ; 0.0107443 ; 102.648;
5 ; 19 ; 10 ; 0.020065 ; -0.004773 ; 0.00847141 ; 102.1;
6 ; 19 ; 10 ; 0.00789859 ; -0.00179793 ; 0.0325386 ; 102.565;
7 ; 19 ; 10 ; 0.00403547 ; -0.00538166 ; 0.0131867 ; 102.485;
8 ; 19 ; 10 ; 0.0198656 ; -0.0118964 ; 0.0113737 ; 102.287;
9 ; 19 ; 10 ; 0.0236741 ; 0.00230355 ; 0.0182948 ; 102.306;
10 ; 19 ; 10 ; 0.0212857 ; -0.000877196 ; 0.0263658 ; 102.108;
11 ; 19 ; 10 ; 0.0173962 ; -0.0185518 ; 0.026915 ; 102.696;
12 ; 19 ; 10 ; 0.00672722 ; -0.00541402 ; 0.0298388 ; 101.603;
13 ; 19 ; 10 ; -0.00351001 ; -0.00245756 ; 0.0199338 ; 101.744;
14 ; 19 ; 10 ; 0.00203454 ; 0.0192768 ; 0.0212551 ; 102.088;
15 ; 19 ; 10 ; 0.00397991 ; 0.0134169 ; 0.0261688 ; 101.72;
16 ; 19 ; 10 ; -0.00702672 ; -0.00985893 ; 0.0206078 ; 101.637;
17 ; 19 ; 10 ; -0.00854618 ; 0.00202044 ; 0.00764536 ; 101.829;
18 ; 19 ; 10 ; 0.0041302 ; -0.00261541 ; 0.0289111 ; 102.18;
19 ; 19 ; 10 ; -0.00568447 ; -0.00248573 ; 0.0283043 ; 102.049;
20 ; 19 ; 10 ; -0.00159615 ; -0.0021927 ; 0.0310863 ; 101.868;
21 ; 19 ; 10 ; -0.00541478 ; -0.0010314 ; 0.0326877 ; 101.979;
22 ; 19 ; 10 ; -0.00595627 ; -0.00296839 ; 0.0265684 ; 102.454;
23 ; 19 ; 10 ; -0.017553 ; -0.0154932 ; 0.0241232 ; 102.121;
24 ; 19 ; 10 ; -0.0135575 ; -0.00281568 ; 0.0122245 ; 102.201;
25 ; 19 ; 10 ; -0.0137377 ; -0.000435708 ; 0.0245363 ; 102.281;
26 ; 19 ; 10 ; -0.0237893 ; 0.00105009 ; 0.0186445 ; 102.358;
27 ; 19 ; 10 ; -0.0175538 ; -0.00807088 ; 0.02408 ; 102.74;
28 ; 19 ; 10 ; -0.0279292 ; -0.00725714 ; 0.0120642 ; 102.37;
29 ; 19 ; 10 ; -0.031661 ; -0.00744893 ; 0.01765 ; 102.41;
30 ; 19 ; 10 ; -0.0231279 ; -0.00514594 ; 0.0260213 ; 101.917;
31 ; 19 ; 10 ; -0.0181827 ; -0.0015951 ; 0.0163461 ; 101.891;
32 ; 19 ; 10 ; -0.00609532 ; 0.00653987 ; 0.0094461 ; 102.733;
33 ; 19 ; 10 ; -0.0112386 ; 0.00383065 ; 0.00673482 ; 102.051;
4 ; 20 ; 10 ; -0.00136992 ; 0.0101841 ; 0.0144855 ; 102.092;
5 ; 20 ; 10 ; 0.00848074 ; 0.00381584 ; 0.0163323 ; 102.414;
6 ; 20 ; 10 ; 0.0230492 ; -0.00550656 ; 0.0131783 ; 102.118;
7 ; 20 ; 10 ; 0.0144329 ; -0.0098531 ; 0.0273496 ; 102.331;
8 ; 20 ; 10 ; 0.0204927 ; 0.00300895 ; 0.0188165 ; 102.544;
9 ; 20 ; 10 ; 0.0146309 ; -0.0015112 ; 0.0265056 ; 102.217;
10 ; 20 ; 10 ; 0.0299935 ; 0.0232822 ; 0.0253657 ; 102.408;
11 ; 20 ; 10 ; 0.0294392 ; 0.00475249 ; 0.0260052 ; 102.559;
12 ; 20 ; 10 ; 0.0244653 ; 0.00877291 ; 0.0239309 ; 101.954;
13 ; 20 ; 10 ; 0.0295984 ; 0.00654563 ; 0.0172107 ; 102.443;
14 ; 20 ; 10 ; 0.00386722 ; 0.00438451 ; 0.0282316 ; 102.039;
15 ; 20 ; 10 ; 0.00357354 ; -0.000440144 ; 0.0253679 ; 102.166;
16 ; 20 ; 10 ; -0.000277136 ; -0.0050533 ; 0.0205063 ; 101.675;
17 ; 20 ; 10 ; -0.0073318 ; 0.0047015 ; 0.0312325 ; 101.995;
18 ; 20 ; 10 ; -0.00982156 ; 0.0131262 ; 0.0241337 ; 101.98;
19 ; 20 ; 10 ; -0.00444959 ; -0.0185568 ; 0.0397257 ; 101.756;
20 ; 20 ; 10 ; -0.0040873 ; 0.00107587 ; 0.026314 ; 102.093;
21 ; 20 ; 10 ; -0.00266365 ; -0.00906415 ; 0.0396568 ; 101.606;
22 ; 20 ; 10 ; -8.2481e-05 ; -0.00187378 ; 0.0173579 ; 101.766;
23 ; 20 ; 10 ; -0.00287247 ; -0.0099903 ; 0.0266279 ; 101.773;
24 ; 20 ; 10 ; -0.00275288 ; -0.0126888 ; 0.023143 ; 101.659;
25 ; 20 ; 10 ; -0.0177335 ; 0.0101701 ; 0.026233 ; 102.192;
26 ; 20 ; 10 ; -0.0064443 ; -0.00229539 ; 0.0400539 ; 102.895;
27 ; 20 ; 10 ; -0.0065889 ; -0.0106579 ; 0.0109326 ; 101.976;
28 ; 20 ; 10 ; -0.0135041 ; 0.000304039 ; 0.0179247 ; 102.369;
29 ; 20 ; 10 ; -0.0143392 ; -0.0116463 ; 0.016778 ; 102.281;
30 ; 20 ; 10 ; -0.0173316 ; -0.00581422 ; 0.0194989 ; 102.147;
31 ; 20 ; 10 ; -0.018858 ; 0.00597669 ; 0.0153363 ; 102.392;
32 ; 20 ; 10 ; -0.00887389 ; 0.00718986 ; 0.0167564 ; 102.623;
33 ; 20 ; 10 ; -0.0109659 ; 0.00345587 ; 0.0078945 ; 102.272;
4 ; 21 ; 10 ; 0.0104884 ; 0.0106678 ; 0.0185978 ; 102.689;
5 ; 21 ; 10 ; 0.00324684 ; 0.00523313 ; 0.0115117 ; 102.457;
6 ; 21 ; 10 ; 0.0113861 ; 0.0147632 ; 0.00162317 ; 102.217;
7 ; 21 ; 10 ; 0.0321621 ; 0.00849861 ; 0.0143287 ; 102.631;
8 ; 21 ; 10 ; 0.0187808 ; 0.000448126 ; 0.0133331 ; 102.425;
9 ; 21 ; 10 ; 0.0200118 ; 0.00241274 ; 0.0276854 ; 102.721;
10 ; 21 ; 10 ; 0.0192296 ; 0.00647252 ; 0.0249914 ; 102.321;
11 ; 21 ; 10 ; 0.0133762 ; -0.00272825 ; 0.017876 ; 102.22;
12 ; 21 ; 10 ; 0.00361068 ; -0.0172149 ; 0.0211091 ; 102.047;
13 ; 21 ; 10 ; 0.00792546 ; 0.0064579 ; 0.0239362 ; 102.128;
14 ; 21 ; 10 ; 0.0143866 ; 0.000256126 ; 0.0290806 ; 101.898;
15 ; 21 ; 10 ; -0.00125196 ; -0.00949198 ; 0.0162914 ; 102.246;
16 ; 21 ; 10 ; 0.00404897 ; 0.0112403 ; 0.0170104 ; 101.624;
17 ; 21 ; 10 ; 0.00610716 ; -0.00620851 ; 0.0284679 ; 102.008;
18 ; 21 ; 10 ; 0.00673806 ; -0.00148959 ; 0.0166761 ; 101.855;
19 ; 21 ; 10 ; -0.00212201 ; -0.000775478 ; 0.0175416 ; 102.331;
20 ; 21 ; 10 ; 0.0101355 ; -0.00867745 ; 0.0215783 ; 101.806;
21 ; 21 ; 10 ; -0.00670872 ; -0.0102134 ; 0.0357746 ; 101.8;
22 ; 21 ; 10 ; -0.000193312 ; 0.0019179 ; 0.0222774 ; 102.426;
23 ; 21 ; 10 ; -0.00965029 ; -0.0115128 ; 0.0303085 ; 101.745;
24 ; 21 ; 10 ; -0.00837549 ; -0.00122101 ; 0.030241 ; 102.323;
25 ; 21 ; 10 ; -0.0170825 ; 0.014979 ; 0.0213077 ; 102.378;
26 ; 21 ; 10 ; -0.0232066 ; -0.00154563 ; 0.014254 ; 101.907;
27 ; 21 ; 10 ; -0.0243189 ; -0.00338811 ; 0.0309966 ; 102.379;
28 ; 21 ; 10 ; -0.0270938 ; 0.0061048 ; 0.0238541 ; 102.453;
29 ; 21 ; 10 ; -0.0177599 ; 0.00197302 ; 0.011748 ; 102.711;
30 ; 21 ; 10 ; -0.0177994 ; -0.0105933 ; 0.0193956 ; 102.371;
31 ; 21 ; 10 ; -0.0133212 ; -0.00250082 ; 0.029771 ; 102.34;
32 ; 21 ; 10 ; -0.00661902 ; 0.0119904 ; 0.0213573 ; 101.847;
33 ; 21 ; 10 ; 9.22739e-05 ; 0.000948908 ; 0.015084 ; 101.825;
4 ; 22 ; 10 ; -0.00147192 ; 0.0112271 ; 0.0204088 ; 102.706;
5 ; 22 ; 10 ; 0.00994864 ; -0.0137399 ; 0.0129139 ; 102.135;
6 ; 22 ; 10 ; 0.00524503 ; 0.000993037 ; 0.0143726 ; 102.46;
7 ; 22 ; 10 ; 0.030648 ; 0.00906009 ; 0.0019766 ; 102.277;
8 ; 22 ; 10 ; 0.0204745 ; 0.00348206 ; 0.00622198 ; 102.845;
9 ; 22 ; 10 ; 0.0206687 ; -0.00336819 ; 0.0240273 ; 102.48;
10 ; 22 ; 10 ; 0.0255325 ; -0.0022093 ; 0.0333044 ; 102.24;
11 ; 22 ; 10 ; 0.0114798 ; -0.0110076 ; 0.0231452 ; 102.443;
12 ; 22 ; 10 ; 0.0124396 ; -0.00241403 ; 0.00760998 ; 102.095;
13 ; 22 ; 10 ; 0.0180665 ; -0.00533848 ; 0.0179629 ; 102.266;
14 ; 22 ; 10 ; -0.000279105 ; 0.00283767 ; 0.0304754 ; 102.402;
15 ; 22 ; 10 ; 0.00301927 ; 0.0123556 ; 0.013321 ; 101.995;
16 ; 22 ; 10 ; 0.0117373 ; 0.00643123 ; 0.0281912 ; 102.054;
17 ; 22 ; 10 ; 0.00258502 ; -0.00436644 ; 0.032029 ; 101.914;
18 ; 22 ; 10 ; -0.00670484 ; 0.00257613 ; 0.0252619 ; 101.926;
19 ; 22 ; 10 ; -0.00122054 ; -0.0152496 ; 0.0202798 ; 101.653;
20 ; 22 ; 10 ; 0.0112136 ; -0.00523698 ; 0.0212533 ; 102.207;
21 ; 22 ; 10 ; 0.00702863 ; -0.0130615 ; 0.025485 ; 101.603;
22 ; 22 ; 10 ; -0.00864578 ; 0.00101114 ; 0.0153191 ; 102.116;
23 ; 22 ; 10 ; -0.0059565 ; -0.00759376 ; 0.0284876 ; 102.476;
24 ; 22 ; 10 ; -0.00568784 ; -0.00892573 ; 0.0272059 ; 102.266;
25 ; 22 ; 10 ; -0.0242706 ; 0.00326633 ; 0.0273661 ; 101.639;
26 ; 22 ; 10 ; -0.0292878 ; 0.00212639 ; 0.0369002 ; 102.254;
27 ; 22 ; 10 ; -0.0217823 ; -0.00564105 ; 0.0219709 ; 102.712;
28 ; 22 ; 10 ; -0.0176958 ; -0.00895653 ; 0.0150034 ; 102.546;
29 ; 22 ; 10 ; -0.0120428 ; -0.00586661 ; 0.0253962 ; 102.522;
30 ; 22 ; 10 ; -0.0136644 ; -0.00425396 ; 0.0191249 ; 102.538;
31 ; 22 ; 10 ; -0.0181023 ; 0.000534608 ; 0.0230596 ; 102.041;
32 ; 22 ; 10 ; -0.00712873 ; -0.00530751 ; 0.0205907 ; 102.64;
33 ; 22 ; 10 ; 0.00335582 ; 0.001041 ; 0.005705 ; 102.31;
4 ; 23 ; 10 ; 0.0147495 ; -0.00723796 ; 0.0198227 ; 102.722;
5 ; 23 ; 10 ; 0.0177805 ; 0.00799827 ; 0.0184466 ; 102.932;
6 ; 23 ; 10 ; 0.0248549 ; 0.00545039 ; 0.00934147 ; 102.721;
7 ; 23 ; 10 ; 0.017106 ; 0.00189828 ; 0.0325303 ; 102.371;
8 ; 23 ; 10 ; 0.022449 ; 0.00136213 ; 0.00866966 ; 102.403;
9 ; 23 ; 10 ; 0.0124099 ; 0.0101074 ; 0.0126121 ; 102.28;
10 ; 23 ; 10 ; 0.0227012 ; -0.00903986 ; 0.0251792 ; 102.183;
11 ; 23 ; 10 ; 0.0117597 ; -0.00929846 ; 0.0265118 ; 102.568;
12 ; 23 ; 10 ; 0.0179639 ; -0.000931483 ; 0.029483 ; 102.195;
13 ; 23 ; 10 ; 0.0047992 ; 0.00717582 ; 0.0203508 ; 102.363;
14 ; 23 ; 10 ; 0.00705396 ; -0.00405329 ; 0.0327005 ; 102.4;
15 ; 23 ; 10 ; -0.00017845 ; -0.00988198 ; 0.0202824 ; 102.207;
16 ; 23 ; 10 ; 0.0102264 ; -0.0102542 ; 0.0171518 ; 101.964;
17 ; 23 ; 10 ; 0.00768455 ; -0.00135916 ; 0.0159099 ; 102.003;
18 ; 23 ; 10 ; 0.00661257 ; -0.0141828 ; 0.0255217 ; 101.971;
19 ; 23 ; 10 ; 0.0146583 ; -0.00948422 ; 0.0219512 ; 101.901;
20 ; 23 ; 10 ; 0.00275728 ; -0.00485101 ; 0.0220595 ; 101.873;
21 ; 23 ; 10 ; 0.00151084 ; -0.00461077 ; 0.0351709 ; 102.176;
22 ; 23 ; 10 ; -1.62982e-05 ; -0.0106379 ; 0.0234426 ; 102.157;
23 ; 23 ; 10 ; -0.0019747 ; -0.00577672 ; 0.0183463 ; 101.869;
24 ; 23 ; 10 ; -0.00325508 ; -0.00528758 ; 0.0286917 ; 102.151;
25 ; 23 ; 10 ; -0.00347535 ; 0.00841551 ; 0.0270188 ; 102.37;
26 ; 23 ; 10 ; -0.0167942 ; -0.00759101 ; 0.0289326 ; 102.279;
27 ; 23 ; 10 ; -0.0353926 ; 0.0107164 ; 0.0242689 ; 102.8;
28 ; 23 ; 10 ; -0.0189357 ; -0.00513272 ; 0.0218893 ; 103.061;
29 ; 23 ; 10 ; -0.000155687 ; -0.00266388 ; 0.0134139 ; 102.561;
30 ; 23 ; 10 ; -0.0132114 ; -0.00573854 ; 0.00893475 ; 102.975;
31 ; 23 ; 10 ; -0.0182631 ; -0.00565924 ; 0.0124799 ; 101.912;
32 ; 23 ; 10 ; -0.0107014 ; -0.00622473 ; 0.0182083 ; 102.324;
33 ; 23 ; 10 ; 0.00991272 ; -0.0127019 ; 0.016514 ; 101.982;
4 ; 24 ; 10 ; 0.00813157 ; -0.0112955 ; 0.0294807 ; 102.328;
5 ; 24 ; 10 ; 0.00717629 ; -0.00686443 ; 0.0144515 ; 102.316;
6 ; 24 ; 10 ; 0.0126286 ; -0.00315108 ; -0.000821319 ; 102.753;
7 ; 24 ; 10 ; 0.0207094 ; -0.00773432 ; 0.00989287 ; 102.7;
8 ; 24 ; 10 ; 0.0333395 ; -0.0138188 ; 0.00586803 ; 102.697;
9 ; 24 ; 10 ; 0.0268176 ; 0.00545734 ; 0.0283233 ; 102.443;
10 ; 24 ; 10 ; 0.0271097 ; -0.0114664 ; 0.019788 ; 102.926;
11 ; 24 ; 10 ; 0.0148929 ; -0.0122893 ; 0.010094 ; 102.478;
12 ; 24 ; 10 ; 0.0156128 ; -0.00799935 ; 0.0274133 ; 102.511;
13 ; 24 ; 10 ; 0.00185967 ; -0.0107047 ; 0.0222995 ; 102.524;
14 ; 24 ; 10 ; 0.00769039 ; -0.00704947 ; 0.0231804 ; 102.16;
15 ; 24 ; 10 ; 0.00339924 ; -0.0203461 ; 0.0304236 ; 102.739;
16 ; 24 ; 10 ; 0.00294201 ; -0.0201818 ; 0.0148207 ; 102.416;
17 ; 24 ; 10 ; 0.0146864 ; -0.0179833 ; 0.0227205 ; 102.432;
18 ; 24 ; 10 ; -0.0010118 ; -0.00810417 ; 0.0279192 ; 102.021;
19 ; 24 ; 10 ; -0.00183143 ; -0.0232269 ; 0.025644 ; 102.145;
20 ; 24 ; 10 ; -0.018501 ; -0.00875438 ; 0.0154709 ; 102.119;
21 ; 24 ; 10 ; 0.00263802 ; -0.00980469 ; 0.0382595 ; 102.251;
22 ; 24 ; 10 ; -0.0065713 ; 0.0123939 ; 0.01827 ; 102.19;
23 ; 24 ; 10 ; -0.00439038 ; -0.00433888 ; 0.0298958 ; 102.254;
24 ; 24 ; 10 ; -0.01285 ; -0.00847754 ; 0.0251426 ; 102.392;
25 ; 24 ; 10 ; -0.0114256 ; -0.00308268 ; 0.0153087 ; 102.456;
26 ; 24 ; 10 ; -0.00900137 ; -0.0105148 ; 0.0332666 ; 102.629;
27 ; 24 ; 10 ; -0.00434284 ; -0.00592636 ; 0.0239913 ; 103.032;
28 ; 24 ; 10 ; -0.00866049 ; -0.00611057 ; 0.0138946 ; 102.333;
29 ; 24 ; 10 ; -0.0183875 ; 0.000551171 ; 0.0120448 ; 102.591;
30 ; 24 ; 10 ; -0.0201277 ; -0.0112242 ; 0.0264734 ; 102.606;
31 ; 24 ; 10 ; -0.0129706 ; -0.0031321 ; 0.0237976 ; 102.455;
32 ; 24 ; 10 ; 0.00598454 ; -0.00178968 ; 0.0263394 ; 102.32;
33 ; 24 ; 10 ; -0.0042991 ; -0.0100686 ; 0.0032099 ; 102.235;
4 ; 25 ; 10 ; 0.00118508 ; -0.00998625 ; 0.0224578 ; 102.746;
5 ; 25 ; 10 ; 0.00489424 ; 0.0074043 ; 0.0185244 ; 102.687;
6 ; 25 ; 10 ; 0.0134365 ; -0.0179556 ; 0.0119662 ; 103.083;
7 ; 25 ; 10 ; 0.0184709 ; -0.0125668 ; 0.00168215 ; 103.003;
8 ; 25 ; 10 ; 0.0254959 ; -0.00369761 ; 0.00611858 ; 102.656;
9 ; 25 ; 10 ; 0.019199 ; -0.018497 ; 0.0158682 ; 102.76;
10 ; 25 ; 10 ; 0.0151178 ; -0.0153618 ; 0.021531 ; 102.935;
11 ; 25 ; 10 ; 0.00738902 ; -0.00940999 ; 0.0155685 ; 103.133;
12 ; 25 ; 10 ; 0.00710123 ; -0.00456483 ; 0.00690697 ; 102.399;
13 ; 25 ; 10 ; 0.000289026 ; -0.0174861 ; 0.0243865 ; 102.447;
14 ; 25 ; 10 ; 0.00258438 ; -0.0154428 ; 0.0210616 ; 102.472;
15 ; 25 ; 10 ; -0.00272534 ; -0.0176893 ; 0.0257426 ; 102.006;
16 ; 25 ; 10 ; -0.00684364 ; -0.0318824 ; 0.0361724 ; 101.93;
17 ; 25 ; 10 ; 0.004146 ; -0.0165222 ; 0.0129754 ; 102.2;
18 ; 25 ; 10 ; 0.00651123 ; -0.0134133 ; 0.0278989 ; 102.161;
19 ; 25 ; 10 ; -0.00550701 ; -0.0140698 ; 0.029408 ; 102.423;
20 ; 25 ; 10 ; -0.00926259 ; -0.014494 ; 0.0270133 ; 102.169;
21 ; 25 ; 10 ; 0.0040744 ; -0.0237015 ; 0.0163041 ; 102.41;
22 ; 25 ; 10 ; 0.00504825 ; -0.00170782 ; 0.0255643 ; 102.637;
23 ; 25 ; 10 ; -0.0139871 ; -0.0074451 ; 0.0270575 ; 102.382;
24 ; 25 ; 10 ; 0.00105184 ; -0.0199312 ; 0.02054 ; 102.198;
25 ; 25 ; 10 ; 0.00011522 ; -0.0212656 ; 0.0185321 ; 102.888;
26 ; 25 ; 10 ; -0.0214091 ; -0.0191229 ; 0.0202564 ; 102.807;
27 ; 25 ; 10 ; -0.0268991 ; -0.00833362 ; 0.0218662 ; 102.575;
28 ; 25 ; 10 ; -0.0131216 ; -0.0209271 ; 0.0191282 ; 103.346;
29 ; 25 ; 10 ; -0.0179751 ; -0.0124009 ; 0.0117389 ; 102.269;
30 ; 25 ; 10 ; -0.0234812 ; -0.0112734 ; 0.00846785 ; 103.139;
31 ; 25 ; 10 ; -0.0173649 ; -0.00633583 ; 0.0158971 ; 102.459;
32 ; 25 ; 10 ; -0.00836918 ; -0.0140439 ; 0.00493469 ; 102.918;
33 ; 25 ; 10 ; -0.00857251 ; -0.01711 ; 0.0188542 ; 102.889;
4 ; 26 ; 10 ; -0.0121616 ; -0.0149797 ; 0.0092058 ; 102.593;
5 ; 26 ; 10 ; -0.00633683 ; -0.00736618 ; 0.0223328 ; 102.808;
6 ; 26 ; 10 ; 0.0233501 ; -0.00315705 ; 0.00785972 ; 102.999;
7 ; 26 ; 10 ; 0.0142771 ; -0.00883548 ; 0.0124639 ; 102.897;
8 ; 26 ; 10 ; 0.0180368 ; -0.0209764 ; -0.00357786 ; 102.689;
9 ; 26 ; 10 ; 0.0200071 ; -0.0244666 ; 0.0143075 ; 103.199;
10 ; 26 ; 10 ; 0.0100289 ; -0.00698251 ; 0.0178461 ; 103.388;
11 ; 26 ; 10 ; 0.0166121 ; -0.00951932 ; 0.0124315 ; 102.953;
12 ; 26 ; 10 ; 0.0155457 ; -0.0247628 ; 0.0119356 ; 102.745;
13 ; 26 ; 10 ; 0.00662479 ; -0.0180456 ; 0.018294 ; 102.424;
14 ; 26 ; 10 ; 0.0178037 ; -0.0102422 ; 0.0215106 ; 102.602;
15 ; 26 ; 10 ; -0.00323632 ; -0.0249928 ; 0.0231776 ; 102.5;
16 ; 26 ; 10 ; -0.011944 ; -0.0229045 ; 0.0149891 ; 102.508;
17 ; 26 ; 10 ; -0.00531639 ; -0.0140765 ; 0.00972321 ; 102.186;
18 ; 26 ; 10 ; 0.014385 ; -0.0193989 ; 0.0153099 ; 102.42;
19 ; 26 ; 10 ; -0.0108535 ; -0.0119275 ; 0.0212137 ; 102.56;
20 ; 26 ; 10 ; -0.00650687 ; -0.00990085 ; 0.0186933 ; 102.568;
21 ; 26 ; 10 ; -0.00208438 ; -0.00118101 ; 0.0194425 ; 102.472;
22 ; 26 ; 10 ; -0.00158819 ; 0.0103593 ; 0.0120616 ; 102.615;
23 ; 26 ; 10 ; -0.000604955 ; -0.0154884 ; 0.0105696 ; 102.955;
24 ; 26 ; 10 ; 0.000683423 ; -0.0108432 ; 0.014748 ; 102.595;
25 ; 26 ; 10 ; -0.00628764 ; -0.0101426 ; 0.0105306 ; 102.7;
26 ; 26 ; 10 ; -0.0170828 ; -0.0172547 ; 0.0175835 ; 102.313;
27 ; 26 ; 10 ; -0.0289134 ; -0.0207354 ; 0.0202103 ; 102.668;
28 ; 26 ; 10 ; -0.0188604 ; -0.017319 ; 0.0217187 ; 102.866;
29 ; 26 ; 10 ; -0.028507 ; -0.00618568 ; 0.0137756 ; 102.671;
30 ; 26 ; 10 ; -0.0148259 ; -0.0108883 ; 0.0180464 ; 103.009;
31 ; 26 ; 10 ; -0.00577622 ; -0.014148 ; 0.0203542 ; 103.075;
32 ; 26 ; 10 ; -0.00694732 ; -0.00923089 ; 0.0115958 ; 102.923;
33 ; 26 ; 10 ; 0.013754 ; -0.0144776 ; 0.00279617 ; 102.364;
4 ; 27 ; 10 ; 0.00579589 ; -0.0204512 ; 0.0130927 ; 102.871;
5 ; 27 ; 10 ; 0.0111048 ; -0.030177 ; 0.00994474 ; 103.027;
6 ; 27 ; 10 ; 0.0157506 ; -0.00562377 ; 0.00732061 ; 102.315;
7 ; 27 ; 10 ; 0.0105615 ; -0.00788165 ; 0.0105528 ; 102.711;
8 ; 27 ; 10 ; 0.0148311 ; -0.0176147 ; 0.00583429 ; 102.878;
9 ; 27 ; 10 ; 0.034042 ; -0.013559 ; 0.0105933 ; 103.143;
10 ; 27 ; 10 ; 0.0121936 ; -0.00926996 ; 0.00280484 ; 102.9;
11 ; 27 ; 10 ; 0.0089042 ; -0.0150563 ; 0.0244908 ; 102.894;
12 ; 27 ; 10 ; 0.0113564 ; -0.00793472 ; 0.0233859 ; 102.568;
13 ; 27 ; 10 ; 0.00663305 ; -0.0249617 ; 0.0155614 ; 102.531;
14 ; 27 ; 10 ; 0.000501236 ; -0.017531 ; 0.0278727 ; 102.299;
15 ; 27 ; 10 ; -0.00126049 ; -0.012246 ; 0.0270123 ; 102.508;
16 ; 27 ; 10 ; 0.00083562 ; -0.0320758 ; 0.0138452 ; 102.41;
17 ; 27 ; 10 ; -0.00454838 ; -0.0218476 ; 0.0183692 ; 102.484;
18 ; 27 ; 10 ; -0.00320684 ; -0.0166524 ; 0.0220925 ; 102.284;
19 ; 27 ; 10 ; -0.0220621 ; -0.0285532 ; 0.0249407 ; 102.097;
20 ; 27 ; 10 ; -0.000134538 ; -0.0188028 ; 0.0147174 ; 102.371;
21 ; 27 ; 10 ; -0.008906 ; -0.0192358 ; 0.0194651 ; 102.531;
22 ; 27 ; 10 ; -0.00981702 ; -0.0029766 ; 0.0166967 ; 102.666;
23 ; 27 ; 10 ; -0.0124792 ; -0.0185995 ; 0.0168777 ; 101.97;
24 ; 27 ; 10 ; -0.0103834 ; -0.0098199 ; 0.0237838 ; 102.751;
25 ; 27 ; 10 ; -0.00283854 ; -0.0228443 ; 0.0182838 ; 102.498;
26 ; 27 ; 10 ; -0.017967 ; -0.0156599 ; 0.0187372 ; 102.396;
27 ; 27 ; 10 ; -0.0180369 ; -0.0120015 ; 0.0329231 ; 102.551;
28 ; 27 ; 10 ; -0.0121972 ; -0.0238265 ; 0.00970347 ; 102.769;
29 ; 27 ; 10 ; -0.0208913 ; -0.0138835 ; 0.022633 ; 103.083;
30 ; 27 ; 10 ; -0.0164579 ; -0.0166579 ; 0.00120748 ; 102.682;
31 ; 27 ; 10 ; -0.0205435 ; -0.00430918 ; 0.00191233 ; 102.227;
32 ; 27 ; 10 ; -0.00808376 ; -0.0172725 ; 0.0248585 ; 102.908;
33 ; 27 ; 10 ; 0.00571315 ; -0.0191547 ; 0.0211008 ; 102.343;
4 ; 28 ; 10 ; -0.00011452 ; -0.0263158 ; 0.0035263 ; 103.003;
5 ; 28 ; 10 ; 0.0128189 ; -0.0277786 ; 0.0227045 ; 102.858;
6 ; 28 ; 10 ; 0.0167251 ; -0.00123948 ; 0.00950838 ; 102.886;
7 ; 28 ; 10 ; 0.00509601 ; -0.0152002 ; 0.0173591 ; 103.128;
8 ; 28 ; 10 ; 0.0142187 ; -0.0158236 ; 0.0254748 ; 102.388;
9 ; 28 ; 10 ; 0.0204566 ; -0.0212243 ; -0.00110612 ; 102.967;
10 ; 28 ; 10 ; 0.011016 ; -0.0358638 ; 0.0160633 ; 102.816;
11 ; 28 ; 10 ; 0.021964 ; -0.0254778 ; 0.017517 ; 103.138;
12 ; 28 ; 10 ; 0.00516723 ; -0.00638337 ; 0.0192796 ; 102.576;
13 ; 28 ; 10 ; 0.000150113 ; -0.00714132 ; 0.0179934 ; 102.518;
14 ; 28 ; 10 ; 0.00270183 ; -0.0188149 ; 0.0118517 ; 102.379;
15 ; 28 ; 10 ; 0.00405476 ; -0.013206 ; 0.0206082 ; 102.628;
16 ; 28 ; 10 ; 0.00881499 ; -0.0229037 ; 0.0114129 ; 102.492;
17 ; 28 ; 10 ; -0.00777009 ; -0.0223696 ; 0.0221451 ; 102.664;
18 ; 28 ; 10 ; 0.000701689 ; -0.0292367 ; 0.00706121 ; 102.51;
19 ; 28 ; 10 ; -0.00504825 ; -0.0286696 ; 0.0305421 ; 101.885;
20 ; 28 ; 10 ; 0.0114103 ; -0.0277655 ; 0.0253146 ; 102.795;
21 ; 28 ; 10 ; -0.000340174 ; -0.0288398 ; 0.0256005 ; 102.277;
22 ; 28 ; 10 ; -0.0119086 ; -0.0315787 ; 0.0152348 ; 102.488;
23 ; 28 ; 10 ; -0.015249 ; -0.0137503 ; 0.0178369 ; 102.361;
24 ; 28 ; 10 ; 0.00835706 ; -0.0216703 ; 0.0207031 ; 102.325;
25 ; 28 ; 10 ; -0.00063792 ; -0.0261097 ; 0.00927263 ; 102.991;
26 ; 28 ; 10 ; -0.0159565 ; -0.0130692 ; 0.0258631 ; 102.937;
27 ; 28 ; 10 ; -0.00302652 ; -0.0290715 ; 0.0163322 ; 102.942;
28 ; 28 ; 10 ; -0.00395094 ; -0.0173362 ; 0.011894 ; 103.171;
29 ; 28 ; 10 ; 0.000481384 ; -0.0156029 ; -0.00217917 ; 103.018;
30 ; 28 ; 10 ; -0.00945689 ; -0.0150037 ; 0.0150416 ; 103.021;
31 ; 28 ; 10 ; -0.0215586 ; -0.0251211 ; 0.010025 ; 102.938;
32 ; 28 ; 10 ; -0.00530611 ; -0.00296928 ; 0.00367312 ; 102.9;
33 ; 28 ; 10 ; -0.00600405 ; -0.0128003 ; 0.02985 ; 102.817;
4 ; 29 ; 10 ; 0.00278589 ; -0.0229986 ; 0.0135733 ; 102.793;
5 ; 29 ; 10 ; 0.00814542 ; -0.0163341 ; 0.00903732 ; 102.581;
6 ; 29 ; 10 ; 0.0143742 ; -0.0205242 ; 0.0108789 ; 102.866;
7 ; 29 ; 10 ; 0.00963721 ; -0.0122882 ; 0.00326333 ; 103.04;
8 ; 29 ; 10 ; 0.010013 ; -0.0168966 ; -0.000643659 ; 103.555;
9 ; 29 ; 10 ; 0.00224496 ; -0.0204028 ; 0.00529508 ; 102.752;
10 ; 29 ; 10 ; 0.0190603 ; -0.0135706 ; 0.0103378 ; 102.895;
11 ; 29 ; 10 ; 0.019073 ; -0.00622814 ; 0.0246498 ; 102.608;
12 ; 29 ; 10 ; 0.0210919 ; -0.0220175 ; 0.015293 ; 102.588;
13 ; 29 ; 10 ; 0.00654315 ; -0.0266554 ; 0.00511808 ; 102.665;
14 ; 29 ; 10 ; -0.00571437 ; -0.00920193 ; 0.0203674 ; 102.521;
15 ; 29 ; 10 ; -0.000142225 ; -0.0179168 ; 0.0177437 ; 102.593;
16 ; 29 ; 10 ; 0.0186499 ; -0.0202618 ; 0.00925279 ; 102.459;
17 ; 29 ; 10 ; -0.00362418 ; -0.0294698 ; 0.0105019 ; 102.51;
18 ; 29 ; 10 ; 0.00283626 ; -0.0206538 ; 0.0191914 ; 102.5;
19 ; 29 ; 10 ; -0.00688241 ; -0.0329206 ; 0.0207991 ; 102.467;
20 ; 29 ; 10 ; 0.0145217 ; -0.0192111 ; 0.0163973 ; 102.417;
21 ; 29 ; 10 ; 0.0055466 ; -0.0247903 ; 0.0243319 ; 102.636;
22 ; 29 ; 10 ; -0.00454577 ; -0.0220228 ; 0.0138531 ; 102.347;
23 ; 29 ; 10 ; -0.0102626 ; -0.0180797 ; 0.020853 ; 102.601;
24 ; 29 ; 10 ; -0.0264886 ; -0.00404114 ; 0.0105498 ; 102.666;
25 ; 29 ; 10 ; -0.00357947 ; -0.0285067 ; 0.0107701 ; 102.778;
26 ; 29 ; 10 ; -0.0064025 ; -0.0219136 ; 0.0168023 ; 102.483;
27 ; 29 ; 10 ; -0.00749329 ; -0.0108927 ; 0.0164303 ; 102.926;
28 ; 29 ; 10 ; -0.00991478 ; -0.00381972 ; 0.0163978 ; 102.577;
29 ; 29 ; 10 ; -0.0206551 ; -0.0187713 ; 0.0149137 ; 102.806;
30 ; 29 ; 10 ; -0.00327384 ; -0.01507 ; 0.0103295 ; 102.402;
31 ; 29 ; 10 ; 0.00352485 ; -0.0213231 ; 0.00557875 ; 103.249;
32 ; 29 ; 10 ; -0.000250947 ; -0.0181286 ; 0.0122952 ; 103.028;
33 ; 29 ; 10 ; -0.00816661 ; -0.0151006 ; 0.0115078 ; 102.521;
4 ; 30 ; 10 ; -0.00301074 ; -0.019642 ; 0.0107237 ; 103.024;
5 ; 30 ; 10 ; 0.0137093 ; -0.027564 ; 0.00878386 ; 102.733;
6 ; 30 ; 10 ; 0.00175853 ; -0.0186401 ; -0.00112085 ; 102.94;
7 ; 30 ; 10 ; 0.0225594 ; -0.0121224 ; 0.00920236 ; 103.042;
8 ; 30 ; 10 ; 0.0161865 ; -0.0138889 ; 0.00891214 ; 103.142;
9 ; 30 ; 10 ; 0.00104663 ; 0.000139939 ; 0.00616743 ; 103.047;
10 ; 30 ; 10 ; 0.0136452 ; -0.00769546 ; 0.0093104 ; 103.106;
11 ; 30 ; 10 ; 0.0112393 ; -0.0102707 ; 0.000154617 ; 103.034;
12 ; 30 ; 10 ; -0.00215654 ; -0.0311414 ; 0.00923302 ; 102.856;
13 ; 30 ; 10 ; -0.00120348 ; -0.0209867 ; 0.00347043 ; 102.749;
14 ; 30 ; 10 ; 0.000338 ; -0.0194955 ; 0.0173174 ; 102.793;
15 ; 30 ; 10 ; 0.00551296 ; -0.0121342 ; 0.0176356 ; 102.181;
16 ; 30 ; 10 ; 0.0046865 ; -0.0112956 ; 0.0138164 ; 103.14;
17 ; 30 ; 10 ; -0.00057561 ; -0.0299858 ; 0.0136059 ; 102.928;
18 ; 30 ; 10 ; 0.00149967 ; -0.0134595 ; 0.0219463 ; 102.336;
19 ; 30 ; 10 ; -0.0137533 ; -0.019689 ; 0.0211099 ; 102.507;
20 ; 30 ; 10 ; -0.00479125 ; -0.0207844 ; 0.0304929 ; 102.547;
21 ; 30 ; 10 ; -0.00380448 ; -0.0328674 ; 0.0144305 ; 102.399;
22 ; 30 ; 10 ; -0.00443821 ; -0.0200123 ; 0.0173206 ; 102.609;
23 ; 30 ; 10 ; -0.00583395 ; -0.0122832 ; 0.013097 ; 102.384;
24 ; 30 ; 10 ; 0.00518938 ; -0.00993746 ; 0.0229265 ; 102.527;
25 ; 30 ; 10 ; 0.00436182 ; -0.00619771 ; 0.0155278 ; 102.963;
26 ; 30 ; 10 ; -0.0169509 ; -0.0122735 ; 0.0166338 ; 102.699;
27 ; 30 ; 10 ; -0.0142579 ; -0.0186494 ; 0.0225321 ; 102.772;
28 ; 30 ; 10 ; -0.0175239 ; -0.0161899 ; 0.0124997 ; 103.096;
29 ; 30 ; 10 ; -0.0149637 ; 0.00291904 ; 0.0150651 ; 102.933;
30 ; 30 ; 10 ; -0.00770248 ; -0.0150965 ; 0.00514525 ; 102.128;
31 ; 30 ; 10 ; -0.00378896 ; -0.024501 ; 0.0207483 ; 103.227;
32 ; 30 ; 10 ; -0.00183925 ; -0.00571318 ; 0.00162619 ; 102.966;
33 ; 30 ; 10 ; -0.0167584 ; -0.00849558 ; 0.0117315 ; 103.041;
4 ; 31 ; 10 ; 0.000635027 ; -0.00466793 ; 0.0132915 ; 102.867;
5 ; 31 ; 10 ; 0.0120793 ; -0.006524 ; 0.0193329 ; 102.62;
6 ; 31 ; 10 ; 0.0112951 ; -0.0111205 ; 0.0144496 ; 102.98;
7 ; 31 ; 10 ; 0.0186575 ; -0.0192921 ; 0.00473353 ; 102.756;
8 ; 31 ; 10 ; 0.0163254 ; -0.0122903 ; 0.00127052 ; 103.087;
9 ; 31 ; 10 ; 0.000518745 ; -0.00859022 ; 0.00322409 ; 102.763;
10 ; 31 ; 10 ; 0.0176379 ; -0.0141895 ; 0.0161731 ; 103.286;
11 ; 31 ; 10 ; 0.0101031 ; 0.00774585 ; 0.00207269 ; 102.878;
12 ; 31 ; 10 ; 0.0127296 ; -0.0130763 ; 0.0183193 ; 102.746;
13 ; 31 ; 10 ; -0.00788717 ; -0.0226741 ; 0.0136848 ; 102.691;
14 ; 31 ; 10 ; -0.0119573 ; -0.00556086 ; 0.0214206 ; 102.421;
15 ; 31 ; 10 ; -0.00411181 ; -0.0152632 ; 0.023823 ; 102.83;
16 ; 31 ; 10 ; 0.0100329 ; -0.00903621 ; 0.0122127 ; 101.833;
17 ; 31 ; 10 ; 0.0134445 ; -0.0218676 ; 0.0327848 ; 102.593;
18 ; 31 ; 10 ; -0.0025675 ; -0.0157059 ; 0.0136885 ; 102.22;
19 ; 31 ; 10 ; 0.00647013 ; -0.0250069 ; 0.0224625 ; 102.018;
20 ; 31 ; 10 ; -0.00286445 ; -0.0120286 ; 0.0169065 ; 102.306;
21 ; 31 ; 10 ; -0.0185076 ; -0.0179358 ; 0.019434 ; 102.234;
22 ; 31 ; 10 ; 0.000216792 ; -0.0236597 ; 0.0175652 ; 102.262;
23 ; 31 ; 10 ; 0.000605843 ; -0.0201191 ; 0.0135512 ; 103.045;
24 ; 31 ; 10 ; 0.00147188 ; -0.00479777 ; 0.0178822 ; 102.622;
25 ; 31 ; 10 ; -0.0139909 ; -0.0113178 ; 0.0122998 ; 102.704;
26 ; 31 ; 10 ; -0.00944152 ; -0.00279225 ; 0.0227832 ; 102.924;
27 ; 31 ; 10 ; -0.00417808 ; -0.0044391 ; 0.0246295 ; 102.609;
28 ; 31 ; 10 ; -0.0247827 ; -0.0129616 ; 0.00729287 ; 103.15;
29 ; 31 ; 10 ; -0.0103491 ; 0.00222343 ; 0.0135551 ; 102.926;
30 ; 31 ; 10 ; -0.000653245 ; -0.0162729 ; 0.00664304 ; 102.748;
31 ; 31 ; 10 ; -0.00197466 ; -0.0128968 ; 0.024458 ; 102.443;
32 ; 31 ; 10 ; -0.00193421 ; -0.0150783 ; 0.0116876 ; 102.796;
33 ; 31 ; 10 ; 0.00114064 ; 0.0055198 ; 0.00864935 ; 102.98;
4 ; 32 ; 10 ; 0.00409973 ; 0.00369741 ; 0.00550318 ; 102.617;
5 ; 32 ; 10 ; 0.0202924 ; 0.000373161 ; 0.016522 ; 103.012;
6 ; 32 ; 10 ; 0.020628 ; -0.000480045 ; 0.0256388 ; 102.569;
7 ; 32 ; 10 ; 0.0188211 ; -0.0152586 ; 0.0102724 ; 102.991;
8 ; 32 ; 10 ; 0.0176187 ; -0.00655788 ; 0.00880937 ; 103.063;
9 ; 32 ; 10 ; 0.0235976 ; -0.00330148 ; 0.0118722 ; 103.317;
10 ; 32 ; 10 ; 0.0239324 ; 0.00050607 ; 0.0190839 ; 102.451;
11 ; 32 ; 10 ; -0.00169695 ; -0.00136908 ; 0.00896673 ; 102.762;
12 ; 32 ; 10 ; -0.0014332 ; -0.0143788 ; 0.0129111 ; 102.703;
13 ; 32 ; 10 ; 0.00189004 ; -0.00647742 ; 0.0149269 ; 102.747;
14 ; 32 ; 10 ; -0.00401041 ; -0.0135585 ; 0.0176144 ; 102.562;
15 ; 32 ; 10 ; -0.00777735 ; -0.00630324 ; 0.0199181 ; 102.471;
16 ; 32 ; 10 ; -0.00649439 ; -0.0120111 ; 0.0164946 ; 102.683;
17 ; 32 ; 10 ; -0.00966167 ; -0.00478519 ; 0.0144055 ; 102.337;
18 ; 32 ; 10 ; -0.00177125 ; -0.0170407 ; 0.0173317 ; 102.251;
19 ; 32 ; 10 ; 0.00258572 ; -0.0217934 ; 0.0119043 ; 102.523;
20 ; 32 ; 10 ; 0.00542589 ; -0.0193861 ; 0.0260173 ; 102.672;
21 ; 32 ; 10 ; -0.00146985 ; -0.0199267 ; 0.0229603 ; 102.139;
22 ; 32 ; 10 ; 0.00242191 ; 0.000341364 ; 0.0175939 ; 102.613;
23 ; 32 ; 10 ; -0.00236931 ; -0.00503428 ; 0.0129546 ; 102.547;
24 ; 32 ; 10 ; -0.00571167 ; -0.00785072 ; 0.0112917 ; 102.497;
25 ; 32 ; 10 ; -0.00632624 ; -0.00666628 ; 0.000673877 ; 102.824;
26 ; 32 ; 10 ; -0.0137437 ; -0.00221981 ; 0.0210636 ; 103.154;
27 ; 32 ; 10 ; -0.0160591 ; -0.00613797 ; 0.0123063 ; 102.74;
28 ; 32 ; 10 ; -0.0133697 ; 0.00113691 ; 0.020897 ; 103.307;
29 ; 32 ; 10 ; -0.0121041 ; 0.00408635 ; 0.0277414 ; 102.87;
30 ; 32 ; 10 ; -0.0253923 ; -0.0138262 ; 0.0125128 ; 102.603;
31 ; 32 ; 10 ; -0.0218638 ; -0.00260279 ; 0.019265 ; 103.317;
32 ; 32 ; 10 ; -0.0106157 ; -0.0247425 ; 0.0232664 ; 102.754;
33 ; 32 ; 10 ; -0.00618488 ; -0.0141395 ; 0.00224847 ; 103.042;
4 ; 33 ; 10 ; 0.011248 ; 0.00105367 ; 0.00562056 ; 102.799;
5 ; 33 ; 10 ; 0.0143819 ; -0.000419741 ; -0.000743571 ; 102.972;
6 ; 33 ; 10 ; 0.00472841 ; -0.0022948 ; 0.0136072 ; 102.791;
7 ; 33 ; 10 ; 0.00514929 ; -0.00469968 ; 0.00267702 ; 103.102;
8 ; 33 ; 10 ; 0.00751016 ; -0.00650469 ; 0.00688776 ; 102.723;
9 ; 33 ; 10 ; 0.0131907 ; 0.0163513 ; 0.00339193 ; 103.003;
10 ; 33 ; 10 ; 0.0121496 ; 0.00714991 ; 0.0105064 ; 102.877;
11 ; 33 ; 10 ; 0.0182995 ; 0.0069161 ; 0.00301095 ; 102.866;
12 ; 33 ; 10 ; 0.00883299 ; 0.001491 ; 0.00999739 ; 102.502;
13 ; 33 ; 10 ; -0.00473263 ; -0.00319963 ; 0.00464383 ; 102.544;
14 ; 33 ; 10 ; 0.00686548 ; 0.000103144 ; 0.0305273 ; 102.415;
15 ; 33 ; 10 ; -0.00568968 ; 0.00471034 ; 0.0140971 ; 102.592;
16 ; 33 ; 10 ; -0.000838776 ; 0.00829011 ; 0.0144052 ; 101.963;
17 ; 33 ; 10 ; -0.00619809 ; 0.0149199 ; 0.0197228 ; 102.425;
18 ; 33 ; 10 ; -0.00457411 ; -0.0112196 ; 0.00739242 ; 102.471;
19 ; 33 ; 10 ; -0.00532188 ; 0.00428245 ; 0.0240876 ; 102.299;
20 ; 33 ; 10 ; -0.00262296 ; -0.00337589 ; 0.0309681 ; 102.44;
21 ; 33 ; 10 ; -0.000141114 ; -0.0166361 ; 0.0238556 ; 102.474;
22 ; 33 ; 10 ; -0.00748498 ; 0.00364005 ; 0.00722459 ; 102.386;
23 ; 33 ; 10 ; 0.000754821 ; -0.00405439 ; 0.0265449 ; 102.943;
24 ; 33 ; 10 ; -0.000267486 ; -0.00669091 ; 0.0142251 ; 103.132;
25 ; 33 ; 10 ; -0.00730409 ; -0.00691882 ; 0.0157108 ; 102.441;
26 ; 33 ; 10 ; -0.00228838 ; -0.00603772 ; 0.0156129 ; 102.383;
27 ; 33 ; 10 ; -0.013462 ; -0.000457434 ; 0.0195927 ; 102.484;
28 ; 33 ; 10 ; -0.0123287 ; 0.0119551 ; 0.0056955 ; 102.62;
29 ; 33 ; 10 ; -0.00446039 ; 0.00870601 ; 0.0150462 ; 102.805;
30 ; 33 ; 10 ; -0.00939068 ; -0.00433629 ; 0.0138625 ; 102.8;
31 ; 33 ; 10 ; -0.0293719 ; -0.00119157 ; 0.0110328 ; 102.677;
32 ; 33 ; 10 ; -0.00692396 ; -0.00414302 ; 0.0123654 ; 103.098;
33 ; 33 ; 10 ; -0.00787931 ; -0.000296219 ; 0.0060669 ; 102.731;
4 ; 4 ; 11 ; 0.00683192 ; 0.0136095 ; 0.0121465 ; 103.037;
5 ; 4 ; 11 ; 0.00151972 ; 0.0133536 ; 0.00551835 ; 103.225;
6 ; 4 ; 11 ; 0.00702088 ; 0.00885456 ; 0.00650374 ; 102.883;
7 ; 4 ; 11 ; 0.0250547 ; 0.0113317 ; 0.000348076 ; 102.372;
8 ; 4 ; 11 ; 0.0131222 ; -0.00349946 ; 0.0155902 ; 102.949;
9 ; 4 ; 11 ; 0.00575462 ; 0.0154835 ; 0.0195422 ; 102.625;
10 ; 4 ; 11 ; 0.00558191 ; 0.0100797 ; 0.0296232 ; 102.607;
11 ; 4 ; 11 ; 0.00799611 ; -0.000275452 ; 0.0034759 ; 102.62;
12 ; 4 ; 11 ; 0.0166951 ; 0.018209 ; 0.0172338 ; 102.709;
13 ; 4 ; 11 ; 0.000264846 ; 0.00386161 ; 0.0211845 ; 102.216;
14 ; 4 ; 11 ; 0.00332903 ; -0.00147879 ; 0.00826333 ; 102.401;
15 ; 4 ; 11 ; 0.00457155 ; 0.0275025 ; 0.0075588 ; 101.842;
16 ; 4 ; 11 ; 0.0105901 ; -0.00174927 ; 0.0152285 ; 102.036;
17 ; 4 ; 11 ; 0.00055934 ; 3.96833e-05 ; 0.0159954 ; 102.77;
18 ; 4 ; 11 ; 0.000604091 ; 0.00883801 ; 0.00661839 ; 101.935;
19 ; 4 ; 11 ; 0.00551755 ; 0.00849785 ; 0.00960674 ; 102.291;
20 ; 4 ; 11 ; -0.00151059 ; 1.85212e-05 ; 0.0115669 ; 101.687;
21 ; 4 ; 11 ; 0.0079304 ; 0.0147961 ; 0.0119145 ; 102.645;
22 ; 4 ; 11 ; -0.00145294 ; 0.0145226 ; 0.00460652 ; 102.274;
23 ; 4 ; 11 ; 0.0039267 ; 0.00106383 ; 0.0168567 ; 102.426;
24 ; 4 ; 11 ; -0.00663209 ; 0.00606524 ; 0.0047237 ; 101.863;
25 ; 4 ; 11 ; -0.000488266 ; 0.014568 ; 0.00791357 ; 102.68;
26 ; 4 ; 11 ; -0.0143777 ; 0.00503899 ; -0.0054037 ; 103.037;
27 ; 4 ; 11 ; -0.0245657 ; 0.00718567 ; 0.0176748 ; 102.892;
28 ; 4 ; 11 ; -0.0109146 ; 0.000955067 ; 0.000983804 ; 102.508;
29 ; 4 ; 11 ; -0.0178827 ; -0.00144 ; 0.00259226 ; 103.139;
30 ; 4 ; 11 ; -0.0145348 ; -0.00385271 ; 0.0141644 ; 103.125;
31 ; 4 ; 11 ; -0.0103453 ; -0.00244883 ; 0.00289855 ; 102.705;
32 ; 4 ; 11 ; 0.00493714 ; 0.00848197 ; 0.0099228 ; 102.567;
33 ; 4 ; 11 ; -0.00254251 ; 0.0153472 ; 0.0152503 ; 102.711;
4 ; 5 ; 11 ; 0.00676977 ; 0.0118548 ; 0.00531951 ; 102.613;
5 ; 5 ; 11 ; 0.00543856 ; 0.0170723 ; 0.00468245 ; 102.813;
6 ; 5 ; 11 ; 0.00232261 ; 0.00779999 ; 0.00874052 ; 102.82;
7 ; 5 ; 11 ; 0.00985743 ; 0.0155283 ; 0.00546038 ; 102.75;
8 ; 5 ; 11 ; 0.014584 ; -0.0053632 ; 0.0156749 ; 102.729;
9 ; 5 ; 11 ; 0.0159612 ; 0.00717122 ; 0.0147986 ; 102.834;
10 ; 5 ; 11 ; 0.020226 ; 0.0143992 ; 0.0230543 ; 102.485;
11 ; 5 ; 11 ; 0.0010816 ; 0.0145486 ; 0.00860468 ; 103.127;
12 ; 5 ; 11 ; 0.00143531 ; 0.00720197 ; 0.010598 ; 102.729;
13 ; 5 ; 11 ; 0.00988759 ; 0.0166335 ; 0.013668 ; 102.151;
14 ; 5 ; 11 ; 0.00132774 ; 0.00791946 ; 0.00272748 ; 102.446;
15 ; 5 ; 11 ; 0.00646941 ; 0.0117906 ; 0.0314212 ; 102.544;
16 ; 5 ; 11 ; -0.000377625 ; 0.0180793 ; 0.00274056 ; 102.396;
17 ; 5 ; 11 ; 0.00746418 ; 0.00551435 ; 0.011906 ; 102.004;
18 ; 5 ; 11 ; 0.000580007 ; -0.00248372 ; 0.00870545 ; 102.072;
19 ; 5 ; 11 ; -0.00687911 ; 0.00837443 ; 0.0151633 ; 102.219;
20 ; 5 ; 11 ; 0.00363612 ; 0.00288471 ; 0.0173183 ; 102.13;
21 ; 5 ; 11 ; 0.00262702 ; 0.00664744 ; 0.0138424 ; 102.716;
22 ; 5 ; 11 ; 0.00253543 ; 0.00210457 ; 0.016435 ; 102.508;
23 ; 5 ; 11 ; 0.00250162 ; 0.00587545 ; 0.0177366 ; 102.672;
24 ; 5 ; 11 ; -0.00577706 ; 0.0135354 ; 0.00998424 ; 102.35;
25 ; 5 ; 11 ; -0.00640301 ; 0.00375 ; 0.0188514 ; 102.716;
26 ; 5 ; 11 ; -0.00948132 ; 0.00087808 ; 0.0250604 ; 102.533;
27 ; 5 ; 11 ; -0.0104502 ; 0.0046691 ; 0.0113408 ; 102.885;
28 ; 5 ; 11 ; -0.0163207 ; 0.00369437 ; 0.0178926 ; 102.783;
29 ; 5 ; 11 ; -0.0173574 ; 0.00580082 ; 0.0051918 ; 102.476;
30 ; 5 ; 11 ; -0.0178352 ; 0.00374965 ; 0.00926791 ; 102.747;
31 ; 5 ; 11 ; -0.00774585 ; -0.0012332 ; 0.000855481 ; 102.801;
32 ; 5 ; 11 ; 5.39708e-05 ; 0.0145497 ; 0.00950473 ; 102.842;
33 ; 5 ; 11 ; -0.0036043 ; 0.0105652 ; 0.0072539 ; 102.887;
4 ; 6 ; 11 ; -0.0104935 ; 0.0164884 ; 0.00307265 ; 102.985;
5 ; 6 ; 11 ; 0.0106218 ; 0.00755224 ; -0.0108302 ; 103.161;
6 ; 6 ; 11 ; 0.0134661 ; 0.0161578 ; 0.00583669 ; 103.034;
7 ; 6 ; 11 ; 0.0176268 ; 0.0180457 ; 0.0164982 ; 102.776;
8 ; 6 ; 11 ; 0.013258 ; 0.000418669 ; 0.00479343 ; 102.511;
9 ; 6 ; 11 ; 0.0214704 ; 0.00501804 ; 0.0105415 ; 102.969;
10 ; 6 ; 11 ; 0.0104196 ; 0.00848709 ; 0.00656762 ; 102.959;
11 ; 6 ; 11 ; 0.000167332 ; 0.00989792 ; 0.0197184 ; 103.122;
12 ; 6 ; 11 ; 0.0132963 ; 0.0209832 ; 0.0250052 ; 102.493;
13 ; 6 ; 11 ; 0.0185542 ; 0.0118999 ; 0.0122595 ; 102.516;
14 ; 6 ; 11 ; -0.00448461 ; 0.00708547 ; 0.00877439 ; 102.335;
15 ; 6 ; 11 ; 0.0117677 ; 0.014942 ; 0.00358311 ; 102.614;
16 ; 6 ; 11 ; -0.00645136 ; 0.0284753 ; 0.01175 ; 102.084;
17 ; 6 ; 11 ; 0.000201687 ; 0.0228956 ; 0.0201095 ; 102.515;
18 ; 6 ; 11 ; -0.000915386 ; 0.0238315 ; 0.00632875 ; 101.872;
19 ; 6 ; 11 ; -0.00783894 ; 0.0036072 ; 0.0304286 ; 102.759;
20 ; 6 ; 11 ; 0.00412798 ; 0.00152366 ; 0.00936757 ; 102.309;
21 ; 6 ; 11 ; 0.0118545 ; 0.0131128 ; 0.0284129 ; 102.548;
22 ; 6 ; 11 ; 0.00657117 ; 0.0154077 ; 0.0148533 ; 102.145;
23 ; 6 ; 11 ; -0.0236596 ; 0.0187652 ; 0.0219995 ; 102.4;
24 ; 6 ; 11 ; -0.0112238 ; 0.0205975 ; 0.0211477 ; 103.005;
25 ; 6 ; 11 ; -0.00639897 ; 0.0143084 ; 0.0182715 ; 102.897;
26 ; 6 ; 11 ; -0.00272838 ; 0.0203145 ; 0.00839024 ; 102.721;
27 ; 6 ; 11 ; -0.0260903 ; 0.0141318 ; 0.00639208 ; 102.511;
28 ; 6 ; 11 ; -0.0288533 ; 0.0030789 ; 0.0215073 ; 102.832;
29 ; 6 ; 11 ; -0.0105667 ; 0.0242732 ; 0.0124521 ; 103.286;
30 ; 6 ; 11 ; -0.0132945 ; 0.00816866 ; 0.0156886 ; 102.534;
31 ; 6 ; 11 ; -0.0118069 ; 0.0122177 ; 0.00890595 ; 102.874;
32 ; 6 ; 11 ; 0.00436425 ; 0.00506055 ; 0.0156528 ; 102.844;
33 ; 6 ; 11 ; -0.00505707 ; 0.0102803 ; 0.00222379 ; 103.09;
4 ; 7 ; 11 ; 0.00620826 ; 0.00473367 ; 0.00786035 ; 102.558;
5 ; 7 ; 11 ; 0.0123885 ; 0.0266513 ; 0.00733053 ; 103.186;
6 ; 7 ; 11 ; 0.0155168 ; 0.0110841 ; 0.00872281 ; 102.747;
7 ; 7 ; 11 ; 0.00884259 ; 0.0206078 ; -0.00326014 ; 102.952;
8 ; 7 ; 11 ; 0.0242888 ; 0.00739501 ; -0.00121356 ; 102.571;
9 ; 7 ; 11 ; 0.0115007 ; 0.00276943 ; 0.00627898 ; 102.895;
10 ; 7 ; 11 ; 0.00666969 ; 0.0183265 ; 0.00159331 ; 102.778;
11 ; 7 ; 11 ; 0.0120019 ; 0.0109417 ; 0.00737765 ; 102.858;
12 ; 7 ; 11 ; 0.0184744 ; 0.0181603 ; 0.0179498 ; 102.629;
13 ; 7 ; 11 ; -0.0029729 ; 0.0114729 ; 0.0113935 ; 102.623;
14 ; 7 ; 11 ; 0.00286395 ; 0.0264938 ; 0.011792 ; 102.769;
15 ; 7 ; 11 ; 0.000251737 ; 0.0283287 ; 0.0198525 ; 102.54;
16 ; 7 ; 11 ; 0.000842783 ; 0.0104384 ; 0.00698158 ; 102.023;
17 ; 7 ; 11 ; 0.0021439 ; 0.0291387 ; 0.0101997 ; 102.515;
18 ; 7 ; 11 ; 0.00445607 ; 0.0189882 ; -0.00240737 ; 102.452;
19 ; 7 ; 11 ; -0.00569274 ; 0.0215619 ; 0.00368756 ; 102.379;
20 ; 7 ; 11 ; 0.00353191 ; 0.0132744 ; 0.0222279 ; 102.053;
21 ; 7 ; 11 ; 0.0161271 ; 0.0212427 ; 0.0224382 ; 102.704;
22 ; 7 ; 11 ; 0.00589784 ; 0.014583 ; 0.0155076 ; 102.518;
23 ; 7 ; 11 ; -0.00491372 ; 0.014678 ; 0.00695555 ; 102.354;
24 ; 7 ; 11 ; 0.0126969 ; 0.00950767 ; 0.00430224 ; 102.427;
25 ; 7 ; 11 ; -0.00530907 ; 0.0152816 ; 0.0224114 ; 102.749;
26 ; 7 ; 11 ; -0.0184969 ; 0.0189496 ; -0.00255194 ; 102.964;
27 ; 7 ; 11 ; -0.0118722 ; 0.00286453 ; 0.013556 ; 102.79;
28 ; 7 ; 11 ; -0.0145351 ; 0.0173435 ; -0.00273953 ; 102.706;
29 ; 7 ; 11 ; -0.0161942 ; 0.0227322 ; 0.0133572 ; 102.956;
30 ; 7 ; 11 ; -0.0187832 ; 0.0063717 ; 0.0111287 ; 103.107;
31 ; 7 ; 11 ; 0.00139263 ; 0.018955 ; -0.00238551 ; 102.781;
32 ; 7 ; 11 ; -0.0023611 ; 0.0247244 ; 0.00658134 ; 102.414;
33 ; 7 ; 11 ; -0.0133031 ; 0.0114966 ; 0.019168 ; 102.924;
4 ; 8 ; 11 ; 0.00979077 ; 0.0197078 ; 0.00275408 ; 102.644;
5 ; 8 ; 11 ; 0.0123461 ; 0.0107549 ; 0.012115 ; 102.912;
6 ; 8 ; 11 ; 0.0114813 ; 0.00746288 ; 0.0141767 ; 102.097;
7 ; 8 ; 11 ; 0.0159727 ; 0.00359884 ; 0.00763967 ; 102.863;
8 ; 8 ; 11 ; 0.0101691 ; 0.00854216 ; -0.000486443 ; 102.85;
9 ; 8 ; 11 ; 0.022678 ; 0.0158443 ; 0.00570869 ; 102.797;
10 ; 8 ; 11 ; 0.00667033 ; 0.01414 ; 0.0190147 ; 102.956;
11 ; 8 ; 11 ; 0.0167811 ; 0.0039346 ; 0.0177937 ; 102.628;
12 ; 8 ; 11 ; 0.0132034 ; 0.0300509 ; -0.00600433 ; 102.777;
13 ; 8 ; 11 ; 0.000758508 ; 0.0334794 ; 0.0106543 ; 102.721;
14 ; 8 ; 11 ; 0.00215882 ; 0.00481656 ; 0.0122703 ; 102.456;
15 ; 8 ; 11 ; 0.00945908 ; 0.0133712 ; 0.0146178 ; 102.45;
16 ; 8 ; 11 ; 0.0083387 ; 0.0252055 ; 0.013346 ; 102.131;
17 ; 8 ; 11 ; -0.000197239 ; 0.0380783 ; 0.0112674 ; 102.662;
18 ; 8 ; 11 ; 0.00412697 ; 0.0273257 ; 0.0267489 ; 102.432;
19 ; 8 ; 11 ; -0.00437036 ; 0.0353455 ; 0.025679 ; 102.262;
20 ; 8 ; 11 ; -0.000936076 ; 0.0205563 ; 0.0111829 ; 102.187;
21 ; 8 ; 11 ; 0.00362837 ; 0.0235217 ; 0.0156972 ; 102.912;
22 ; 8 ; 11 ; 0.00654835 ; 0.00910628 ; 0.0117619 ; 102.22;
23 ; 8 ; 11 ; -0.00266661 ; 0.0245752 ; 0.0187471 ; 102.517;
24 ; 8 ; 11 ; -0.0128662 ; 0.0129817 ; 0.0226401 ; 102.21;
25 ; 8 ; 11 ; -0.0157883 ; 0.0184787 ; 0.0316617 ; 102.812;
26 ; 8 ; 11 ; -0.0120392 ; 0.023158 ; 0.00128054 ; 103.166;
27 ; 8 ; 11 ; -0.0219581 ; 0.011849 ; 0.0211687 ; 103.151;
28 ; 8 ; 11 ; -0.0151969 ; 0.00881035 ; 0.0142174 ; 102.59;
29 ; 8 ; 11 ; -0.0105917 ; 0.0211906 ; 0.000192085 ; 102.929;
30 ; 8 ; 11 ; -0.0256244 ; 0.00272043 ; 0.0086806 ; 102.858;
31 ; 8 ; 11 ; -0.0156542 ; 0.0192264 ; -0.00390585 ; 102.921;
32 ; 8 ; 11 ; -0.0105386 ; 0.0220222 ; 0.013445 ; 102.871;
33 ; 8 ; 11 ; -0.00149183 ; 0.032368 ; 0.0126081 ; 102.945;
4 ; 9 ; 11 ; -0.00647679 ; 0.0194623 ; 0.0205291 ; 102.937;
5 ; 9 ; 11 ; -0.00447991 ; 0.0183034 ; 0.00561446 ; 102.856;
6 ; 9 ; 11 ; 0.00996172 ; 0.0233468 ; 0.0152296 ; 102.849;
7 ; 9 ; 11 ; 0.0107881 ; 0.0049723 ; 0.00591705 ; 102.73;
8 ; 9 ; 11 ; -0.00360902 ; 0.010348 ; 0.0124688 ; 102.532;
9 ; 9 ; 11 ; 0.0143964 ; 0.0276541 ; 0.0139531 ; 102.494;
10 ; 9 ; 11 ; 0.0139778 ; 0.0153347 ; 0.0141672 ; 102.452;
11 ; 9 ; 11 ; 0.0214627 ; 0.0164366 ; 0.0107254 ; 102.671;
12 ; 9 ; 11 ; 0.00695613 ; 0.0329218 ; 0.0241901 ; 102.623;
13 ; 9 ; 11 ; 0.0063828 ; 0.0354638 ; 0.0121657 ; 102.558;
14 ; 9 ; 11 ; -0.00811202 ; 0.0171295 ; 0.0174444 ; 102.169;
15 ; 9 ; 11 ; 0.00583587 ; 0.0278362 ; 0.0155558 ; 102.62;
16 ; 9 ; 11 ; 0.00751509 ; 0.021379 ; 0.0142855 ; 102.375;
17 ; 9 ; 11 ; 0.000929542 ; 0.0106243 ; 0.010412 ; 102.197;
18 ; 9 ; 11 ; 0.00172165 ; 0.0223512 ; 0.00453932 ; 102.078;
19 ; 9 ; 11 ; 0.00691437 ; 0.0282957 ; 0.00518284 ; 102.453;
20 ; 9 ; 11 ; 0.00290875 ; 0.0213903 ; 0.0154727 ; 102.577;
21 ; 9 ; 11 ; -0.00259557 ; 0.0202345 ; 0.00972881 ; 102.091;
22 ; 9 ; 11 ; 0.00850042 ; 0.0148144 ; 0.0255435 ; 102.529;
23 ; 9 ; 11 ; -0.0145421 ; 0.0121216 ; 0.0217566 ; 102.988;
24 ; 9 ; 11 ; -0.0070549 ; 0.0219352 ; 0.00860052 ; 102.592;
25 ; 9 ; 11 ; -0.0113768 ; 0.0135688 ; 0.0197652 ; 102.635;
26 ; 9 ; 11 ; -0.00710028 ; 0.0250982 ; 0.0139693 ; 102.243;
27 ; 9 ; 11 ; -0.00798349 ; 0.0138394 ; 0.0141096 ; 102.807;
28 ; 9 ; 11 ; -0.019645 ; 0.0069074 ; 0.0143376 ; 102.884;
29 ; 9 ; 11 ; -0.0165011 ; 0.0168302 ; -0.00255333 ; 102.966;
30 ; 9 ; 11 ; -0.0138033 ; 0.0183665 ; 0.0128108 ; 102.957;
31 ; 9 ; 11 ; -0.0199475 ; 0.00599407 ; 0.0109236 ; 102.588;
32 ; 9 ; 11 ; 0.00210897 ; 0.0249328 ; 0.013856 ; 102.914;
33 ; 9 ; 11 ; 0.0171159 ; 0.0175356 ; 0.0123102 ; 102.543;
4 ; 10 ; 11 ; 0.00663742 ; 0.0129408 ; 0.0196199 ; 102.409;
5 ; 10 ; 11 ; -0.00126415 ; 0.0154674 ; 0.0120303 ; 102.292;
6 ; 10 ; 11 ; 0.020001 ; 0.01854 ; 0.00438826 ; 102.342;
7 ; 10 ; 11 ; 0.0245559 ; 0.00244391 ; 0.00138966 ; 102.562;
8 ; 10 ; 11 ; 0.0156552 ; 0.0271611 ; 0.00129051 ; 103.064;
9 ; 10 ; 11 ; 0.0298727 ; 0.0129119 ; 0.00844697 ; 102.836;
10 ; 10 ; 11 ; 0.0205721 ; 0.0185566 ; 0.003162 ; 102.372;
11 ; 10 ; 11 ; 0.0200781 ; 0.0288897 ; 0.0125619 ; 102.743;
12 ; 10 ; 11 ; 0.00902803 ; 0.0272154 ; 0.00644358 ; 102.484;
13 ; 10 ; 11 ; 0.00297992 ; 0.0183144 ; 0.0208422 ; 102.704;
14 ; 10 ; 11 ; -0.0039246 ; 0.0198196 ; 0.0208918 ; 102.449;
15 ; 10 ; 11 ; -0.003704 ; 0.00866281 ; 0.020289 ; 102.477;
16 ; 10 ; 11 ; -0.0110198 ; 0.0160014 ; 0.0140439 ; 102.441;
17 ; 10 ; 11 ; -0.0137291 ; 0.020822 ; 0.0241312 ; 102.265;
18 ; 10 ; 11 ; 0.00340033 ; 0.0170768 ; 0.00842545 ; 102.205;
19 ; 10 ; 11 ; -0.0005553 ; 0.0220506 ; 0.0127731 ; 102.007;
20 ; 10 ; 11 ; -0.000749536 ; 0.0238768 ; 0.0229872 ; 102.174;
21 ; 10 ; 11 ; 0.00269319 ; 0.0213747 ; 0.0244102 ; 102.116;
22 ; 10 ; 11 ; -0.000550863 ; 0.0165937 ; 0.0164158 ; 102.311;
23 ; 10 ; 11 ; -0.00778801 ; 0.0214441 ; 0.00737723 ; 102.52;
24 ; 10 ; 11 ; -0.0154879 ; 0.019692 ; 0.0140094 ; 102.594;
25 ; 10 ; 11 ; -0.0156003 ; 0.0221988 ; 0.0191326 ; 102.971;
26 ; 10 ; 11 ; -0.0342425 ; 0.019783 ; 0.0207277 ; 102.816;
27 ; 10 ; 11 ; -0.0155433 ; 0.0258106 ; 0.0107936 ; 102.845;
28 ; 10 ; 11 ; -0.029806 ; 0.0115002 ; 0.00486611 ; 103.003;
29 ; 10 ; 11 ; -0.0114276 ; 0.0223984 ; 0.0149486 ; 103.029;
30 ; 10 ; 11 ; -0.00732777 ; 0.00677801 ; 0.0142916 ; 103.117;
31 ; 10 ; 11 ; -0.00937029 ; 0.00778903 ; 0.0164559 ; 103.22;
32 ; 10 ; 11 ; -0.00589659 ; 0.01048 ; 0.00844632 ; 102.712;
33 ; 10 ; 11 ; -0.00305406 ; 0.0128191 ; 0.00799653 ; 102.862;
4 ; 11 ; 11 ; 0.00558759 ; -0.00324167 ; 0.0146351 ; 102.569;
5 ; 11 ; 11 ; -0.000591029 ; 0.0159569 ; 0.0288414 ; 102.688;
6 ; 11 ; 11 ; 0.0151656 ; 0.0121043 ; 0.0213102 ; 102.919;
7 ; 11 ; 11 ; 0.0131172 ; 0.0253069 ; 0.0229916 ; 102.691;
8 ; 11 ; 11 ; 0.0194548 ; 0.0134638 ; 0.0146487 ; 102.348;
9 ; 11 ; 11 ; 0.0170224 ; 0.0227411 ; 0.0104849 ; 102.414;
10 ; 11 ; 11 ; 0.0258436 ; 0.00149467 ; 0.0201051 ; 102.873;
11 ; 11 ; 11 ; 0.0247925 ; 0.0154738 ; 0.0142669 ; 102.433;
12 ; 11 ; 11 ; 0.00785926 ; 0.013497 ; 0.0317936 ; 103.027;
13 ; 11 ; 11 ; 0.0205465 ; 0.00167509 ; 0.0232259 ; 102.485;
14 ; 11 ; 11 ; 0.00129197 ; 0.0122874 ; 0.0318426 ; 102.706;
15 ; 11 ; 11 ; 0.0154039 ; 0.0240567 ; 0.0196276 ; 102.433;
16 ; 11 ; 11 ; 0.00298572 ; 0.0254941 ; 0.0104863 ; 102.405;
17 ; 11 ; 11 ; 0.00219916 ; 0.0179561 ; 0.0165302 ; 102.127;
18 ; 11 ; 11 ; 0.00325393 ; 0.0122825 ; 0.0186919 ; 102.566;
19 ; 11 ; 11 ; 0.00532906 ; 0.0151255 ; 0.0176348 ; 102.142;
20 ; 11 ; 11 ; 0.00432722 ; 0.0174449 ; 0.0108072 ; 102.012;
21 ; 11 ; 11 ; -0.0144315 ; 0.00768623 ; 0.0360371 ; 102.085;
22 ; 11 ; 11 ; -0.0128057 ; 0.0184701 ; 0.0281302 ; 102.486;
23 ; 11 ; 11 ; -0.00175849 ; 0.0182426 ; 0.0179834 ; 102.617;
24 ; 11 ; 11 ; -0.014612 ; 0.0244413 ; 0.00602349 ; 102.884;
25 ; 11 ; 11 ; -0.0161689 ; 0.0254005 ; 0.0156546 ; 102.918;
26 ; 11 ; 11 ; -0.0165294 ; 0.00247512 ; 0.0131813 ; 102.503;
27 ; 11 ; 11 ; -0.0247451 ; 0.0155065 ; 0.0157429 ; 103.08;
28 ; 11 ; 11 ; -0.0157334 ; 0.0252098 ; 0.0163741 ; 102.962;
29 ; 11 ; 11 ; -0.0167053 ; 0.0198151 ; 0.015537 ; 102.721;
30 ; 11 ; 11 ; -0.00643555 ; 0.014476 ; 0.0282991 ; 102.998;
31 ; 11 ; 11 ; -0.0158308 ; 0.00963322 ; 0.0105527 ; 102.658;
32 ; 11 ; 11 ; -0.0123788 ; 0.0152635 ; 0.00287156 ; 102.51;
33 ; 11 ; 11 ; -0.00588364 ; 0.00656531 ; 0.0122921 ; 102.121;
4 ; 12 ; 11 ; -0.00385291 ; 0.00674825 ; 0.0201279 ; 102.332;
5 ; 12 ; 11 ; 0.00354917 ; 0.0160381 ; 0.0241531 ; 103.3;
6 ; 12 ; 11 ; 0.00809581 ; 0.0179467 ; 0.00980968 ; 102.543;
7 ; 12 ; 11 ; 0.0190963 ; 0.0164617 ; 0.00747187 ; 102.671;
8 ; 12 ; 11 ; 0.0249902 ; 0.00464712 ; 0.0120755 ; 102.889;
9 ; 12 ; 11 ; 0.0140285 ; -4.92045e-05 ; 0.0171835 ; 102.644;
10 ; 12 ; 11 ; 0.0183692 ; 0.000541691 ; 0.0102338 ; 103.114;
11 ; 12 ; 11 ; 0.0186895 ; 0.00789945 ; 0.00513618 ; 102.71;
12 ; 12 ; 11 ; 0.0128131 ; 0.00601926 ; 0.0106229 ; 102.252;
13 ; 12 ; 11 ; 0.00633581 ; 0.016391 ; 0.030691 ; 102.296;
14 ; 12 ; 11 ; 0.005852 ; 0.014728 ; 0.0297623 ; 102.296;
15 ; 12 ; 11 ; 0.00688689 ; 0.0230741 ; 0.0274841 ; 101.81;
16 ; 12 ; 11 ; 0.004824 ; 0.0141406 ; 0.0171588 ; 102.524;
17 ; 12 ; 11 ; -0.00609099 ; 0.014661 ; 0.0251806 ; 102.217;
18 ; 12 ; 11 ; -0.0110864 ; 0.0173594 ; 0.00542472 ; 102.345;
19 ; 12 ; 11 ; 0.0053624 ; 0.00533831 ; 0.0267385 ; 102.46;
20 ; 12 ; 11 ; 0.0121156 ; 0.021113 ; 0.0185197 ; 102.609;
21 ; 12 ; 11 ; 0.0134472 ; 0.0302852 ; 0.0177077 ; 102.205;
22 ; 12 ; 11 ; 0.00997579 ; 0.0132402 ; 0.0156339 ; 101.93;
23 ; 12 ; 11 ; -0.0160871 ; 0.0114889 ; 0.00404328 ; 102.034;
24 ; 12 ; 11 ; 0.00320541 ; 0.00805005 ; 0.0221301 ; 102.061;
25 ; 12 ; 11 ; -0.00785012 ; 0.0153469 ; 0.0107589 ; 102.847;
26 ; 12 ; 11 ; -0.014064 ; 0.0236518 ; 0.0247625 ; 102.287;
27 ; 12 ; 11 ; -0.0292493 ; -0.000891438 ; 0.0183055 ; 102.863;
28 ; 12 ; 11 ; -0.0170309 ; 0.018718 ; 0.00764413 ; 102.517;
29 ; 12 ; 11 ; -0.0180797 ; 0.0131996 ; 0.0118784 ; 102.786;
30 ; 12 ; 11 ; -0.019098 ; 0.00942318 ; 0.0166525 ; 102.35;
31 ; 12 ; 11 ; -0.0114559 ; 0.0121797 ; 0.00887286 ; 102.4;
32 ; 12 ; 11 ; -0.0153971 ; 0.00891162 ; 0.0153088 ; 102.642;
33 ; 12 ; 11 ; -0.000235596 ; 0.0110176 ; 0.000784588 ; 102.531;
4 ; 13 ; 11 ; 0.00752614 ; 0.0127996 ; 0.0152154 ; 102.824;
5 ; 13 ; 11 ; 0.00140686 ; 0.00807233 ; 0.0213421 ; 102.478;
6 ; 13 ; 11 ; 0.0203442 ; 0.012046 ; 0.0239182 ; 102.357;
7 ; 13 ; 11 ; 0.0223957 ; 0.0125884 ; 0.0185659 ; 102.496;
8 ; 13 ; 11 ; 0.0279792 ; 0.00252312 ; 0.00512849 ; 102.527;
9 ; 13 ; 11 ; 0.0154237 ; 0.0273519 ; 0.0114507 ; 102.705;
10 ; 13 ; 11 ; 0.0369381 ; 0.0116423 ; 0.0172981 ; 102.785;
11 ; 13 ; 11 ; 0.0166527 ; -0.00286871 ; 0.0233806 ; 102.571;
12 ; 13 ; 11 ; 0.0124687 ; 0.0067913 ; 0.0191524 ; 102.38;
13 ; 13 ; 11 ; 0.0173911 ; 0.00886771 ; 0.0132229 ; 102.224;
14 ; 13 ; 11 ; 0.00364647 ; 0.0247129 ; 0.0322855 ; 102.478;
15 ; 13 ; 11 ; 0.0077691 ; 0.0165806 ; 0.0151143 ; 102.285;
16 ; 13 ; 11 ; -0.0172132 ; 0.0211942 ; 0.0152566 ; 102.352;
17 ; 13 ; 11 ; -0.00907251 ; 0.0144469 ; 0.0104013 ; 101.783;
18 ; 13 ; 11 ; 0.000977561 ; 0.00559197 ; 0.023403 ; 102.026;
19 ; 13 ; 11 ; -0.0103239 ; 0.01062 ; 0.0149179 ; 101.901;
20 ; 13 ; 11 ; 0.00509883 ; 0.0218647 ; 0.0149603 ; 102.226;
21 ; 13 ; 11 ; 0.0115591 ; 0.0152343 ; 0.0359675 ; 102.024;
22 ; 13 ; 11 ; -0.00854034 ; 0.00855404 ; 0.0144381 ; 102.037;
23 ; 13 ; 11 ; 0.0023048 ; 0.0215608 ; 0.0161001 ; 101.777;
24 ; 13 ; 11 ; -0.00122199 ; 0.0139477 ; 0.0279501 ; 101.983;
25 ; 13 ; 11 ; -0.0227242 ; 0.00835611 ; 0.0101427 ; 102.505;
26 ; 13 ; 11 ; -0.0204739 ; 0.00909663 ; 0.0274218 ; 102.653;
27 ; 13 ; 11 ; -0.0295946 ; -0.00523834 ; 0.004207 ; 102.361;
28 ; 13 ; 11 ; -0.0106423 ; -0.00160517 ; 0.0250913 ; 102.514;
29 ; 13 ; 11 ; -0.0184147 ; 0.019898 ; 0.0145623 ; 102.816;
30 ; 13 ; 11 ; -0.015225 ; 0.0115658 ; 0.0132158 ; 102.441;
31 ; 13 ; 11 ; -0.0196565 ; 0.0133408 ; -0.00304602 ; 102.89;
32 ; 13 ; 11 ; -0.00119803 ; 0.00395748 ; 0.0162887 ; 102.416;
33 ; 13 ; 11 ; 0.0032978 ; 0.000693934 ; 0.00678909 ; 102.41;
4 ; 14 ; 11 ; -0.00553931 ; 0.0093081 ; 0.0057949 ; 102.561;
5 ; 14 ; 11 ; 0.00804997 ; -0.000912478 ; 0.0173569 ; 102.201;
6 ; 14 ; 11 ; 0.0109965 ; 0.0108704 ; 0.0140317 ; 102.593;
7 ; 14 ; 11 ; 0.0185796 ; 0.00807371 ; 0.00985636 ; 102.338;
8 ; 14 ; 11 ; 0.0318546 ; -0.00326707 ; 0.00473493 ; 102.279;
9 ; 14 ; 11 ; 0.0327945 ; 0.0110284 ; 0.0179463 ; 102.64;
10 ; 14 ; 11 ; 0.0225862 ; 0.00865598 ; 0.0154008 ; 102.262;
11 ; 14 ; 11 ; 0.0159218 ; 0.00162633 ; 0.0245216 ; 102.137;
12 ; 14 ; 11 ; 0.00496548 ; -0.00251156 ; 0.0242091 ; 102.286;
13 ; 14 ; 11 ; 0.0211426 ; 0.00465843 ; 0.027854 ; 102.097;
14 ; 14 ; 11 ; 0.0110103 ; 0.00613026 ; 0.0312555 ; 102.322;
15 ; 14 ; 11 ; 0.00394045 ; 0.0086547 ; 0.0251858 ; 102.274;
16 ; 14 ; 11 ; 0.00255122 ; 0.00452321 ; 0.00387499 ; 101.985;
17 ; 14 ; 11 ; 0.0032439 ; 0.0116041 ; 0.021331 ; 102.039;
18 ; 14 ; 11 ; -0.00391504 ; 0.00691169 ; 0.0124403 ; 101.76;
19 ; 14 ; 11 ; 0.00542639 ; 0.0162845 ; 0.0141207 ; 101.674;
20 ; 14 ; 11 ; 0.009072 ; 0.0263062 ; 0.0119547 ; 102.656;
21 ; 14 ; 11 ; 0.00186811 ; -0.00360222 ; 0.0125308 ; 102.565;
22 ; 14 ; 11 ; 0.00289709 ; 0.0135735 ; 0.0203415 ; 101.809;
23 ; 14 ; 11 ; -0.000594056 ; 0.00575149 ; 0.0187398 ; 101.966;
24 ; 14 ; 11 ; -0.0100916 ; 0.00804077 ; 0.0155004 ; 102.213;
25 ; 14 ; 11 ; -0.00427032 ; 0.00252803 ; 0.0275214 ; 102.289;
26 ; 14 ; 11 ; -0.0141805 ; -0.000448498 ; 0.00603088 ; 102.559;
27 ; 14 ; 11 ; -0.0182188 ; -0.00953189 ; 0.0170245 ; 102.285;
28 ; 14 ; 11 ; -0.0222493 ; 0.00166852 ; 0.0212598 ; 102.565;
29 ; 14 ; 11 ; -0.0156793 ; 0.00329934 ; 0.00678545 ; 102.076;
30 ; 14 ; 11 ; -0.0147203 ; 0.00273574 ; 0.0140404 ; 102.203;
31 ; 14 ; 11 ; -0.0304356 ; -0.00744416 ; -0.00896704 ; 102.671;
32 ; 14 ; 11 ; -0.0216748 ; 0.0101158 ; 0.0125348 ; 102.322;
33 ; 14 ; 11 ; -0.011721 ; 0.0139056 ; 0.0199333 ; 102.365;
4 ; 15 ; 11 ; -0.00476937 ; 0.00338467 ; 0.00485831 ; 102.241;
5 ; 15 ; 11 ; -0.00692988 ; 0.00479127 ; 0.012671 ; 102.435;
6 ; 15 ; 11 ; 0.0134926 ; 0.00819156 ; 0.0157655 ; 101.862;
7 ; 15 ; 11 ; 0.019915 ; -0.00253868 ; 0.0159484 ; 102.458;
8 ; 15 ; 11 ; 0.0261233 ; -0.000291208 ; 0.00667932 ; 102.52;
9 ; 15 ; 11 ; 0.0094494 ; -0.000800927 ; 0.00939648 ; 102.755;
10 ; 15 ; 11 ; 0.0188314 ; -0.00306461 ; 0.0231677 ; 102.752;
11 ; 15 ; 11 ; 0.0205225 ; -0.00249189 ; 0.0218666 ; 102.449;
12 ; 15 ; 11 ; 0.0148698 ; 0.0114055 ; 0.0182386 ; 101.94;
13 ; 15 ; 11 ; 0.0134982 ; 0.00110929 ; 0.0161206 ; 101.852;
14 ; 15 ; 11 ; 0.017087 ; 0.000412052 ; 0.00145336 ; 101.535;
15 ; 15 ; 11 ; 0.0206964 ; 0.019062 ; 0.0300648 ; 102.014;
16 ; 15 ; 11 ; -0.0113747 ; 0.000181635 ; 0.0120156 ; 102.07;
17 ; 15 ; 11 ; -0.0068606 ; -0.0027485 ; 0.0166902 ; 101.627;
18 ; 15 ; 11 ; -0.00168157 ; 0.00617527 ; 0.0185692 ; 101.597;
19 ; 15 ; 11 ; -0.0107046 ; 0.0061649 ; 0.0102099 ; 102.103;
20 ; 15 ; 11 ; -0.00261987 ; 0.0146315 ; 0.031976 ; 101.677;
21 ; 15 ; 11 ; -0.00614726 ; 0.00986132 ; 0.0212607 ; 102.05;
22 ; 15 ; 11 ; -0.0138865 ; 0.0157763 ; 0.0103278 ; 101.556;
23 ; 15 ; 11 ; -0.0140447 ; 0.00262222 ; 0.0254085 ; 102.032;
24 ; 15 ; 11 ; -0.00047625 ; -0.00604637 ; 0.0178078 ; 102.182;
25 ; 15 ; 11 ; -0.0233127 ; -0.00299525 ; 0.0159816 ; 102.058;
26 ; 15 ; 11 ; -0.0236352 ; -0.00159773 ; 0.0143927 ; 102.399;
27 ; 15 ; 11 ; -0.0199211 ; 0.0189277 ; 0.0049122 ; 102.259;
28 ; 15 ; 11 ; -0.0165131 ; -0.00302025 ; 0.0198198 ; 102.338;
29 ; 15 ; 11 ; -0.0255412 ; -0.00172475 ; 0.0109685 ; 101.919;
30 ; 15 ; 11 ; -0.0150397 ; -0.0118787 ; 0.00711638 ; 102.132;
31 ; 15 ; 11 ; -0.011245 ; -0.0167783 ; 0.0213872 ; 102.814;
32 ; 15 ; 11 ; -0.0133903 ; -0.00336272 ; 0.0262856 ; 102.545;
33 ; 15 ; 11 ; -0.00203326 ; -0.0140901 ; 0.0153432 ; 102.549;
4 ; 16 ; 11 ; 0.00438058 ; 0.00367384 ; 0.0127986 ; 101.88;
5 ; 16 ; 11 ; 0.00365146 ; 0.00311327 ; 0.00466954 ; 102.157;
6 ; 16 ; 11 ; 0.0127862 ; 0.00926027 ; 0.0217127 ; 102.31;
7 ; 16 ; 11 ; 0.0248969 ; -0.00094702 ; 0.0185118 ; 102.456;
8 ; 16 ; 11 ; 0.0113304 ; 0.00498452 ; 0.00636551 ; 102.44;
9 ; 16 ; 11 ; 0.0191538 ; -0.00591219 ; 0.0229098 ; 102.902;
10 ; 16 ; 11 ; 0.0151532 ; -0.00510534 ; 0.0153278 ; 101.874;
11 ; 16 ; 11 ; 0.0192975 ; 0.000774509 ; 0.0264849 ; 102.37;
12 ; 16 ; 11 ; 0.0113285 ; 0.000685974 ; 0.013771 ; 102.37;
13 ; 16 ; 11 ; -0.00255831 ; 0.00129556 ; 0.0229834 ; 102.431;
14 ; 16 ; 11 ; 0.000553739 ; 0.0139986 ; 0.0208778 ; 102.177;
15 ; 16 ; 11 ; -0.000187799 ; 0.000950288 ; 0.0265806 ; 101.699;
16 ; 16 ; 11 ; 0.00555878 ; -0.000572604 ; 0.0258351 ; 101.892;
17 ; 16 ; 11 ; 0.00907541 ; 0.0055226 ; 0.0314338 ; 102.068;
18 ; 16 ; 11 ; 0.00652508 ; -0.00453171 ; 0.00566398 ; 101.491;
19 ; 16 ; 11 ; -0.00346237 ; 0.0090386 ; 0.0190804 ; 102.081;
20 ; 16 ; 11 ; 0.00426144 ; 0.00466493 ; 0.0168275 ; 101.999;
21 ; 16 ; 11 ; -0.00159221 ; 0.00134235 ; 0.0144845 ; 101.611;
22 ; 16 ; 11 ; -0.0165741 ; -0.00136461 ; 0.0165754 ; 101.851;
23 ; 16 ; 11 ; -0.00610701 ; -0.00369144 ; 0.0180962 ; 102.473;
24 ; 16 ; 11 ; -0.0112375 ; 0.00115069 ; 0.0253278 ; 101.972;
25 ; 16 ; 11 ; -0.0150817 ; 0.00554128 ; 0.0262996 ; 102.633;
26 ; 16 ; 11 ; -0.0194933 ; -0.014744 ; 0.0207494 ; 102.531;
27 ; 16 ; 11 ; -0.000398464 ; 0.00158037 ; 0.0122831 ; 102.436;
28 ; 16 ; 11 ; -0.0248645 ; -0.00839813 ; 0.0210325 ; 102.112;
29 ; 16 ; 11 ; -0.0221122 ; -0.00154556 ; 0.0119103 ; 102.535;
30 ; 16 ; 11 ; -0.00865727 ; 0.00616525 ; 0.0155477 ; 102.324;
31 ; 16 ; 11 ; -0.00335267 ; -0.0014611 ; 0.0168717 ; 101.66;
32 ; 16 ; 11 ; -0.00355619 ; -0.000253795 ; 0.0104967 ; 102.705;
33 ; 16 ; 11 ; 3.21732e-05 ; -0.00891127 ; 0.0263217 ; 102.028;
4 ; 17 ; 11 ; 0.0162316 ; -0.0101669 ; 0.0121943 ; 102.527;
5 ; 17 ; 11 ; 0.0175619 ; -0.00923393 ; 0.0159605 ; 102.647;
6 ; 17 ; 11 ; 0.0161154 ; 0.00528883 ; 0.0152696 ; 102.593;
7 ; 17 ; 11 ; 0.00520742 ; 0.00380828 ; 0.00373836 ; 102.352;
8 ; 17 ; 11 ; 0.0180091 ; 0.00282869 ; 0.00773794 ; 102.354;
9 ; 17 ; 11 ; 0.0190313 ; 0.00119528 ; 0.0191197 ; 102.42;
10 ; 17 ; 11 ; 0.0175374 ; -0.00751216 ; 0.01754 ; 102.409;
11 ; 17 ; 11 ; 0.0222575 ; 0.00308824 ; 0.0248757 ; 102.262;
12 ; 17 ; 11 ; 0.0119053 ; -0.00479495 ; 0.0178668 ; 101.684;
13 ; 17 ; 11 ; 0.00919846 ; -0.00419127 ; 0.0147053 ; 102.285;
14 ; 17 ; 11 ; -0.00634615 ; -0.00345529 ; 0.0380301 ; 101.805;
15 ; 17 ; 11 ; 0.0063958 ; -0.00627073 ; 0.0270238 ; 102.018;
16 ; 17 ; 11 ; 0.010563 ; 0.00281897 ; 0.0319241 ; 101.987;
17 ; 17 ; 11 ; 0.0110138 ; 0.00777524 ; 0.0345526 ; 101.76;
18 ; 17 ; 11 ; 0.00731574 ; 0.00211705 ; 0.0164398 ; 101.898;
19 ; 17 ; 11 ; 0.00628793 ; 0.00625651 ; 0.0270749 ; 101.455;
20 ; 17 ; 11 ; -0.00513114 ; 0.00682938 ; 0.0207343 ; 101.606;
21 ; 17 ; 11 ; -0.00397964 ; -0.000786703 ; 0.0113798 ; 102.294;
22 ; 17 ; 11 ; 0.00156841 ; -0.003622 ; 0.0164425 ; 101.991;
23 ; 17 ; 11 ; -0.0180579 ; -0.00201324 ; 0.0207203 ; 102.035;
24 ; 17 ; 11 ; -0.0153828 ; 0.00595839 ; 0.0166337 ; 102.006;
25 ; 17 ; 11 ; -0.0297864 ; -0.00114015 ; 0.0163531 ; 102.545;
26 ; 17 ; 11 ; -0.0175959 ; -0.00303306 ; 0.0103829 ; 102.287;
27 ; 17 ; 11 ; 0.00292282 ; 0.00457483 ; 0.0108498 ; 102.339;
28 ; 17 ; 11 ; -0.013352 ; -0.00324297 ; 0.0149255 ; 102.294;
29 ; 17 ; 11 ; -0.0320467 ; 0.000991806 ; 0.0047723 ; 102.239;
30 ; 17 ; 11 ; -0.0151224 ; 0.0131398 ; 0.0184321 ; 102.059;
31 ; 17 ; 11 ; -0.0194877 ; 0.000576903 ; 0.0120421 ; 102.14;
32 ; 17 ; 11 ; -0.0117083 ; -0.00158575 ; 0.0154829 ; 102.333;
33 ; 17 ; 11 ; -0.0179274 ; -0.00160162 ; 0.0137128 ; 102.058;
4 ; 18 ; 11 ; 0.0072932 ; 0.00188969 ; 0.0210252 ; 102.326;
5 ; 18 ; 11 ; 0.00997822 ; -0.00622522 ; 0.0195004 ; 102.391;
6 ; 18 ; 11 ; 0.012846 ; -0.00253026 ; -0.00473238 ; 102.019;
7 ; 18 ; 11 ; 0.0154787 ; -0.00104942 ; 0.0111117 ; 102.588;
8 ; 18 ; 11 ; 0.0320093 ; -0.0031127 ; 0.0211535 ; 102.655;
9 ; 18 ; 11 ; 0.0288072 ; -0.00338996 ; 0.0216923 ; 102.421;
10 ; 18 ; 11 ; 0.0262269 ; 0.0112268 ; 0.0178281 ; 102.352;
11 ; 18 ; 11 ; 0.0226986 ; 0.00279081 ; 0.019444 ; 101.962;
12 ; 18 ; 11 ; 0.0220691 ; -0.00610486 ; 0.0251867 ; 102.252;
13 ; 18 ; 11 ; 0.0185263 ; 0.00569174 ; 0.0305655 ; 102.023;
14 ; 18 ; 11 ; 0.0150093 ; 0.000494502 ; 0.00350667 ; 102.093;
15 ; 18 ; 11 ; 0.00679649 ; -0.0116176 ; 0.0182476 ; 101.715;
16 ; 18 ; 11 ; -0.00683005 ; 0.0126125 ; 0.0152388 ; 101.66;
17 ; 18 ; 11 ; -0.00108396 ; -0.00556968 ; 0.0187939 ; 101.988;
18 ; 18 ; 11 ; -0.00310272 ; 0.0124487 ; 0.0466339 ; 101.907;
19 ; 18 ; 11 ; 0.000218184 ; 0.00387972 ; 0.027533 ; 101.78;
20 ; 18 ; 11 ; -0.00127544 ; -0.00498645 ; 0.0153248 ; 102.093;
21 ; 18 ; 11 ; -0.00183542 ; 0.00276647 ; 0.0132005 ; 101.653;
22 ; 18 ; 11 ; -0.00129831 ; -0.00110247 ; 0.02075 ; 101.688;
23 ; 18 ; 11 ; -0.00603419 ; -0.0185258 ; 0.0243891 ; 101.668;
24 ; 18 ; 11 ; -0.00987574 ; 0.00846672 ; 0.0304624 ; 101.707;
25 ; 18 ; 11 ; -0.0208802 ; 0.0022843 ; 0.0210902 ; 102.383;
26 ; 18 ; 11 ; -0.0150814 ; -0.00713547 ; 0.0281593 ; 102.269;
27 ; 18 ; 11 ; -0.035447 ; 0.00374891 ; 0.0324978 ; 102.21;
28 ; 18 ; 11 ; -0.0230182 ; 0.00272789 ; 0.0159349 ; 102.409;
29 ; 18 ; 11 ; -0.0327012 ; 0.00804581 ; 0.025151 ; 102.572;
30 ; 18 ; 11 ; -0.0214331 ; -0.00454535 ; 0.0318651 ; 102.273;
31 ; 18 ; 11 ; -0.0253395 ; -0.00160713 ; 0.00554975 ; 101.854;
32 ; 18 ; 11 ; -0.0106717 ; 0.0132438 ; 0.0230368 ; 102.569;
33 ; 18 ; 11 ; -0.0120027 ; -0.00626376 ; 0.0139932 ; 102.168;
4 ; 19 ; 11 ; 0.0108419 ; 0.000706083 ; 0.0194232 ; 102.182;
5 ; 19 ; 11 ; 0.00451638 ; 0.00493774 ; 0.0145055 ; 102.425;
6 ; 19 ; 11 ; 0.00435956 ; 0.00135904 ; 0.0143951 ; 102.411;
7 ; 19 ; 11 ; 0.0284121 ; 0.00783543 ; 0.0140246 ; 101.769;
8 ; 19 ; 11 ; 0.0166137 ; 0.0052897 ; 0.00388884 ; 102.274;
9 ; 19 ; 11 ; 0.00540404 ; 0.00905565 ; 0.0204373 ; 102.231;
10 ; 19 ; 11 ; 0.00516249 ; -0.008007 ; 0.0170849 ; 102.691;
11 ; 19 ; 11 ; 0.00602016 ; 0.00504552 ; 0.0272592 ; 101.667;
12 ; 19 ; 11 ; 0.00753669 ; -0.00335915 ; 0.0184431 ; 102.017;
13 ; 19 ; 11 ; 0.00777718 ; -0.00640948 ; 0.0288882 ; 101.72;
14 ; 19 ; 11 ; 0.017954 ; -0.00647656 ; 0.0160692 ; 102.176;
15 ; 19 ; 11 ; -0.0086721 ; 0.00903288 ; 0.0152275 ; 101.895;
16 ; 19 ; 11 ; 0.0010433 ; -0.00317852 ; 0.028361 ; 102.223;
17 ; 19 ; 11 ; -0.0135019 ; 0.00383333 ; 0.0232601 ; 101.624;
18 ; 19 ; 11 ; -0.00238279 ; -0.00754603 ; 0.0251733 ; 101.342;
19 ; 19 ; 11 ; -0.00624431 ; 0.00213101 ; 0.020564 ; 101.441;
20 ; 19 ; 11 ; 0.00383245 ; -0.000583382 ; 0.00696451 ; 101.972;
21 ; 19 ; 11 ; -0.00220617 ; -0.00425236 ; 0.0207659 ; 101.825;
22 ; 19 ; 11 ; 0.00123851 ; 0.000861369 ; 0.02584 ; 101.651;
23 ; 19 ; 11 ; 0.00522161 ; 0.0021922 ; 0.000852454 ; 101.952;
24 ; 19 ; 11 ; -0.0142128 ; -0.000907478 ; 0.0206002 ; 102.026;
25 ; 19 ; 11 ; -0.0102286 ; 0.00341357 ; 0.0292246 ; 102.065;
26 ; 19 ; 11 ; -0.0130112 ; -0.00549484 ; 0.0276535 ; 102.262;
27 ; 19 ; 11 ; -0.0148434 ; -0.00250847 ; 0.0209205 ; 102.094;
28 ; 19 ; 11 ; -0.0248716 ; 0.00537431 ; 0.01297 ; 102.207;
29 ; 19 ; 11 ; -0.0169301 ; -0.00552458 ; 0.026937 ; 102.59;
30 ; 19 ; 11 ; -0.0229165 ; -0.00350384 ; 0.0247541 ; 102.403;
31 ; 19 ; 11 ; -0.0114823 ; -0.000373783 ; 0.0195553 ; 102.475;
32 ; 19 ; 11 ; -0.0188406 ; 0.000953318 ; 0.0197055 ; 102.176;
33 ; 19 ; 11 ; -0.00384129 ; -0.000617346 ; 0.0118044 ; 102.373;
4 ; 20 ; 11 ; -0.00598605 ; -0.0108186 ; 0.0152136 ; 102.548;
5 ; 20 ; 11 ; 0.00555496 ; 0.0187785 ; 0.0185633 ; 102.135;
6 ; 20 ; 11 ; 0.0180752 ; -0.00802827 ; 0.0156249 ; 102.798;
7 ; 20 ; 11 ; 0.0176475 ; 0.000486719 ; 0.0155084 ; 102.441;
8 ; 20 ; 11 ; 0.0224917 ; 0.0134968 ; 0.0216948 ; 102.076;
9 ; 20 ; 11 ; 0.016181 ; -0.0021616 ; 0.0290389 ; 102.208;
10 ; 20 ; 11 ; 0.0205403 ; -0.000850729 ; 0.0273518 ; 102.355;
11 ; 20 ; 11 ; 0.0193113 ; 0.00802504 ; 0.0140877 ; 101.881;
12 ; 20 ; 11 ; 0.0148561 ; -0.00047264 ; 0.0121143 ; 101.934;
13 ; 20 ; 11 ; 0.00839387 ; -0.00639521 ; 0.0247883 ; 102.407;
14 ; 20 ; 11 ; 0.0104468 ; -0.0124807 ; 0.0157124 ; 101.275;
15 ; 20 ; 11 ; 0.00596137 ; 0.00511823 ; 0.0155488 ; 102.004;
16 ; 20 ; 11 ; 0.015901 ; 0.0070069 ; 0.0377563 ; 101.92;
17 ; 20 ; 11 ; 0.007229 ; 0.00357193 ; 0.00704308 ; 102.013;
18 ; 20 ; 11 ; 0.00606672 ; -0.000818608 ; 0.0171648 ; 102.22;
19 ; 20 ; 11 ; -0.00981588 ; -0.000545839 ; 0.0334672 ; 101.701;
20 ; 20 ; 11 ; -0.0114132 ; -0.00557451 ; 0.0333526 ; 101.467;
21 ; 20 ; 11 ; 0.00169213 ; -3.53635e-05 ; 0.0164275 ; 102.209;
22 ; 20 ; 11 ; -0.00762366 ; -0.013603 ; 0.0201177 ; 102.103;
23 ; 20 ; 11 ; -0.0132221 ; -0.00228249 ; 0.0248215 ; 102.562;
24 ; 20 ; 11 ; -0.0201555 ; -0.00640203 ; 0.0195138 ; 101.796;
25 ; 20 ; 11 ; -0.00894368 ; 0.0111516 ; 0.0150955 ; 102.661;
26 ; 20 ; 11 ; -0.00799376 ; 0.0148951 ; 0.0115283 ; 102.22;
27 ; 20 ; 11 ; -0.0203923 ; 0.00702508 ; 0.0203704 ; 102.122;
28 ; 20 ; 11 ; -0.0239749 ; -0.0119213 ; 0.0139881 ; 102.425;
29 ; 20 ; 11 ; -0.0205139 ; 0.00145636 ; 0.0105161 ; 102.362;
30 ; 20 ; 11 ; -0.023742 ; -0.00331833 ; 0.0141775 ; 102.687;
31 ; 20 ; 11 ; -0.0238351 ; -0.00345569 ; 0.00897049 ; 101.891;
32 ; 20 ; 11 ; -0.0171965 ; -8.66805e-05 ; 0.00932077 ; 102.17;
33 ; 20 ; 11 ; -0.00395681 ; 0.00993052 ; 0.00982929 ; 102.476;
4 ; 21 ; 11 ; 0.0131377 ; 0.00158245 ; 0.0125155 ; 102.578;
5 ; 21 ; 11 ; 0.018061 ; -0.00697033 ; 0.0158653 ; 102.433;
6 ; 21 ; 11 ; 0.0284957 ; 3.04087e-05 ; 0.0140653 ; 102.707;
7 ; 21 ; 11 ; 0.0221295 ; -0.00320234 ; 0.0117822 ; 102.558;
8 ; 21 ; 11 ; 0.0103641 ; 0.0136808 ; 0.0186779 ; 102.386;
9 ; 21 ; 11 ; 0.0241758 ; 0.00884844 ; 0.00737662 ; 102.41;
10 ; 21 ; 11 ; 0.0291425 ; -4.06625e-05 ; 0.0203647 ; 102.095;
11 ; 21 ; 11 ; 0.031248 ; -0.0201741 ; 0.0107444 ; 102.429;
12 ; 21 ; 11 ; 0.0141462 ; -0.00655049 ; 0.0211362 ; 102.325;
13 ; 21 ; 11 ; 0.0144247 ; -0.00183106 ; 0.0207028 ; 101.782;
14 ; 21 ; 11 ; -0.00297729 ; -0.0094167 ; 0.0218151 ; 102.114;
15 ; 21 ; 11 ; -0.0044573 ; 0.000207605 ; 0.0165591 ; 101.905;
16 ; 21 ; 11 ; 0.0139418 ; 0.00710183 ; 0.0255372 ; 101.965;
17 ; 21 ; 11 ; -0.00327707 ; 0.0139086 ; 0.0346311 ; 102.115;
18 ; 21 ; 11 ; 0.00083801 ; -0.0117458 ; 0.0229441 ; 101.887;
19 ; 21 ; 11 ; 0.011008 ; -0.00405667 ; 0.0212452 ; 101.726;
20 ; 21 ; 11 ; -0.0160765 ; 0.00572851 ; 0.0211068 ; 102.097;
21 ; 21 ; 11 ; 0.000484682 ; 0.00033337 ; 0.0297972 ; 102.056;
22 ; 21 ; 11 ; -0.00413061 ; -0.00773371 ; 0.0300335 ; 101.443;
23 ; 21 ; 11 ; -0.0187696 ; -0.00147402 ; 0.0272557 ; 102.049;
24 ; 21 ; 11 ; -0.0277859 ; -0.0064757 ; 0.0267423 ; 102.179;
25 ; 21 ; 11 ; -0.023824 ; 0.00788877 ; 0.0248087 ; 101.983;
26 ; 21 ; 11 ; -0.00917248 ; -0.00241461 ; 0.0194701 ; 102.54;
27 ; 21 ; 11 ; -0.0286603 ; -0.00575662 ; 0.0167178 ; 102.363;
28 ; 21 ; 11 ; -0.0259366 ; 0.00405172 ; 0.0157129 ; 102.762;
29 ; 21 ; 11 ; -0.0284499 ; 0.0099729 ; 0.0280163 ; 102.388;
30 ; 21 ; 11 ; -0.0170687 ; 0.0074683 ; 0.0207746 ; 102.7;
31 ; 21 ; 11 ; -0.0229258 ; 0.000794082 ; 0.0162802 ; 102.362;
32 ; 21 ; 11 ; -0.0209779 ; 0.00169827 ; 0.0106443 ; 102.531;
33 ; 21 ; 11 ; -0.00835802 ; 0.0123424 ; 0.0221252 ; 101.771;
4 ; 22 ; 11 ; 0.000610773 ; -0.0190169 ; 0.0117154 ; 102.498;
5 ; 22 ; 11 ; 0.00327257 ; -0.0115805 ; 0.0225067 ; 101.986;
6 ; 22 ; 11 ; 0.00764495 ; 0.00554489 ; 0.0141075 ; 102.61;
7 ; 22 ; 11 ; 0.0302442 ; 0.00109939 ; 0.00343373 ; 102.465;
8 ; 22 ; 11 ; 0.0140342 ; -0.000371872 ; 0.0295016 ; 102.507;
9 ; 22 ; 11 ; 0.0144767 ; -0.000557873 ; 0.0137563 ; 102.578;
10 ; 22 ; 11 ; 0.0244195 ; -0.00371448 ; 0.0320599 ; 102.36;
11 ; 22 ; 11 ; 0.0115525 ; -0.0018111 ; 0.0213219 ; 102.544;
12 ; 22 ; 11 ; 0.00736001 ; -0.0159556 ; 0.0235406 ; 102.05;
13 ; 22 ; 11 ; 0.0062254 ; -0.00435959 ; 0.0266698 ; 102.045;
14 ; 22 ; 11 ; 0.00537049 ; -0.00892607 ; 0.0185243 ; 102.25;
15 ; 22 ; 11 ; -0.00232446 ; -0.00906981 ; 0.0183396 ; 102.01;
16 ; 22 ; 11 ; -0.000460966 ; 0.00709655 ; 0.0254507 ; 102.117;
17 ; 22 ; 11 ; -0.00940965 ; 0.00376681 ; 0.0158841 ; 102.106;
18 ; 22 ; 11 ; 6.24876e-05 ; -0.00407798 ; 0.00688643 ; 101.61;
19 ; 22 ; 11 ; -0.00685942 ; -0.0147192 ; 0.0184891 ; 101.721;
20 ; 22 ; 11 ; -0.00870255 ; -0.0129172 ; 0.0244837 ; 101.718;
21 ; 22 ; 11 ; 0.00407075 ; 0.00243303 ; 0.018106 ; 101.799;
22 ; 22 ; 11 ; -0.0084674 ; 0.0043804 ; 0.0207833 ; 102.253;
23 ; 22 ; 11 ; -0.0104812 ; -0.00231168 ; 0.0224724 ; 102.007;
24 ; 22 ; 11 ; -0.00337115 ; 0.00762821 ; 0.0183931 ; 102.126;
25 ; 22 ; 11 ; -0.026221 ; -0.00277549 ; 0.017232 ; 102.236;
26 ; 22 ; 11 ; -0.018804 ; -0.00289667 ; 0.0132265 ; 102.34;
27 ; 22 ; 11 ; -0.0220253 ; 0.00646189 ; 0.00818633 ; 102.277;
28 ; 22 ; 11 ; -0.0261617 ; 0.000591476 ; 0.00507922 ; 102.641;
29 ; 22 ; 11 ; -0.0262015 ; -0.0109314 ; 0.013335 ; 102.702;
30 ; 22 ; 11 ; -0.0208711 ; -0.00402665 ; 0.0246963 ; 102.462;
31 ; 22 ; 11 ; -0.0141615 ; 0.00444906 ; 0.0211267 ; 102.303;
32 ; 22 ; 11 ; -0.000931035 ; -0.0103579 ; 0.0154593 ; 101.913;
33 ; 22 ; 11 ; 0.00124252 ; 0.00737549 ; 0.0151634 ; 102.431;
4 ; 23 ; 11 ; -0.000744208 ; -0.0094532 ; 0.00892051 ; 102.895;
5 ; 23 ; 11 ; -0.00545405 ; -0.0031177 ; 0.0203759 ; 102.57;
6 ; 23 ; 11 ; 0.0258128 ; -0.00245758 ; 0.0306441 ; 102.742;
7 ; 23 ; 11 ; 0.0206662 ; -0.00070138 ; 0.020249 ; 102.37;
8 ; 23 ; 11 ; 0.0169609 ; -0.0117173 ; 0.00189201 ; 102.594;
9 ; 23 ; 11 ; 0.0275135 ; -0.00727477 ; 0.000602103 ; 102.471;
10 ; 23 ; 11 ; 0.0208588 ; -0.0163697 ; 0.0186771 ; 102.673;
11 ; 23 ; 11 ; 0.0139641 ; -0.0219452 ; 0.0132054 ; 102.837;
12 ; 23 ; 11 ; 0.00682109 ; -0.0129616 ; 0.0336456 ; 102.23;
13 ; 23 ; 11 ; 0.0107446 ; -0.00517475 ; 0.0175564 ; 102.028;
14 ; 23 ; 11 ; -0.0118211 ; -0.00944082 ; 0.0199965 ; 102.103;
15 ; 23 ; 11 ; 0.00269363 ; -0.00196467 ; 0.0194293 ; 102.176;
16 ; 23 ; 11 ; -0.00525189 ; -0.00196244 ; 0.0303852 ; 102.071;
17 ; 23 ; 11 ; 0.000544496 ; -0.0120701 ; 0.0118797 ; 101.978;
18 ; 23 ; 11 ; 0.010818 ; -0.0134356 ; 0.0371661 ; 101.58;
19 ; 23 ; 11 ; -0.000321645 ; -0.00125927 ; 0.0200533 ; 101.623;
20 ; 23 ; 11 ; -0.0105979 ; 0.00716545 ; 0.0146552 ; 102.193;
21 ; 23 ; 11 ; -0.0082388 ; -0.018426 ; 0.0144855 ; 102.3;
22 ; 23 ; 11 ; -0.00554363 ; -0.00856899 ; 0.0221279 ; 101.551;
23 ; 23 ; 11 ; -0.0213635 ; -0.0218817 ; 0.0013874 ; 101.895;
24 ; 23 ; 11 ; -0.0142977 ; -0.00778737 ; 0.0215069 ; 102.135;
25 ; 23 ; 11 ; -0.0212248 ; -0.0134902 ; 0.00625194 ; 103.132;
26 ; 23 ; 11 ; -0.0241504 ; -0.00514122 ; 0.0185886 ; 102.322;
27 ; 23 ; 11 ; -0.0297908 ; -0.0101415 ; 0.0092527 ; 102.579;
28 ; 23 ; 11 ; -0.0214723 ; 0.00065828 ; 0.00980843 ; 102.035;
29 ; 23 ; 11 ; -0.0309424 ; 0.00390245 ; 0.00882861 ; 102.468;
30 ; 23 ; 11 ; -0.00835597 ; 0.00129315 ; 0.0211323 ; 101.898;
31 ; 23 ; 11 ; -0.0111411 ; -0.00537834 ; 0.0194155 ; 102.268;
32 ; 23 ; 11 ; -0.0149343 ; -0.0137235 ; 0.00557613 ; 102.525;
33 ; 23 ; 11 ; -0.00514134 ; -0.000486942 ; 0.0221474 ; 102.702;
4 ; 24 ; 11 ; -0.00227317 ; -0.0162784 ; 0.0156765 ; 102.755;
5 ; 24 ; 11 ; -0.00522269 ; 0.00415281 ; 0.0021463 ; 102.47;
6 ; 24 ; 11 ; 0.0190126 ; -0.00599427 ; 0.00775678 ; 102.54;
7 ; 24 ; 11 ; 0.0276721 ; -0.00657281 ; 0.0169312 ; 102.685;
8 ; 24 ; 11 ; 0.0206164 ; -0.00691552 ; 0.013654 ; 102.4;
9 ; 24 ; 11 ; 0.0105237 ; -0.00201612 ; 0.0159164 ; 102.745;
10 ; 24 ; 11 ; 0.01801 ; -0.00783282 ; 0.0226138 ; 102.641;
11 ; 24 ; 11 ; 0.0244214 ; -0.0048613 ; 0.0132654 ; 102.108;
12 ; 24 ; 11 ; 0.00940659 ; -0.00957842 ; 0.0189822 ; 102.219;
13 ; 24 ; 11 ; 0.0117373 ; -0.000451853 ; 0.0228841 ; 102.024;
14 ; 24 ; 11 ; 0.00109489 ; 0.00392525 ; 0.0168891 ; 101.927;
15 ; 24 ; 11 ; -0.00268248 ; -0.010737 ; 0.0242074 ; 102.62;
16 ; 24 ; 11 ; -0.0020107 ; -0.000985622 ; 0.0237019 ; 102.387;
17 ; 24 ; 11 ; 0.000305043 ; -0.0121551 ; 0.0169203 ; 101.572;
18 ; 24 ; 11 ; -0.00176754 ; -0.0107443 ; 0.0120509 ; 101.791;
19 ; 24 ; 11 ; 0.0132478 ; -0.0207869 ; 0.0296737 ; 102.092;
20 ; 24 ; 11 ; -0.00210719 ; -0.0186065 ; 0.0154897 ; 102.018;
21 ; 24 ; 11 ; -0.00179183 ; -0.0122808 ; 0.0108319 ; 102.315;
22 ; 24 ; 11 ; -0.0125078 ; -0.00403788 ; 0.0153742 ; 102.15;
23 ; 24 ; 11 ; -0.00858793 ; -0.0064098 ; 0.0175737 ; 102.317;
24 ; 24 ; 11 ; -0.0157669 ; -0.00317028 ; 0.0144165 ; 102.497;
25 ; 24 ; 11 ; -0.0258124 ; -0.0167861 ; 0.0203924 ; 102.236;
26 ; 24 ; 11 ; -0.0138372 ; -0.0226193 ; 0.0192114 ; 102.658;
27 ; 24 ; 11 ; -0.0214728 ; -0.0174169 ; 0.0151034 ; 102.404;
28 ; 24 ; 11 ; -0.0233266 ; -0.00762103 ; 0.00344891 ; 102.445;
29 ; 24 ; 11 ; -0.0346492 ; -0.00958167 ; 0.0149262 ; 102.872;
30 ; 24 ; 11 ; -0.0123365 ; 0.0103 ; 0.0245952 ; 102.328;
31 ; 24 ; 11 ; -0.00335759 ; -0.00790169 ; 0.00725504 ; 102.623;
32 ; 24 ; 11 ; -0.0210978 ; -0.0221219 ; 0.013257 ; 102.126;
33 ; 24 ; 11 ; -0.00536763 ; -0.00393582 ; 0.00673271 ; 102.219;
4 ; 25 ; 11 ; 0.00481195 ; -0.00676119 ; 0.00146307 ; 102.129;
5 ; 25 ; 11 ; 0.00277164 ; -0.00432144 ; 0.0137155 ; 102.59;
6 ; 25 ; 11 ; 0.0307117 ; -0.0143019 ; 0.0113842 ; 102.648;
7 ; 25 ; 11 ; 0.0130096 ; -0.00547688 ; 0.003004 ; 102.813;
8 ; 25 ; 11 ; 0.0184203 ; -0.00599187 ; 0.00161818 ; 103.139;
9 ; 25 ; 11 ; 0.0208134 ; -0.00531552 ; 0.00145893 ; 102.654;
10 ; 25 ; 11 ; 0.0157652 ; -0.0103779 ; 0.00373156 ; 102.882;
11 ; 25 ; 11 ; 0.00964715 ; -0.00848069 ; 0.0120633 ; 102.77;
12 ; 25 ; 11 ; 0.00958869 ; -0.0197328 ; 0.0331414 ; 102.652;
13 ; 25 ; 11 ; 0.00319657 ; -0.0100835 ; 0.0219634 ; 102.721;
14 ; 25 ; 11 ; 0.00206334 ; -0.00520455 ; 0.0220625 ; 102.116;
15 ; 25 ; 11 ; 0.00133744 ; -0.00865029 ; 0.0191132 ; 102.318;
16 ; 25 ; 11 ; -0.000558054 ; -0.00684152 ; 0.0173484 ; 101.776;
17 ; 25 ; 11 ; 0.00265907 ; -0.00926276 ; 0.0123238 ; 102.389;
18 ; 25 ; 11 ; -0.00853856 ; -0.0126395 ; 0.0268459 ; 102.37;
19 ; 25 ; 11 ; -0.0116899 ; -0.0240489 ; 0.012967 ; 101.664;
20 ; 25 ; 11 ; -0.00261153 ; -0.014307 ; 0.00529139 ; 101.723;
21 ; 25 ; 11 ; -0.00583412 ; -0.015576 ; 0.0153783 ; 102.271;
22 ; 25 ; 11 ; 0.000283361 ; -0.0155798 ; 0.00841612 ; 102.056;
23 ; 25 ; 11 ; -0.0102918 ; -0.0112616 ; 0.0180794 ; 102.346;
24 ; 25 ; 11 ; -0.00445318 ; 6.2908e-06 ; 0.015475 ; 102.019;
25 ; 25 ; 11 ; -0.0121315 ; -0.00658375 ; 0.0209023 ; 102.494;
26 ; 25 ; 11 ; -0.0231802 ; -0.0158379 ; 0.014176 ; 102.777;
27 ; 25 ; 11 ; -0.0193746 ; -0.0188383 ; 0.0160385 ; 102.915;
28 ; 25 ; 11 ; -0.0239553 ; -0.0191892 ; 0.0223973 ; 102.919;
29 ; 25 ; 11 ; -0.0203965 ; 0.00122555 ; 0.0119737 ; 102.831;
30 ; 25 ; 11 ; -0.00680273 ; -0.00791707 ; 0.0238354 ; 102.622;
31 ; 25 ; 11 ; -0.0127985 ; 0.00191767 ; 0.00351629 ; 102.699;
32 ; 25 ; 11 ; -0.0171114 ; -0.00796824 ; 0.0148018 ; 102.923;
33 ; 25 ; 11 ; -0.00493946 ; -0.00377061 ; 0.0120372 ; 102.514;
4 ; 26 ; 11 ; 0.00613951 ; -0.0118452 ; 0.00555996 ; 102.682;
5 ; 26 ; 11 ; 0.00392091 ; -0.0191553 ; 0.0238972 ; 102.863;
6 ; 26 ; 11 ; 0.0136647 ; -0.0110345 ; 0.0259658 ; 102.675;
7 ; 26 ; 11 ; 0.0181442 ; 0.00481643 ; 0.00875333 ; 102.728;
8 ; 26 ; 11 ; 0.0140495 ; -0.0100561 ; 0.0159475 ; 102.45;
9 ; 26 ; 11 ; 0.016976 ; -0.00970817 ; 0.0126661 ; 102.424;
10 ; 26 ; 11 ; 0.00515323 ; -0.0116057 ; 0.0146004 ; 102.537;
11 ; 26 ; 11 ; 0.0207762 ; -0.0118539 ; 0.0140124 ; 102.558;
12 ; 26 ; 11 ; 0.00253317 ; -0.0139895 ; 0.0190254 ; 102.569;
13 ; 26 ; 11 ; 0.010378 ; -0.0167683 ; -0.000332034 ; 102.382;
14 ; 26 ; 11 ; 0.0116006 ; -0.0173764 ; 0.0187028 ; 102.843;
15 ; 26 ; 11 ; -0.00938056 ; -0.0242422 ; 0.0229761 ; 102.481;
16 ; 26 ; 11 ; 0.00834589 ; -0.0102767 ; 0.023199 ; 101.96;
17 ; 26 ; 11 ; -0.00347209 ; -0.019131 ; 0.0104536 ; 102.349;
18 ; 26 ; 11 ; -0.00362232 ; -0.0153792 ; 0.0118079 ; 101.903;
19 ; 26 ; 11 ; -0.00883252 ; -0.023283 ; 0.0252749 ; 101.977;
20 ; 26 ; 11 ; 0.00495415 ; -0.0254782 ; 0.0054166 ; 102.588;
21 ; 26 ; 11 ; -0.00796659 ; -0.0230411 ; 0.0283294 ; 102.222;
22 ; 26 ; 11 ; -0.0049611 ; -0.0166575 ; 0.0340866 ; 102.341;
23 ; 26 ; 11 ; 0.00223122 ; -0.0212911 ; 0.0212409 ; 102.258;
24 ; 26 ; 11 ; 0.00372535 ; -0.0168806 ; 0.0222016 ; 102.074;
25 ; 26 ; 11 ; -0.00976818 ; -0.0145339 ; 0.0202084 ; 102.642;
26 ; 26 ; 11 ; -0.014772 ; -0.0244029 ; 0.0122821 ; 102.418;
27 ; 26 ; 11 ; -0.0132526 ; -0.00761379 ; 0.0120779 ; 103.06;
28 ; 26 ; 11 ; -0.0128644 ; -0.0160471 ; 0.0107766 ; 102.728;
29 ; 26 ; 11 ; -0.019874 ; -0.0234193 ; 0.00599986 ; 102.967;
30 ; 26 ; 11 ; -0.0148292 ; -0.0145859 ; 0.00183235 ; 102.746;
31 ; 26 ; 11 ; -0.0164719 ; -0.00951775 ; 0.00455575 ; 102.613;
32 ; 26 ; 11 ; -0.00256443 ; -0.0105613 ; 0.0135147 ; 102.906;
33 ; 26 ; 11 ; 0.00107982 ; -0.0063269 ; 0.0135787 ; 102.09;
4 ; 27 ; 11 ; 0.00709181 ; -0.0113992 ; 0.00479699 ; 102.286;
5 ; 27 ; 11 ; 0.012987 ; -0.0318696 ; -0.00167144 ; 102.691;
6 ; 27 ; 11 ; 0.0211553 ; -0.0159802 ; 0.00396142 ; 102.74;
7 ; 27 ; 11 ; 0.0212512 ; -0.0297968 ; 0.00916832 ; 103.003;
8 ; 27 ; 11 ; 0.0199492 ; -0.0109368 ; 0.00744493 ; 103.016;
9 ; 27 ; 11 ; 0.0220279 ; -0.0143351 ; 0.017082 ; 103.096;
10 ; 27 ; 11 ; 0.0108157 ; -0.00972492 ; 0.0172863 ; 102.593;
11 ; 27 ; 11 ; 0.0146718 ; -0.0157415 ; 0.0114401 ; 102.701;
12 ; 27 ; 11 ; 0.0116584 ; -0.0146673 ; 0.0234491 ; 102.318;
13 ; 27 ; 11 ; 0.00466871 ; -0.0169041 ; 0.0102504 ; 102.216;
14 ; 27 ; 11 ; 0.00863268 ; -0.0158716 ; 0.00892383 ; 102.332;
15 ; 27 ; 11 ; 0.0119315 ; -0.0315717 ; 0.0235318 ; 102.339;
16 ; 27 ; 11 ; -0.00567141 ; -0.0270264 ; 0.0155213 ; 102.632;
17 ; 27 ; 11 ; -0.00103928 ; -0.024878 ; 0.0148642 ; 102.136;
18 ; 27 ; 11 ; -0.0148978 ; -0.0124762 ; 0.0201785 ; 102.261;
19 ; 27 ; 11 ; -0.00891766 ; -0.0276451 ; 0.00955453 ; 102.074;
20 ; 27 ; 11 ; -0.00354161 ; -0.0156746 ; 0.0119024 ; 102.291;
21 ; 27 ; 11 ; -0.00193239 ; -0.0309845 ; 0.0198422 ; 101.882;
22 ; 27 ; 11 ; -0.00668648 ; -0.030505 ; 0.019365 ; 102.179;
23 ; 27 ; 11 ; -0.0183913 ; -0.0330924 ; 0.0111353 ; 102.572;
24 ; 27 ; 11 ; -0.0124081 ; -0.00258183 ; 0.0239454 ; 102.038;
25 ; 27 ; 11 ; 0.00565815 ; -0.0129565 ; 0.0193979 ; 102.438;
26 ; 27 ; 11 ; -0.0114803 ; -0.0178156 ; 0.0172741 ; 102.621;
27 ; 27 ; 11 ; -0.0243057 ; -0.0198853 ; 0.0137479 ; 103.003;
28 ; 27 ; 11 ; -0.0187084 ; -0.00624286 ; 0.0208486 ; 102.826;
29 ; 27 ; 11 ; -0.014981 ; -0.012943 ; 0.0152918 ; 103.173;
30 ; 27 ; 11 ; -0.014714 ; -0.00659126 ; 0.00714297 ; 102.966;
31 ; 27 ; 11 ; -0.0125923 ; -0.00911113 ; 0.00395366 ; 102.703;
32 ; 27 ; 11 ; -0.0159857 ; -0.00214462 ; 0.0160389 ; 102.582;
33 ; 27 ; 11 ; -0.00318407 ; -0.00559485 ; 0.00401841 ; 102.96;
4 ; 28 ; 11 ; -0.00710216 ; -0.0177232 ; 0.0150336 ; 102.722;
5 ; 28 ; 11 ; 0.00445665 ; -0.0180808 ; 0.00841768 ; 102.609;
6 ; 28 ; 11 ; 0.0137378 ; -0.0218099 ; 0.00855598 ; 102.68;
7 ; 28 ; 11 ; 0.0248625 ; -0.0181481 ; 0.0122643 ; 102.465;
8 ; 28 ; 11 ; 0.0138984 ; -0.0162418 ; 0.00651969 ; 102.814;
9 ; 28 ; 11 ; 0.038295 ; -0.0185316 ; 0.00597995 ; 103.159;
10 ; 28 ; 11 ; 0.0173011 ; -0.0222354 ; 0.00197827 ; 102.657;
11 ; 28 ; 11 ; 0.0107579 ; -0.0196735 ; 0.00812693 ; 102.888;
12 ; 28 ; 11 ; 0.00798869 ; -0.0250759 ; 0.0234899 ; 102.346;
13 ; 28 ; 11 ; 0.0114147 ; -0.0241366 ; 0.0251333 ; 102.473;
14 ; 28 ; 11 ; -0.00373793 ; -0.0182734 ; 0.0194608 ; 102.932;
15 ; 28 ; 11 ; 0.0116983 ; -0.0345167 ; 0.0211337 ; 102.318;
16 ; 28 ; 11 ; 0.0132994 ; -0.0313536 ; 0.00334054 ; 102.236;
17 ; 28 ; 11 ; -0.000541181 ; -0.0289354 ; 0.0121977 ; 102.514;
18 ; 28 ; 11 ; -0.00454665 ; -0.022919 ; 0.0130242 ; 102.484;
19 ; 28 ; 11 ; -0.0174606 ; -0.0267755 ; 0.0177628 ; 102.062;
20 ; 28 ; 11 ; 0.00571388 ; -0.0302556 ; 0.0241364 ; 101.792;
21 ; 28 ; 11 ; -0.0013139 ; -0.016806 ; 0.0172954 ; 102.462;
22 ; 28 ; 11 ; -0.00642432 ; -0.00432597 ; 0.0120039 ; 102.615;
23 ; 28 ; 11 ; -0.0119174 ; -0.0192828 ; 0.0119264 ; 102.493;
24 ; 28 ; 11 ; -0.00628827 ; -0.00421696 ; 0.0215208 ; 103.186;
25 ; 28 ; 11 ; -0.00619456 ; -0.0243489 ; 0.0196265 ; 102.605;
26 ; 28 ; 11 ; -0.0193109 ; -0.024515 ; 0.0136257 ; 102.683;
27 ; 28 ; 11 ; -0.010558 ; -0.0238549 ; 0.0114452 ; 102.496;
28 ; 28 ; 11 ; -0.00963579 ; -0.0101732 ; 0.0070192 ; 102.75;
29 ; 28 ; 11 ; -0.0165071 ; -0.00853329 ; 0.00989388 ; 102.962;
30 ; 28 ; 11 ; -0.00395619 ; -0.0183332 ; 0.0241906 ; 102.737;
31 ; 28 ; 11 ; -0.00919882 ; -0.011928 ; 0.00342801 ; 102.789;
32 ; 28 ; 11 ; -0.0140971 ; -0.0143036 ; -0.00386143 ; 103.134;
33 ; 28 ; 11 ; -0.00500136 ; -0.0169339 ; 0.0146813 ; 102.5;
4 ; 29 ; 11 ; 0.00816757 ; -0.0170786 ; 0.0176068 ; 102.966;
5 ; 29 ; 11 ; 0.00790769 ; -0.00966226 ; 0.0117736 ; 102.884;
6 ; 29 ; 11 ; 0.00655009 ; -0.020727 ; 0.0142132 ; 103.188;
7 ; 29 ; 11 ; 0.00750194 ; -0.00937074 ; 0.0056297 ; 102.909;
8 ; 29 ; 11 ; 0.0106265 ; -0.0142022 ; 0.0091983 ; 102.425;
9 ; 29 ; 11 ; 0.00537002 ; -0.0184434 ; 0.00619754 ; 103.264;
10 ; 29 ; 11 ; 0.0106064 ; -0.0145292 ; 0.00131477 ; 102.733;
11 ; 29 ; 11 ; 0.0118337 ; -0.0245015 ; 0.0156558 ; 103.358;
12 ; 29 ; 11 ; 0.00687067 ; -0.0192726 ; 0.0137506 ; 102.892;
13 ; 29 ; 11 ; 0.0020854 ; -0.0173479 ; 0.00290598 ; 102.582;
14 ; 29 ; 11 ; 0.0106426 ; -0.0211024 ; 0.0166368 ; 102.431;
15 ; 29 ; 11 ; -0.00929318 ; -0.0208225 ; 0.0104793 ; 102.456;
16 ; 29 ; 11 ; 0.00436603 ; -0.0227759 ; 0.0183688 ; 102.382;
17 ; 29 ; 11 ; 0.0039208 ; -0.0253865 ; 0.00795267 ; 102.265;
18 ; 29 ; 11 ; -0.0108859 ; -0.026638 ; 0.0162212 ; 102.318;
19 ; 29 ; 11 ; -0.00127379 ; -0.0246243 ; 0.0132468 ; 102.345;
20 ; 29 ; 11 ; -0.00285195 ; -0.0249161 ; 0.0130588 ; 102.61;
21 ; 29 ; 11 ; -0.00278268 ; -0.010776 ; 0.0138987 ; 102.496;
22 ; 29 ; 11 ; 0.00461712 ; -0.0137157 ; 0.00590775 ; 102.866;
23 ; 29 ; 11 ; -0.00615716 ; -0.0214061 ; 0.00464685 ; 102.226;
24 ; 29 ; 11 ; -0.0061006 ; -0.0121239 ; 0.0107249 ; 102.459;
25 ; 29 ; 11 ; -0.0134195 ; -0.0142232 ; 0.019257 ; 102.419;
26 ; 29 ; 11 ; -0.0172471 ; -0.00653068 ; 0.0239786 ; 103.418;
27 ; 29 ; 11 ; -0.0233591 ; -0.019379 ; -0.00810323 ; 102.882;
28 ; 29 ; 11 ; -0.0302335 ; -0.00710988 ; 0.000665744 ; 102.743;
29 ; 29 ; 11 ; -0.0174787 ; -0.016352 ; 0.00343436 ; 102.608;
30 ; 29 ; 11 ; -0.0151859 ; -0.0170241 ; 0.00709219 ; 103.228;
31 ; 29 ; 11 ; -0.0139631 ; -0.01985 ; 0.00566113 ; 102.557;
32 ; 29 ; 11 ; -0.00502188 ; -0.0188998 ; 0.0175296 ; 102.615;
33 ; 29 ; 11 ; -0.00411599 ; -0.0263863 ; 0.0127573 ; 102.945;
4 ; 30 ; 11 ; 0.0161156 ; -0.0224391 ; 0.0175212 ; 102.852;
5 ; 30 ; 11 ; 0.0031656 ; -0.00875152 ; 0.00259681 ; 102.511;
6 ; 30 ; 11 ; -0.00146043 ; -0.00493419 ; 0.0176733 ; 102.999;
7 ; 30 ; 11 ; 0.0129838 ; 0.000427407 ; 0.0172577 ; 102.694;
8 ; 30 ; 11 ; 0.023578 ; -0.0182195 ; 0.00278124 ; 102.444;
9 ; 30 ; 11 ; 0.0105594 ; -0.0187604 ; 0.0141977 ; 102.513;
10 ; 30 ; 11 ; 0.0122408 ; -0.0142971 ; 0.00178766 ; 102.83;
11 ; 30 ; 11 ; 0.00984835 ; -0.0156467 ; -0.00502681 ; 102.814;
12 ; 30 ; 11 ; -0.00709648 ; -0.0237025 ; 0.0172862 ; 102.532;
13 ; 30 ; 11 ; 0.005604 ; -0.0136092 ; 0.0148791 ; 103.032;
14 ; 30 ; 11 ; -0.0031333 ; -0.023702 ; 0.0225141 ; 102.071;
15 ; 30 ; 11 ; -0.00200077 ; -0.0130494 ; 0.0129575 ; 102.677;
16 ; 30 ; 11 ; -0.00421464 ; -0.0115689 ; 0.0106843 ; 102.224;
17 ; 30 ; 11 ; -0.00127546 ; -0.0226406 ; -0.00210147 ; 102.32;
18 ; 30 ; 11 ; -0.0137069 ; -0.0282271 ; 0.0218925 ; 102.465;
19 ; 30 ; 11 ; 0.00709514 ; -0.00300699 ; 0.0242689 ; 102.238;
20 ; 30 ; 11 ; 0.0127348 ; -0.0202151 ; 0.0224485 ; 102.178;
21 ; 30 ; 11 ; 0.0187263 ; -0.0131772 ; 0.0164413 ; 102.408;
22 ; 30 ; 11 ; -0.00249078 ; -0.0324361 ; 0.0225312 ; 102.518;
23 ; 30 ; 11 ; -0.00360769 ; -0.0175305 ; 0.00856886 ; 102.546;
24 ; 30 ; 11 ; -0.00817929 ; -0.00849462 ; 0.0102544 ; 102.495;
25 ; 30 ; 11 ; -0.0127047 ; -0.0270763 ; 0.0166775 ; 102.609;
26 ; 30 ; 11 ; -0.0200396 ; -0.00144274 ; 0.0176146 ; 102.784;
27 ; 30 ; 11 ; -0.0232635 ; -0.016227 ; 0.0179412 ; 102.705;
28 ; 30 ; 11 ; -0.0331267 ; -0.0105076 ; 0.0104749 ; 102.869;
29 ; 30 ; 11 ; -0.0222245 ; -0.00418552 ; 0.00797264 ; 102.602;
30 ; 30 ; 11 ; -0.0111594 ; -0.0184783 ; 0.0039061 ; 103.032;
31 ; 30 ; 11 ; -0.0080597 ; -0.0047411 ; 0.0150165 ; 103.146;
32 ; 30 ; 11 ; -0.0188217 ; -0.013256 ; 0.0196617 ; 102.978;
33 ; 30 ; 11 ; -0.00937963 ; -0.022586 ; 0.0137691 ; 102.73;
4 ; 31 ; 11 ; -0.00940991 ; -0.0190526 ; 0.0133308 ; 103.214;
5 ; 31 ; 11 ; 0.00992382 ; -0.00649578 ; -0.00282425 ; 102.774;
6 ; 31 ; 11 ; 0.0165163 ; -0.0224691 ; 0.0227298 ; 102.976;
7 ; 31 ; 11 ; 0.0213355 ; -0.0112184 ; 0.0113796 ; 103.016;
8 ; 31 ; 11 ; 0.0216661 ; -0.000529589 ; 0.00499097 ; 102.614;
9 ; 31 ; 11 ; 0.0160331 ; -0.00816626 ; 0.00515299 ; 102.961;
10 ; 31 ; 11 ; 0.0143173 ; -0.0285625 ; 0.0182767 ; 102.845;
11 ; 31 ; 11 ; 0.0130829 ; -0.000836073 ; 0.0223183 ; 102.436;
12 ; 31 ; 11 ; 0.00442256 ; -0.0130575 ; 0.0136474 ; 102.489;
13 ; 31 ; 11 ; 0.0066791 ; -0.0121665 ; 0.00698132 ; 102.638;
14 ; 31 ; 11 ; 2.01464e-05 ; -0.0155303 ; 0.0227477 ; 102.161;
15 ; 31 ; 11 ; 0.00209112 ; -0.020147 ; 0.00858699 ; 102.424;
16 ; 31 ; 11 ; -0.006585 ; -0.0106783 ; 0.0108436 ; 102.551;
17 ; 31 ; 11 ; -0.00363128 ; -0.0136351 ; 0.00608486 ; 102.21;
18 ; 31 ; 11 ; -0.0100935 ; -0.0271729 ; 0.0218126 ; 102.075;
19 ; 31 ; 11 ; -0.00820658 ; -0.0216765 ; 0.0195022 ; 102.049;
20 ; 31 ; 11 ; 0.00947559 ; 0.0015689 ; 0.0111253 ; 102.314;
21 ; 31 ; 11 ; 0.00883355 ; -0.0139743 ; 0.0152168 ; 102.525;
22 ; 31 ; 11 ; 0.0105474 ; -0.0140706 ; 0.0181003 ; 102.664;
23 ; 31 ; 11 ; -0.00785138 ; -0.00955206 ; 0.00714961 ; 102.591;
24 ; 31 ; 11 ; -0.000128021 ; -0.0119772 ; 0.0107136 ; 102.55;
25 ; 31 ; 11 ; -0.00665671 ; -0.0119823 ; 0.00698649 ; 103.074;
26 ; 31 ; 11 ; 0.00184651 ; -0.016566 ; 0.00936792 ; 103.15;
27 ; 31 ; 11 ; -0.0090871 ; -0.0165829 ; 0.016801 ; 102.725;
28 ; 31 ; 11 ; -0.0270383 ; -0.0142265 ; 0.000470283 ; 102.873;
29 ; 31 ; 11 ; -0.0307324 ; -0.0173447 ; 0.0135957 ; 103.414;
30 ; 31 ; 11 ; -0.0165796 ; -0.00823869 ; 0.0108872 ; 102.844;
31 ; 31 ; 11 ; -0.0191052 ; -0.010146 ; 0.00855833 ; 102.878;
32 ; 31 ; 11 ; -0.0168909 ; -0.0082389 ; 0.00754899 ; 103.006;
33 ; 31 ; 11 ; -0.00830162 ; -0.00751267 ; 0.00368816 ; 102.688;
4 ; 32 ; 11 ; -0.000498802 ; -0.00683591 ; 0.00861916 ; 103.262;
5 ; 32 ; 11 ; 0.00308653 ; -0.011775 ; 0.00819146 ; 102.731;
6 ; 32 ; 11 ; 0.00931088 ; -0.014194 ; 0.0131966 ; 102.856;
7 ; 32 ; 11 ; 0.0208034 ; -0.0135201 ; 0.000270495 ; 102.527;
8 ; 32 ; 11 ; 0.0113981 ; -0.000520986 ; -0.000560549 ; 102.884;
9 ; 32 ; 11 ; 0.017129 ; 0.00316352 ; 0.011359 ; 102.844;
10 ; 32 ; 11 ; 0.0178791 ; -0.00882206 ; 0.00885317 ; 103.365;
11 ; 32 ; 11 ; 0.00864718 ; -0.00715821 ; 0.000799028 ; 103.193;
12 ; 32 ; 11 ; 0.016866 ; -0.019724 ; 0.0114822 ; 102.751;
13 ; 32 ; 11 ; -0.00252128 ; -0.0103052 ; -0.00126045 ; 102.594;
14 ; 32 ; 11 ; -0.0015885 ; -0.0119235 ; 0.0101672 ; 102.319;
15 ; 32 ; 11 ; 0.00369524 ; -0.00876996 ; 0.0116629 ; 102.671;
16 ; 32 ; 11 ; -0.000103712 ; 0.000521015 ; 0.00585163 ; 102.258;
17 ; 32 ; 11 ; -0.000690365 ; -0.00857216 ; 0.0108157 ; 102.166;
18 ; 32 ; 11 ; 0.00420588 ; -0.00781036 ; 0.0273207 ; 102.077;
19 ; 32 ; 11 ; -0.00405755 ; -0.013947 ; 0.0142296 ; 102.546;
20 ; 32 ; 11 ; -0.00501541 ; -0.0127566 ; 0.0137759 ; 102.268;
21 ; 32 ; 11 ; 0.00712102 ; 0.000591346 ; 0.0102569 ; 102.586;
22 ; 32 ; 11 ; 0.00940789 ; -0.000505169 ; 0.0116558 ; 102.276;
23 ; 32 ; 11 ; 0.00870011 ; -0.00334161 ; 0.00896192 ; 102.112;
24 ; 32 ; 11 ; 0.00644759 ; -0.00571839 ; 0.0237842 ; 102.614;
25 ; 32 ; 11 ; -0.0120174 ; -0.0160883 ; 0.0112127 ; 102.325;
26 ; 32 ; 11 ; -0.0138298 ; -0.000219358 ; -0.00268755 ; 103.228;
27 ; 32 ; 11 ; -0.0185598 ; -0.0165308 ; 0.00599581 ; 102.734;
28 ; 32 ; 11 ; -0.0405478 ; -0.00411056 ; 0.002903 ; 102.782;
29 ; 32 ; 11 ; -0.00974643 ; -0.00997536 ; 0.0161853 ; 102.754;
30 ; 32 ; 11 ; -0.0298524 ; 0.00145792 ; 0.0121102 ; 102.72;
31 ; 32 ; 11 ; -0.0175402 ; -0.0047053 ; 0.00914025 ; 103.003;
32 ; 32 ; 11 ; -0.00723245 ; -0.0139074 ; -0.004462 ; 102.716;
33 ; 32 ; 11 ; -0.00572814 ; -0.00488144 ; 0.00593639 ; 102.894;
4 ; 33 ; 11 ; 0.00235711 ; -0.00612462 ; 0.00614767 ; 103.177;
5 ; 33 ; 11 ; 0.0148621 ; -0.0025286 ; -0.0058522 ; 103.007;
6 ; 33 ; 11 ; 0.00766171 ; -0.00698597 ; -0.00365801 ; 103.173;
7 ; 33 ; 11 ; 0.0171055 ; 0.00242367 ; 0.00919206 ; 103.185;
8 ; 33 ; 11 ; 0.00964118 ; 0.000919696 ; 0.000963565 ; 102.87;
9 ; 33 ; 11 ; 0.00625943 ; 0.00362758 ; 0.0108573 ; 102.593;
10 ; 33 ; 11 ; 0.00619263 ; -0.00267101 ; 0.0084469 ; 102.721;
11 ; 33 ; 11 ; 0.0243824 ; -0.0119577 ; 0.0155261 ; 102.382;
12 ; 33 ; 11 ; 0.0229966 ; -0.00659787 ; -0.000166883 ; 102.199;
13 ; 33 ; 11 ; -0.00755916 ; -0.00146084 ; 0.00314297 ; 102.66;
14 ; 33 ; 11 ; 0.00188671 ; -0.000158528 ; 0.0195447 ; 102.339;
15 ; 33 ; 11 ; 0.0056711 ; 0.00409914 ; -0.000916351 ; 102.457;
16 ; 33 ; 11 ; 0.00140486 ; -5.23333e-05 ; 0.0277699 ; 102.629;
17 ; 33 ; 11 ; -0.00067318 ; -0.00418485 ; 0.0146104 ; 102.348;
18 ; 33 ; 11 ; -0.00345103 ; -0.00799317 ; 0.0141617 ; 102.096;
19 ; 33 ; 11 ; 0.00355943 ; -0.0137008 ; 0.011009 ; 102.169;
20 ; 33 ; 11 ; -0.00376891 ; -0.0031684 ; 0.0128994 ; 102.274;
21 ; 33 ; 11 ; 0.000209757 ; -0.00243717 ; 0.00643657 ; 102.353;
22 ; 33 ; 11 ; -0.00627603 ; -0.00588583 ; -0.00919301 ; 102.421;
23 ; 33 ; 11 ; 0.0118551 ; 0.00108117 ; 0.00525108 ; 102.583;
24 ; 33 ; 11 ; -0.00280915 ; -0.00759999 ; 0.0129201 ; 101.965;
25 ; 33 ; 11 ; -0.00853307 ; -0.0172385 ; 0.021162 ; 102.331;
26 ; 33 ; 11 ; -0.0158549 ; 0.00205381 ; 0.021322 ; 102.586;
27 ; 33 ; 11 ; -0.0118622 ; -0.0139997 ; 0.0120708 ; 102.91;
28 ; 33 ; 11 ; -0.00734626 ; -0.00776016 ; 0.00680942 ; 102.58;
29 ; 33 ; 11 ; -0.023345 ; 0.00447912 ; -0.00252294 ; 102.783;
30 ; 33 ; 11 ; -0.0117193 ; -0.00100204 ; 0.0161291 ; 102.876;
31 ; 33 ; 11 ; -0.0236342 ; -0.00791301 ; 0.00356393 ; 102.685;
32 ; 33 ; 11 ; -0.00600531 ; -0.0010942 ; 0.00416407 ; 102.726;
33 ; 33 ; 11 ; -0.00729153 ; 0.00280066 ; 0.0104491 ; 102.477;
4 ; 4 ; 12 ; 0.0020491 ; 0.00850074 ; -0.00860356 ; 102.526;
5 ; 4 ; 12 ; -0.00503459 ; 0.00517945 ; -0.00507991 ; 102.437;
6 ; 4 ; 12 ; 0.00349934 ; 0.00274264 ; 0.0142518 ; 102.776;
7 ; 4 ; 12 ; 0.0140714 ; 0.00289786 ; 0.0293091 ; 102.831;
8 ; 4 ; 12 ; 0.0242579 ; -0.00422487 ; 0.01145 ; 102.481;
9 ; 4 ; 12 ; 0.0177525 ; -0.00190157 ; 0.0213858 ; 102.879;
10 ; 4 ; 12 ; -0.00727713 ; 0.00145192 ; 0.0233026 ; 102.622;
11 ; 4 ; 12 ; -0.000729987 ; 0.00905301 ; 0.00916216 ; 102.612;
12 ; 4 ; 12 ; 0.00934269 ; 0.00852159 ; 0.0171791 ; 102.083;
13 ; 4 ; 12 ; -0.0027772 ; 0.00142049 ; 0.0080381 ; 102.224;
14 ; 4 ; 12 ; -0.0066867 ; 0.00634056 ; 0.0129871 ; 102.44;
15 ; 4 ; 12 ; -0.00744554 ; -0.0049652 ; 0.00531346 ; 101.938;
16 ; 4 ; 12 ; 0.00477581 ; 0.0099723 ; 0.0183633 ; 102.441;
17 ; 4 ; 12 ; -0.0095139 ; 0.0129342 ; 0.0117045 ; 102.221;
18 ; 4 ; 12 ; 0.0114222 ; 0.00297869 ; 0.0169631 ; 101.898;
19 ; 4 ; 12 ; 0.00120281 ; -0.0117986 ; 0.0206119 ; 101.995;
20 ; 4 ; 12 ; 0.00148795 ; 0.00415202 ; 0.0151977 ; 102.585;
21 ; 4 ; 12 ; 0.00752047 ; -0.00239391 ; 0.011893 ; 101.337;
22 ; 4 ; 12 ; -0.00352122 ; 0.00710202 ; 0.00799667 ; 101.813;
23 ; 4 ; 12 ; -0.0108123 ; 0.00951254 ; 0.00162742 ; 101.991;
24 ; 4 ; 12 ; -0.0185259 ; -0.00848471 ; 0.0140391 ; 102.536;
25 ; 4 ; 12 ; -0.00938928 ; 0.0068554 ; 0.0138871 ; 102.249;
26 ; 4 ; 12 ; -0.00624672 ; 0.00735659 ; 0.0197507 ; 102.782;
27 ; 4 ; 12 ; -0.01053 ; -0.000431863 ; 0.00136992 ; 102.818;
28 ; 4 ; 12 ; -0.0139905 ; -0.00416331 ; -0.00547113 ; 102.887;
29 ; 4 ; 12 ; -0.0241755 ; 0.00162267 ; 0.00911739 ; 102.935;
30 ; 4 ; 12 ; -0.00956699 ; -0.003107 ; 0.00851868 ; 102.334;
31 ; 4 ; 12 ; -0.0133156 ; 0.000647403 ; 0.000811358 ; 102.702;
32 ; 4 ; 12 ; -0.00162802 ; 0.0033939 ; -0.00333484 ; 102.377;
33 ; 4 ; 12 ; -0.00342566 ; -0.00737538 ; -0.00581031 ; 102.46;
4 ; 5 ; 12 ; 0.00495656 ; 0.00390075 ; 0.000280032 ; 103.433;
5 ; 5 ; 12 ; 0.00936809 ; 0.0135958 ; 3.61156e-05 ; 102.593;
6 ; 5 ; 12 ; 0.021937 ; 0.0144028 ; 0.027075 ; 102.492;
7 ; 5 ; 12 ; 0.0171025 ; 0.0110339 ; 0.0103102 ; 102.722;
8 ; 5 ; 12 ; 0.0197813 ; 0.00428028 ; 0.0142334 ; 102.704;
9 ; 5 ; 12 ; 0.0197458 ; 0.00730536 ; 0.0174066 ; 103.039;
10 ; 5 ; 12 ; 0.0194882 ; 0.0147784 ; 0.00690313 ; 103.36;
11 ; 5 ; 12 ; 0.0153485 ; 0.0146851 ; -0.00441099 ; 102.713;
12 ; 5 ; 12 ; 0.00876964 ; 0.0176403 ; -0.00312528 ; 102.119;
13 ; 5 ; 12 ; 0.000428865 ; 0.0176813 ; 0.0156286 ; 101.968;
14 ; 5 ; 12 ; -0.00177336 ; 0.0248262 ; 0.00914571 ; 102.5;
15 ; 5 ; 12 ; 0.00140123 ; 0.00895841 ; 0.0132555 ; 102.196;
16 ; 5 ; 12 ; -0.00516701 ; 0.0125075 ; 0.0167769 ; 101.881;
17 ; 5 ; 12 ; 0.0023335 ; 0.0208912 ; 0.0119877 ; 102.693;
18 ; 5 ; 12 ; 0.00138958 ; 0.0122437 ; 0.013953 ; 101.631;
19 ; 5 ; 12 ; -0.00440465 ; 0.0198171 ; 0.00805456 ; 101.957;
20 ; 5 ; 12 ; 0.00975291 ; 0.0182016 ; 0.00528071 ; 102.206;
21 ; 5 ; 12 ; -0.00259118 ; 0.00618577 ; -0.00201232 ; 102.394;
22 ; 5 ; 12 ; -0.00700161 ; -0.000830112 ; 0.00942286 ; 102.261;
23 ; 5 ; 12 ; -0.00179753 ; 0.0152943 ; 0.0143423 ; 102.27;
24 ; 5 ; 12 ; -0.00959266 ; 0.00787887 ; 0.00414815 ; 102.041;
25 ; 5 ; 12 ; -0.0101104 ; 0.00447129 ; 0.0192535 ; 102.113;
26 ; 5 ; 12 ; -0.00865608 ; 0.00202199 ; -0.00278455 ; 102.257;
27 ; 5 ; 12 ; -0.0166303 ; 0.00767397 ; 0.00948179 ; 102.579;
28 ; 5 ; 12 ; -0.0177201 ; 0.00288852 ; 0.0153358 ; 103.015;
29 ; 5 ; 12 ; -0.0203775 ; 0.00701442 ; 0.00866135 ; 102.743;
30 ; 5 ; 12 ; -0.0178643 ; 0.0125276 ; 0.0140706 ; 102.868;
31 ; 5 ; 12 ; -0.0180112 ; 0.00762843 ; 0.00363311 ; 102.562;
32 ; 5 ; 12 ; 0.00107978 ; 0.00372398 ; 0.00374637 ; 102.568;
33 ; 5 ; 12 ; -0.012327 ; 0.0142622 ; 0.0148836 ; 102.935;
4 ; 6 ; 12 ; 0.00307596 ; 0.015075 ; -0.0114344 ; 102.871;
5 ; 6 ; 12 ; 0.0113198 ; 0.0106975 ; -0.00907049 ; 102.743;
6 ; 6 ; 12 ; 0.00706084 ; 0.0200213 ; -0.00219109 ; 102.687;
7 ; 6 ; 12 ; 0.0260553 ; 0.014191 ; 0.00131942 ; 103.099;
8 ; 6 ; 12 ; 0.000583858 ; 0.0107836 ; 0.00927715 ; 102.905;
9 ; 6 ; 12 ; 0.00703723 ; 0.00903555 ; 0.0101127 ; 102.54;
10 ; 6 ; 12 ; 0.0228187 ; 0.00178475 ; 0.021493 ; 102.184;
11 ; 6 ; 12 ; 0.0117165 ; 0.00599531 ; 0.00289899 ; 102.659;
12 ; 6 ; 12 ; 0.0164549 ; 0.00920449 ; 0.0202305 ; 102.274;
13 ; 6 ; 12 ; 0.00221765 ; 0.0217353 ; 0.0128389 ; 102.347;
14 ; 6 ; 12 ; -0.00795362 ; 0.0097772 ; 0.00709758 ; 102.232;
15 ; 6 ; 12 ; -0.0066433 ; 0.0155622 ; -0.000301705 ; 102.249;
16 ; 6 ; 12 ; 0.00305947 ; 0.030879 ; 0.00674881 ; 101.833;
17 ; 6 ; 12 ; 0.00491905 ; 0.0193306 ; 0.0118354 ; 102.181;
18 ; 6 ; 12 ; 0.00572236 ; 0.0176297 ; 0.0105032 ; 102.083;
19 ; 6 ; 12 ; 0.00838264 ; 0.0337545 ; 0.0180313 ; 101.75;
20 ; 6 ; 12 ; 0.00583678 ; 0.0235285 ; 0.00766929 ; 102.257;
21 ; 6 ; 12 ; -0.00687624 ; 0.0160359 ; 0.0167887 ; 102.481;
22 ; 6 ; 12 ; 0.0087736 ; 0.00592997 ; 0.0166718 ; 102.494;
23 ; 6 ; 12 ; 0.0046794 ; 0.0103947 ; -0.00384332 ; 102.222;
24 ; 6 ; 12 ; -0.0132935 ; 0.0116751 ; 0.0187786 ; 102.67;
25 ; 6 ; 12 ; -0.00298627 ; 0.00973933 ; 0.0209277 ; 102.812;
26 ; 6 ; 12 ; -0.0117901 ; 0.0093802 ; -0.0047605 ; 102.553;
27 ; 6 ; 12 ; -0.0189235 ; 0.0141898 ; 0.000470814 ; 102.949;
28 ; 6 ; 12 ; -0.0233126 ; 0.0116737 ; 0.00816721 ; 102.401;
29 ; 6 ; 12 ; -0.0121111 ; 0.00376007 ; 0.00964561 ; 102.717;
30 ; 6 ; 12 ; -0.0293036 ; 0.0124755 ; 0.0103665 ; 102.426;
31 ; 6 ; 12 ; -0.0108166 ; 0.00905694 ; 0.0104508 ; 102.609;
32 ; 6 ; 12 ; -0.00799374 ; 0.0123016 ; 0.00139756 ; 102.789;
33 ; 6 ; 12 ; -0.00398313 ; 0.0129253 ; -0.000819369 ; 102.902;
4 ; 7 ; 12 ; 0.00635191 ; 0.0153048 ; 0.00930954 ; 102.636;
5 ; 7 ; 12 ; 0.00754834 ; 0.0122409 ; 0.00341148 ; 102.401;
6 ; 7 ; 12 ; 0.0244361 ; 0.0278397 ; -0.00547433 ; 102.38;
7 ; 7 ; 12 ; 0.0104781 ; 0.0108528 ; 0.00254781 ; 102.671;
8 ; 7 ; 12 ; 0.0155399 ; 0.0106739 ; 0.00944134 ; 102.777;
9 ; 7 ; 12 ; 0.0134025 ; 0.0241215 ; 0.00170434 ; 103.383;
10 ; 7 ; 12 ; 0.00817403 ; 0.0236234 ; 0.0150963 ; 102.662;
11 ; 7 ; 12 ; 0.0201624 ; 0.00974926 ; 0.00613607 ; 102.629;
12 ; 7 ; 12 ; 0.000411973 ; 0.0102707 ; 0.0250643 ; 102.409;
13 ; 7 ; 12 ; -0.0013441 ; 0.019834 ; 0.0149637 ; 102.429;
14 ; 7 ; 12 ; 0.00472924 ; 0.0251664 ; 0.00583389 ; 102.354;
15 ; 7 ; 12 ; 0.0186805 ; 0.0165712 ; 0.0139205 ; 102.281;
16 ; 7 ; 12 ; 0.00515741 ; 0.0224182 ; 0.00230498 ; 102.368;
17 ; 7 ; 12 ; -0.00231786 ; 0.0261664 ; 0.00663698 ; 102.041;
18 ; 7 ; 12 ; -0.00393813 ; 0.034783 ; 0.020628 ; 102.585;
19 ; 7 ; 12 ; -0.00164519 ; 0.0283739 ; 0.012931 ; 102.125;
20 ; 7 ; 12 ; 0.0102877 ; 0.0183341 ; 0.00437242 ; 102.651;
21 ; 7 ; 12 ; -0.00147621 ; 0.0154438 ; 0.0111026 ; 102.161;
22 ; 7 ; 12 ; 0.00399104 ; 0.0207998 ; 0.0104482 ; 102.165;
23 ; 7 ; 12 ; 0.0053027 ; 0.0217468 ; -0.0064167 ; 102.218;
24 ; 7 ; 12 ; -0.00663237 ; 0.00945788 ; 0.00584801 ; 102.497;
25 ; 7 ; 12 ; -0.0177351 ; 0.0237119 ; 0.00495488 ; 102.09;
26 ; 7 ; 12 ; -0.0153545 ; 0.0050693 ; 0.00707185 ; 102.245;
27 ; 7 ; 12 ; -0.0122204 ; 0.018688 ; 0.000209148 ; 102.705;
28 ; 7 ; 12 ; -0.00560605 ; 0.0186685 ; 0.0098493 ; 103.284;
29 ; 7 ; 12 ; -0.0155842 ; 0.000614105 ; 0.0101974 ; 103.016;
30 ; 7 ; 12 ; 0.000478521 ; 0.0146323 ; 0.00335932 ; 102.522;
31 ; 7 ; 12 ; 0.00067576 ; 0.0149664 ; 0.000975481 ; 102.751;
32 ; 7 ; 12 ; -0.00943917 ; 0.0222308 ; 0.0111247 ; 102.449;
33 ; 7 ; 12 ; -0.00141543 ; 0.013901 ; 0.0208418 ; 102.819;
4 ; 8 ; 12 ; 0.0131526 ; 0.0137543 ; 0.0131996 ; 102.839;
5 ; 8 ; 12 ; 0.0103817 ; 0.013953 ; 0.021603 ; 102.843;
6 ; 8 ; 12 ; 0.0153029 ; 0.0150372 ; 0.000148907 ; 102.677;
7 ; 8 ; 12 ; 0.0211106 ; 0.0166935 ; 0.001201 ; 102.518;
8 ; 8 ; 12 ; 0.0220242 ; 0.011244 ; -0.00211223 ; 102.792;
9 ; 8 ; 12 ; 0.0246777 ; 0.0184187 ; 0.00769045 ; 102.13;
10 ; 8 ; 12 ; 0.0162386 ; 0.0221251 ; 0.0126404 ; 103.007;
11 ; 8 ; 12 ; 0.0277273 ; 0.0256781 ; 0.00318848 ; 102.712;
12 ; 8 ; 12 ; 0.0116711 ; 0.0138153 ; -0.0020817 ; 102.026;
13 ; 8 ; 12 ; 0.0152834 ; 0.0221497 ; 0.00566391 ; 102.528;
14 ; 8 ; 12 ; 0.00416857 ; 0.0178976 ; 0.0157325 ; 102.358;
15 ; 8 ; 12 ; 0.0131098 ; 0.0281196 ; 0.00533617 ; 102.603;
16 ; 8 ; 12 ; 0.00328622 ; 0.0294633 ; 0.0135713 ; 102.509;
17 ; 8 ; 12 ; 0.00715839 ; 0.0127383 ; 0.00246331 ; 102.465;
18 ; 8 ; 12 ; 0.00239806 ; 0.026874 ; 0.0115887 ; 102.13;
19 ; 8 ; 12 ; -0.0010224 ; 0.0321332 ; 0.0237319 ; 101.956;
20 ; 8 ; 12 ; -0.0019171 ; 0.02235 ; 0.00547488 ; 101.972;
21 ; 8 ; 12 ; -0.00165314 ; 0.0203011 ; 0.0278161 ; 102.541;
22 ; 8 ; 12 ; -0.00773245 ; 0.021107 ; 0.00604774 ; 102.709;
23 ; 8 ; 12 ; 0.00680603 ; 0.0189065 ; 0.0154819 ; 102.458;
24 ; 8 ; 12 ; -0.00601474 ; 0.0218847 ; 0.0209719 ; 102.343;
25 ; 8 ; 12 ; 0.00559143 ; 0.023844 ; 0.0191885 ; 102.222;
26 ; 8 ; 12 ; 0.00106306 ; 0.0263815 ; 0.0168141 ; 102.276;
27 ; 8 ; 12 ; -0.0180143 ; 0.012388 ; 0.0130427 ; 102.563;
28 ; 8 ; 12 ; -0.00134949 ; 0.0304436 ; -0.00792419 ; 102.664;
29 ; 8 ; 12 ; -0.012286 ; 0.01183 ; 0.0147781 ; 102.824;
30 ; 8 ; 12 ; -0.00894432 ; 0.0171522 ; 0.00199871 ; 102.578;
31 ; 8 ; 12 ; -0.0154844 ; 0.0423622 ; -0.00139015 ; 102.761;
32 ; 8 ; 12 ; -0.00602828 ; 0.021413 ; 0.00774818 ; 102.516;
33 ; 8 ; 12 ; 0.00487222 ; 0.0288328 ; -0.00357344 ; 102.921;
4 ; 9 ; 12 ; -0.00155509 ; 0.0171982 ; 0.00609082 ; 103.112;
5 ; 9 ; 12 ; 0.0138048 ; 0.0200963 ; 0.00164647 ; 102.733;
6 ; 9 ; 12 ; 0.0213208 ; 0.0158065 ; 0.0225524 ; 102.545;
7 ; 9 ; 12 ; 0.0139693 ; 0.0202359 ; 0.00814554 ; 102.665;
8 ; 9 ; 12 ; 0.0225926 ; 0.0213912 ; 0.00711377 ; 102.841;
9 ; 9 ; 12 ; 0.00893864 ; 0.0261232 ; 0.000714662 ; 102.426;
10 ; 9 ; 12 ; 0.0101401 ; 0.0279968 ; -0.00245076 ; 102.719;
11 ; 9 ; 12 ; 0.0272543 ; 0.0202453 ; 0.0122754 ; 102.399;
12 ; 9 ; 12 ; 0.0154144 ; 0.0236299 ; 0.0140478 ; 102.498;
13 ; 9 ; 12 ; 0.0140495 ; 0.0147308 ; 0.014617 ; 102.599;
14 ; 9 ; 12 ; 0.00766117 ; 0.0253675 ; 0.0156451 ; 102.103;
15 ; 9 ; 12 ; 0.00972919 ; 0.0361823 ; 0.0102056 ; 102.351;
16 ; 9 ; 12 ; 0.00772072 ; 0.0132054 ; -0.000327277 ; 101.991;
17 ; 9 ; 12 ; -0.000951207 ; 0.027453 ; 0.0159019 ; 102.033;
18 ; 9 ; 12 ; 0.00237997 ; 0.0332532 ; 0.0242749 ; 101.829;
19 ; 9 ; 12 ; 0.00622974 ; 0.0303164 ; 0.011923 ; 102.024;
20 ; 9 ; 12 ; 0.00454458 ; 0.00908354 ; 0.0267568 ; 102.099;
21 ; 9 ; 12 ; 0.00346731 ; 0.0157793 ; 0.0110638 ; 102.337;
22 ; 9 ; 12 ; -0.000993458 ; 0.0209318 ; 0.0181831 ; 102.449;
23 ; 9 ; 12 ; -0.0126466 ; 0.00882621 ; 0.0133795 ; 102.384;
24 ; 9 ; 12 ; -0.00186331 ; 0.015882 ; 0.0124804 ; 102.261;
25 ; 9 ; 12 ; -0.0161331 ; 0.0267262 ; 0.00475466 ; 102.49;
26 ; 9 ; 12 ; -0.027263 ; 0.0124684 ; 0.024167 ; 102.31;
27 ; 9 ; 12 ; -0.0090465 ; 0.0246049 ; 0.0108825 ; 103.076;
28 ; 9 ; 12 ; -0.0163872 ; 0.0195364 ; 0.00946457 ; 102.545;
29 ; 9 ; 12 ; -0.0123468 ; 0.0293861 ; -0.000521173 ; 102.874;
30 ; 9 ; 12 ; -0.0225366 ; 0.0252286 ; -0.0037012 ; 102.456;
31 ; 9 ; 12 ; -0.0135841 ; 0.0270692 ; 0.00655688 ; 102.58;
32 ; 9 ; 12 ; -0.0105411 ; 0.0146005 ; 0.0160133 ; 102.713;
33 ; 9 ; 12 ; 0.000597307 ; 0.00761773 ; 0.0124304 ; 102.695;
4 ; 10 ; 12 ; -0.00377271 ; 0.0194845 ; 0.018145 ; 102.494;
5 ; 10 ; 12 ; -0.000825464 ; 0.0117643 ; 0.00500692 ; 102.306;
6 ; 10 ; 12 ; 0.0165223 ; 0.0138662 ; 0.00641314 ; 102.83;
7 ; 10 ; 12 ; 0.00730558 ; 0.0084264 ; 0.0250733 ; 102.877;
8 ; 10 ; 12 ; 0.0073042 ; 0.0305804 ; 0.0233533 ; 102.735;
9 ; 10 ; 12 ; 0.0249991 ; 0.0209783 ; 0.0157405 ; 102.416;
10 ; 10 ; 12 ; 0.00672491 ; 0.019407 ; 0.00905093 ; 103.045;
11 ; 10 ; 12 ; 0.0155106 ; 0.0156992 ; 0.00795209 ; 102.653;
12 ; 10 ; 12 ; 0.000929583 ; 0.0300705 ; 0.0160238 ; 102.351;
13 ; 10 ; 12 ; 0.0142611 ; 0.0290515 ; 0.0167629 ; 102.285;
14 ; 10 ; 12 ; -0.0046781 ; 0.0321728 ; 0.0290769 ; 102.28;
15 ; 10 ; 12 ; -0.00293832 ; 0.0199388 ; 0.0173242 ; 102.459;
16 ; 10 ; 12 ; -0.00898887 ; 0.0167901 ; 0.010158 ; 102.684;
17 ; 10 ; 12 ; 0.00554899 ; 0.0310215 ; -0.000672646 ; 102.225;
18 ; 10 ; 12 ; -0.00664304 ; 0.0266435 ; -0.0103531 ; 102.241;
19 ; 10 ; 12 ; -0.00469856 ; 0.0248939 ; 0.00455915 ; 102.484;
20 ; 10 ; 12 ; -0.0075484 ; 0.0230859 ; -0.00698079 ; 102.236;
21 ; 10 ; 12 ; -0.00468919 ; 0.0205467 ; 0.0083805 ; 102.002;
22 ; 10 ; 12 ; -0.00190454 ; 0.0388062 ; 0.0188183 ; 102.365;
23 ; 10 ; 12 ; -0.00307117 ; 0.0202766 ; 0.00844892 ; 102.513;
24 ; 10 ; 12 ; -0.00157334 ; 0.0175943 ; 0.0130055 ; 102.212;
25 ; 10 ; 12 ; -0.015602 ; 0.0164235 ; 0.0155415 ; 102.283;
26 ; 10 ; 12 ; -0.030937 ; 0.00396818 ; 0.00738794 ; 102.461;
27 ; 10 ; 12 ; -0.0317273 ; 0.0203032 ; 0.010563 ; 102.664;
28 ; 10 ; 12 ; -0.02128 ; 0.00484698 ; 0.0251454 ; 102.483;
29 ; 10 ; 12 ; -0.00993484 ; 0.0146644 ; 0.0246331 ; 102.611;
30 ; 10 ; 12 ; -0.00690857 ; 0.0159347 ; 0.0129314 ; 102.619;
31 ; 10 ; 12 ; -0.0195756 ; 0.00552008 ; 0.019151 ; 102.55;
32 ; 10 ; 12 ; -0.0138223 ; 0.0190577 ; 0.00432544 ; 102.463;
33 ; 10 ; 12 ; 0.00278545 ; 0.0110675 ; -0.00797326 ; 102.4;
4 ; 11 ; 12 ; 0.0050583 ; 0.00626015 ; 0.00913017 ; 102.458;
5 ; 11 ; 12 ; 0.0115223 ; 1.7087e-05 ; 0.0110388 ; 102.919;
6 ; 11 ; 12 ; 0.0152822 ; 0.0242743 ; 0.00069595 ; 102.496;
7 ; 11 ; 12 ; 0.00692277 ; 0.0035275 ; 0.0159583 ; 102.266;
8 ; 11 ; 12 ; 0.0294549 ; 0.0164135 ; 0.0121875 ; 102.893;
9 ; 11 ; 12 ; 0.00769069 ; 0.00677952 ; -0.0077963 ; 102.886;
10 ; 11 ; 12 ; 0.026881 ; 0.0159739 ; -0.00289726 ; 102.399;
11 ; 11 ; 12 ; 0.0180278 ; 0.0207824 ; 0.00116693 ; 102.285;
12 ; 11 ; 12 ; 0.010017 ; 0.0150015 ; 0.0156477 ; 102.428;
13 ; 11 ; 12 ; 0.00724401 ; 0.0316563 ; 0.0213778 ; 101.865;
14 ; 11 ; 12 ; 0.00911341 ; 0.0190166 ; 0.014674 ; 101.923;
15 ; 11 ; 12 ; 0.02257 ; 0.0241942 ; 0.00457834 ; 101.791;
16 ; 11 ; 12 ; 0.00483049 ; 0.0164584 ; 0.00950514 ; 101.85;
17 ; 11 ; 12 ; -0.00898069 ; 0.0153687 ; 0.00925124 ; 102.249;
18 ; 11 ; 12 ; -0.000171294 ; 0.0201263 ; 0.0207549 ; 102.06;
19 ; 11 ; 12 ; -0.00704702 ; 0.0216864 ; 0.00703078 ; 101.935;
20 ; 11 ; 12 ; -0.00194167 ; 0.027988 ; 0.0146877 ; 102.069;
21 ; 11 ; 12 ; -0.0193052 ; 0.0144267 ; 0.0168357 ; 101.897;
22 ; 11 ; 12 ; 0.000767398 ; 0.0151319 ; 0.00627641 ; 102.491;
23 ; 11 ; 12 ; -0.00421985 ; 0.0150306 ; 0.0184008 ; 102.391;
24 ; 11 ; 12 ; 0.00509611 ; 0.0147566 ; 0.00537761 ; 102.55;
25 ; 11 ; 12 ; -0.00240707 ; 0.00475942 ; 0.026276 ; 102.288;
26 ; 11 ; 12 ; -0.0141918 ; 0.016779 ; 0.00491117 ; 102.363;
27 ; 11 ; 12 ; -0.0247993 ; 0.0220583 ; 0.0198616 ; 102.743;
28 ; 11 ; 12 ; -0.0274685 ; 0.018299 ; 0.00416104 ; 102.122;
29 ; 11 ; 12 ; -0.0311431 ; 0.0172882 ; 0.00784438 ; 102.515;
30 ; 11 ; 12 ; -0.0195735 ; 0.00712305 ; 0.0118354 ; 102.63;
31 ; 11 ; 12 ; -0.0114036 ; 0.00377938 ; 0.0151452 ; 102.347;
32 ; 11 ; 12 ; -0.00743185 ; 0.0215329 ; 0.00996823 ; 102.988;
33 ; 11 ; 12 ; -0.00337583 ; 0.00989316 ; -0.00998071 ; 102.431;
4 ; 12 ; 12 ; 0.0148606 ; 0.00301553 ; 0.0039039 ; 102.747;
5 ; 12 ; 12 ; 0.0171937 ; 0.00550026 ; 0.0133319 ; 102.278;
6 ; 12 ; 12 ; 0.019592 ; 0.00912442 ; 0.00603839 ; 102.432;
7 ; 12 ; 12 ; 0.0203632 ; 0.00820421 ; 0.00900596 ; 102.407;
8 ; 12 ; 12 ; 0.0205515 ; 0.010778 ; 0.0047069 ; 102.235;
9 ; 12 ; 12 ; 0.0312853 ; 0.0162958 ; 0.0259397 ; 102.625;
10 ; 12 ; 12 ; 0.0361027 ; 0.0215727 ; 0.0111891 ; 102.566;
11 ; 12 ; 12 ; 0.0221847 ; 0.0206614 ; 0.0109613 ; 102.103;
12 ; 12 ; 12 ; 0.00447399 ; 0.0202916 ; 0.0145921 ; 102.616;
13 ; 12 ; 12 ; 0.00141737 ; 0.03432 ; 0.0147005 ; 102.255;
14 ; 12 ; 12 ; -0.00712067 ; 0.0178311 ; 0.0190134 ; 102.683;
15 ; 12 ; 12 ; -0.0158588 ; 0.0115289 ; 0.0130084 ; 101.675;
16 ; 12 ; 12 ; -0.00275153 ; 0.0172739 ; 0.0046898 ; 101.885;
17 ; 12 ; 12 ; -0.00504259 ; 0.00944669 ; 0.00949253 ; 101.787;
18 ; 12 ; 12 ; 0.00348898 ; 0.00383572 ; 0.0114504 ; 102.026;
19 ; 12 ; 12 ; 0.00025126 ; 0.0145743 ; 0.0063542 ; 101.986;
20 ; 12 ; 12 ; 0.00507638 ; 0.0179831 ; 0.0137589 ; 102.313;
21 ; 12 ; 12 ; 0.00390049 ; 0.0243922 ; 0.0148287 ; 101.926;
22 ; 12 ; 12 ; 0.00450311 ; 0.0120805 ; 0.0131435 ; 102.002;
23 ; 12 ; 12 ; -0.0102668 ; 0.00964961 ; 0.00561093 ; 102.528;
24 ; 12 ; 12 ; -0.00550314 ; 0.00675235 ; 0.0164694 ; 102.25;
25 ; 12 ; 12 ; -0.0132434 ; 0.00180118 ; 0.0197387 ; 101.954;
26 ; 12 ; 12 ; -0.0291929 ; 0.00639558 ; 0.00869162 ; 102.44;
27 ; 12 ; 12 ; -0.0214293 ; 0.0220093 ; 0.0242234 ; 102.827;
28 ; 12 ; 12 ; -0.0250182 ; 0.0209699 ; 0.00506923 ; 102.661;
29 ; 12 ; 12 ; -0.0226872 ; 0.006777 ; 0.0139894 ; 103.013;
30 ; 12 ; 12 ; -0.00425908 ; 0.0172647 ; 0.0112549 ; 102.274;
31 ; 12 ; 12 ; -0.0131421 ; 0.0164089 ; 0.00609596 ; 102.483;
32 ; 12 ; 12 ; -0.0165496 ; 0.0148022 ; 0.00936818 ; 102.581;
33 ; 12 ; 12 ; -0.00880962 ; 0.015603 ; 0.00819696 ; 102.234;
4 ; 13 ; 12 ; 0.00634747 ; 0.00707839 ; 0.0178736 ; 102.129;
5 ; 13 ; 12 ; 0.0296892 ; 0.00946776 ; 0.00418911 ; 102.26;
6 ; 13 ; 12 ; 0.0316148 ; 0.0193649 ; 0.00993086 ; 102.471;
7 ; 13 ; 12 ; 0.0130203 ; 0.0143856 ; 0.0111415 ; 102.331;
8 ; 13 ; 12 ; 0.0368273 ; 0.00771605 ; 0.0124606 ; 102.234;
9 ; 13 ; 12 ; 0.0187916 ; 0.0144814 ; 0.019556 ; 102.624;
10 ; 13 ; 12 ; 0.0112463 ; 0.00679508 ; 0.0187889 ; 102.434;
11 ; 13 ; 12 ; 0.0131352 ; 0.0177851 ; 0.0171925 ; 101.687;
12 ; 13 ; 12 ; 0.0168941 ; 0.0194331 ; 0.0148424 ; 101.779;
13 ; 13 ; 12 ; 0.00647545 ; 0.015987 ; 0.010664 ; 101.617;
14 ; 13 ; 12 ; 0.00430934 ; 0.0194894 ; 0.0264945 ; 102.006;
15 ; 13 ; 12 ; 0.0016193 ; 0.00928034 ; 0.0094613 ; 102.091;
16 ; 13 ; 12 ; 0.00103816 ; 0.01331 ; 0.0148978 ; 101.555;
17 ; 13 ; 12 ; 0.0031771 ; 0.00454072 ; 0.0147784 ; 101.707;
18 ; 13 ; 12 ; 0.000584846 ; 0.0114372 ; 0.0205131 ; 101.901;
19 ; 13 ; 12 ; -0.0106222 ; -0.000195242 ; 0.0198016 ; 101.387;
20 ; 13 ; 12 ; -0.0171716 ; 0.00093547 ; 0.0115533 ; 101.954;
21 ; 13 ; 12 ; -0.00784704 ; 0.0112809 ; 0.0278821 ; 101.948;
22 ; 13 ; 12 ; 2.34571e-05 ; 0.0189811 ; 0.0106667 ; 101.919;
23 ; 13 ; 12 ; -0.0169751 ; 0.0291393 ; 0.019682 ; 101.949;
24 ; 13 ; 12 ; -0.0232318 ; 0.0189822 ; 0.0147375 ; 101.888;
25 ; 13 ; 12 ; -0.0337019 ; 0.00133009 ; 0.0191647 ; 102.46;
26 ; 13 ; 12 ; -0.0123043 ; -0.00314191 ; 0.0232236 ; 102.386;
27 ; 13 ; 12 ; -0.0373894 ; 0.00958201 ; 0.0225467 ; 102.407;
28 ; 13 ; 12 ; -0.0253525 ; 0.0156632 ; 0.0148499 ; 102.194;
29 ; 13 ; 12 ; -0.0160775 ; 0.00455381 ; 0.0182909 ; 102.679;
30 ; 13 ; 12 ; -0.00539015 ; 0.0197384 ; 0.0156088 ; 102.226;
31 ; 13 ; 12 ; -0.0112228 ; 0.0040158 ; 0.00312092 ; 102.494;
32 ; 13 ; 12 ; -0.0117875 ; 0.0147549 ; 0.00257706 ; 102.562;
33 ; 13 ; 12 ; 0.000226184 ; 0.0115718 ; -0.0015562 ; 102.106;
4 ; 14 ; 12 ; 0.00249952 ; -0.00458271 ; 0.0103461 ; 102.514;
5 ; 14 ; 12 ; 0.00267112 ; 0.00238615 ; 0.0114376 ; 101.99;
6 ; 14 ; 12 ; 0.0267893 ; 0.000774766 ; 0.0170358 ; 102.276;
7 ; 14 ; 12 ; 0.0254126 ; 0.000455973 ; 0.00505735 ; 102.67;
8 ; 14 ; 12 ; 0.0305708 ; 0.00209358 ; 0.0159116 ; 102.352;
9 ; 14 ; 12 ; 0.019358 ; 0.00717707 ; 0.0243746 ; 102.277;
10 ; 14 ; 12 ; 0.0179915 ; 0.00524453 ; 0.0209445 ; 102.102;
11 ; 14 ; 12 ; 0.0143571 ; 0.00708796 ; 0.0224494 ; 102.35;
12 ; 14 ; 12 ; 0.000847056 ; 0.00478522 ; 0.0174696 ; 102.091;
13 ; 14 ; 12 ; 0.0151774 ; 0.0102954 ; 0.0203357 ; 101.991;
14 ; 14 ; 12 ; 0.0223992 ; -0.000394608 ; 0.0254913 ; 101.894;
15 ; 14 ; 12 ; -0.00120283 ; 0.0142256 ; 0.0133001 ; 101.751;
16 ; 14 ; 12 ; 0.0166352 ; 0.010703 ; 0.0185169 ; 102.2;
17 ; 14 ; 12 ; -0.00108253 ; 0.0127822 ; 0.0217397 ; 102.059;
18 ; 14 ; 12 ; 0.000272003 ; 0.00778562 ; 0.00914931 ; 102.041;
19 ; 14 ; 12 ; 0.0061681 ; 0.0174605 ; 0.0132907 ; 101.78;
20 ; 14 ; 12 ; -0.0086953 ; 0.0235288 ; 0.0149632 ; 102.067;
21 ; 14 ; 12 ; -0.00697409 ; 0.00604207 ; 0.0210787 ; 101.913;
22 ; 14 ; 12 ; -0.00133363 ; 0.00909956 ; 0.0211774 ; 101.976;
23 ; 14 ; 12 ; -0.00422688 ; 0.0114181 ; 0.00787181 ; 102.133;
24 ; 14 ; 12 ; -0.0174141 ; 0.00564665 ; 0.0117332 ; 102.172;
25 ; 14 ; 12 ; -0.0134701 ; 0.000638874 ; 0.0177635 ; 102.309;
26 ; 14 ; 12 ; -0.000833722 ; 0.00428654 ; 0.0133617 ; 102.488;
27 ; 14 ; 12 ; -0.0219359 ; 0.0053974 ; 0.0126339 ; 102.85;
28 ; 14 ; 12 ; -0.0306089 ; -0.00390712 ; 0.012398 ; 102.528;
29 ; 14 ; 12 ; -0.0241328 ; -0.000257073 ; 0.0150888 ; 102.593;
30 ; 14 ; 12 ; -0.0121662 ; 0.0108743 ; 0.0182398 ; 102.393;
31 ; 14 ; 12 ; -0.0122687 ; -0.00432525 ; 0.00241748 ; 102.351;
32 ; 14 ; 12 ; -0.00884453 ; 0.0114909 ; 0.0232971 ; 102.382;
33 ; 14 ; 12 ; 0.0106119 ; 0.00224538 ; 0.0143249 ; 102.218;
4 ; 15 ; 12 ; -0.0126278 ; 0.00213375 ; 0.000771077 ; 102.5;
5 ; 15 ; 12 ; 0.000899752 ; 0.0021086 ; 0.00935874 ; 102.623;
6 ; 15 ; 12 ; 0.0200275 ; 0.00636371 ; 0.0156364 ; 102.369;
7 ; 15 ; 12 ; 0.0284888 ; 0.00640605 ; -0.0047779 ; 102.338;
8 ; 15 ; 12 ; 0.0189281 ; 6.33612e-05 ; 0.0180376 ; 102.556;
9 ; 15 ; 12 ; 0.02861 ; 0.0067582 ; 0.00383634 ; 102.409;
10 ; 15 ; 12 ; 0.00509572 ; 0.00179875 ; 0.0200965 ; 102.541;
11 ; 15 ; 12 ; 0.0080129 ; -0.00169027 ; 0.0158212 ; 102.316;
12 ; 15 ; 12 ; 0.0244399 ; 0.00283591 ; 0.0270744 ; 101.755;
13 ; 15 ; 12 ; 0.0182212 ; 0.00550605 ; 0.0300798 ; 102.532;
14 ; 15 ; 12 ; 0.0147858 ; 0.0168087 ; 0.00725792 ; 101.454;
15 ; 15 ; 12 ; 0.00220161 ; 0.0147799 ; 0.0268027 ; 102.088;
16 ; 15 ; 12 ; 0.00119226 ; 0.00320598 ; 0.010863 ; 102.022;
17 ; 15 ; 12 ; -0.00415107 ; 0.019922 ; 0.00149893 ; 102.158;
18 ; 15 ; 12 ; -0.00298285 ; 0.0020274 ; 0.0168237 ; 101.738;
19 ; 15 ; 12 ; -0.0127605 ; 0.00718949 ; 0.00729175 ; 101.444;
20 ; 15 ; 12 ; -0.0129323 ; 0.0146631 ; 0.0140717 ; 101.827;
21 ; 15 ; 12 ; 0.00160098 ; 0.00755317 ; 0.0145491 ; 101.914;
22 ; 15 ; 12 ; -0.000698857 ; 0.0113268 ; 0.0215539 ; 101.996;
23 ; 15 ; 12 ; -0.0096689 ; -0.0112765 ; 0.021912 ; 102.153;
24 ; 15 ; 12 ; -0.0115852 ; 0.00390487 ; 0.0298913 ; 102.133;
25 ; 15 ; 12 ; -0.0105787 ; 0.00600971 ; 0.0131427 ; 102.252;
26 ; 15 ; 12 ; -0.0256883 ; 0.00342862 ; 0.0253323 ; 101.793;
27 ; 15 ; 12 ; -0.0205999 ; -0.00643469 ; 0.0116383 ; 102.202;
28 ; 15 ; 12 ; -0.0167031 ; 0.00458465 ; 0.0129971 ; 102.545;
29 ; 15 ; 12 ; -0.0236729 ; 0.00180241 ; -0.000632655 ; 102.643;
30 ; 15 ; 12 ; -0.0197032 ; 0.0154551 ; 0.0240788 ; 102.258;
31 ; 15 ; 12 ; -0.0147615 ; 0.000977587 ; 0.00119498 ; 102.063;
32 ; 15 ; 12 ; -0.00482273 ; -0.00258837 ; 0.0157364 ; 102.156;
33 ; 15 ; 12 ; 0.00367429 ; 0.00599808 ; 0.0193222 ; 102.3;
4 ; 16 ; 12 ; -0.0049123 ; -0.0127224 ; 0.00720525 ; 102.084;
5 ; 16 ; 12 ; -0.00624522 ; 0.00157977 ; 0.00335662 ; 102.761;
6 ; 16 ; 12 ; -0.000163937 ; -0.00164502 ; 0.020461 ; 102.149;
7 ; 16 ; 12 ; 0.0200709 ; 0.00793027 ; 0.0160259 ; 102.039;
8 ; 16 ; 12 ; 0.0186238 ; -0.00337917 ; 0.0109116 ; 102.146;
9 ; 16 ; 12 ; 0.0228139 ; -0.00146082 ; 0.0260609 ; 102.487;
10 ; 16 ; 12 ; 0.035374 ; 0.00165362 ; 0.0169377 ; 102.096;
11 ; 16 ; 12 ; 0.0202688 ; 0.00404879 ; 0.0197845 ; 101.937;
12 ; 16 ; 12 ; 0.0177037 ; 0.00254384 ; 0.0209381 ; 102.428;
13 ; 16 ; 12 ; 0.00677071 ; 0.0130343 ; -0.00107432 ; 101.824;
14 ; 16 ; 12 ; 0.0176168 ; 0.0112668 ; 0.0183064 ; 102.137;
15 ; 16 ; 12 ; 0.0029995 ; -0.000570181 ; 0.0232057 ; 101.374;
16 ; 16 ; 12 ; -0.00924275 ; -0.00222388 ; 0.00918848 ; 102.275;
17 ; 16 ; 12 ; 0.00266333 ; -0.00642568 ; 0.0279907 ; 101.753;
18 ; 16 ; 12 ; -0.000435621 ; -0.00329687 ; 0.0132373 ; 101.854;
19 ; 16 ; 12 ; -0.0046471 ; 0.0153848 ; 0.0296716 ; 102.033;
20 ; 16 ; 12 ; -0.000812208 ; -0.00104115 ; 0.0198102 ; 101.546;
21 ; 16 ; 12 ; -0.00558187 ; 0.0053314 ; 0.0243712 ; 101.684;
22 ; 16 ; 12 ; -0.00723885 ; -0.00772059 ; 0.0134698 ; 101.599;
23 ; 16 ; 12 ; -0.00721503 ; -0.025778 ; 0.0189423 ; 101.982;
24 ; 16 ; 12 ; -0.00678251 ; 0.0029711 ; 0.0248733 ; 101.836;
25 ; 16 ; 12 ; -0.0118893 ; 0.0144518 ; 0.0170725 ; 102.311;
26 ; 16 ; 12 ; -0.0217912 ; 0.00790259 ; 0.0222397 ; 102.559;
27 ; 16 ; 12 ; -0.0209847 ; -0.00586348 ; 0.0141479 ; 101.983;
28 ; 16 ; 12 ; -0.0157826 ; 0.00299816 ; 0.0185537 ; 102.103;
29 ; 16 ; 12 ; -0.0344118 ; 0.008835 ; 0.00228255 ; 102.189;
30 ; 16 ; 12 ; -0.0231317 ; 0.00905571 ; 0.000788264 ; 102.607;
31 ; 16 ; 12 ; -0.0105062 ; -0.00409611 ; 0.00612976 ; 102.032;
32 ; 16 ; 12 ; -0.00750751 ; 0.00673658 ; 0.0157775 ; 102.179;
33 ; 16 ; 12 ; -0.000280583 ; -0.00883701 ; 0.0163129 ; 102.556;
4 ; 17 ; 12 ; -0.00615537 ; 3.83027e-05 ; -0.00238268 ; 102.066;
5 ; 17 ; 12 ; 0.00929354 ; 0.00401517 ; 0.0219733 ; 101.972;
6 ; 17 ; 12 ; 0.0140234 ; 0.00196014 ; 0.024308 ; 102.121;
7 ; 17 ; 12 ; 0.0217323 ; -0.00731238 ; 0.00881487 ; 102.491;
8 ; 17 ; 12 ; 0.0295865 ; -0.00953259 ; 0.0271458 ; 102.689;
9 ; 17 ; 12 ; 0.0237235 ; -0.00305614 ; 0.0156058 ; 102.395;
10 ; 17 ; 12 ; 0.0174063 ; 0.00452697 ; 0.0135938 ; 102.189;
11 ; 17 ; 12 ; 0.0157594 ; 0.00112146 ; 0.0324724 ; 102.173;
12 ; 17 ; 12 ; 0.0157031 ; -0.00420067 ; 0.0200611 ; 101.898;
13 ; 17 ; 12 ; 0.0167069 ; 0.0011971 ; 0.0101697 ; 102.114;
14 ; 17 ; 12 ; -0.000687867 ; 0.00437876 ; 0.021859 ; 101.932;
15 ; 17 ; 12 ; 0.00481436 ; 0.0162127 ; 0.025382 ; 101.934;
16 ; 17 ; 12 ; -0.00556237 ; -0.00411285 ; 0.0151144 ; 101.471;
17 ; 17 ; 12 ; -0.0111596 ; -0.00726168 ; 0.0198977 ; 102.094;
18 ; 17 ; 12 ; -0.000149789 ; 0.0138617 ; 0.0177971 ; 101.338;
19 ; 17 ; 12 ; 0.00504379 ; -0.01219 ; 0.024688 ; 101.319;
20 ; 17 ; 12 ; 0.00771357 ; 0.0103966 ; 0.0176909 ; 101.423;
21 ; 17 ; 12 ; 0.0153256 ; 0.000215022 ; 0.0208554 ; 101.748;
22 ; 17 ; 12 ; 0.0027891 ; -0.00419708 ; 0.0103775 ; 101.399;
23 ; 17 ; 12 ; -0.0177526 ; -0.010134 ; 0.021611 ; 102.034;
24 ; 17 ; 12 ; -0.000947418 ; 0.00390125 ; 0.0172234 ; 102.021;
25 ; 17 ; 12 ; -0.00275509 ; -0.0100493 ; 0.00238506 ; 101.874;
26 ; 17 ; 12 ; -0.0218321 ; 0.000230538 ; 0.0179175 ; 101.853;
27 ; 17 ; 12 ; -0.0147416 ; 0.0147152 ; 0.0155777 ; 102.428;
28 ; 17 ; 12 ; -0.0343999 ; -0.0026901 ; -0.000462806 ; 102.234;
29 ; 17 ; 12 ; -0.014659 ; -0.00720991 ; 0.0155291 ; 102.206;
30 ; 17 ; 12 ; -0.00931735 ; -0.000461818 ; 0.00653699 ; 102.11;
31 ; 17 ; 12 ; -0.00409211 ; -0.00653377 ; 0.00926051 ; 102.216;
32 ; 17 ; 12 ; 0.00196138 ; 0.0115399 ; 0.0107547 ; 101.811;
33 ; 17 ; 12 ; 0.00329438 ; -0.00244238 ; 0.0123406 ; 102.324;
4 ; 18 ; 12 ; 0.0154741 ; -0.00297708 ; 0.0174575 ; 102.306;
5 ; 18 ; 12 ; 0.0238951 ; 0.00472707 ; 0.00237229 ; 102.421;
6 ; 18 ; 12 ; 0.00685833 ; 0.000317721 ; 0.00795222 ; 102.159;
7 ; 18 ; 12 ; 0.024719 ; -0.000485464 ; 0.0107149 ; 101.917;
8 ; 18 ; 12 ; 0.0214839 ; -0.00614657 ; 0.00893097 ; 102.459;
9 ; 18 ; 12 ; 0.0272889 ; -0.0052818 ; 0.0149284 ; 102.233;
10 ; 18 ; 12 ; 0.0337809 ; -0.00471972 ; 0.00974937 ; 101.834;
11 ; 18 ; 12 ; 0.0249043 ; 0.00764425 ; 0.0182421 ; 101.985;
12 ; 18 ; 12 ; 0.00637185 ; -0.00351536 ; 0.00734506 ; 101.488;
13 ; 18 ; 12 ; 0.0167094 ; -0.00798124 ; 0.0175057 ; 102.055;
14 ; 18 ; 12 ; 0.0148957 ; -0.00674999 ; 0.0106281 ; 102.147;
15 ; 18 ; 12 ; -0.00590881 ; 0.00432552 ; 0.0149535 ; 102.041;
16 ; 18 ; 12 ; 0.00822581 ; 0.00344355 ; 0.0326167 ; 101.817;
17 ; 18 ; 12 ; 0.00642346 ; -0.0197506 ; 0.0235043 ; 101.42;
18 ; 18 ; 12 ; -0.00309675 ; -0.00219596 ; 0.0255496 ; 101.445;
19 ; 18 ; 12 ; 0.0146534 ; -0.0142599 ; 0.0189385 ; 101.839;
20 ; 18 ; 12 ; 0.00108768 ; 0.00947423 ; 0.0216444 ; 101.38;
21 ; 18 ; 12 ; 0.00295578 ; 0.00694907 ; 0.0362905 ; 102.011;
22 ; 18 ; 12 ; -0.0143795 ; 0.00174927 ; 0.0201873 ; 101.559;
23 ; 18 ; 12 ; -0.0109433 ; 0.0161283 ; 0.0171016 ; 101.997;
24 ; 18 ; 12 ; -0.00825337 ; 0.0040181 ; 0.0103486 ; 101.623;
25 ; 18 ; 12 ; -0.00825461 ; -0.00263341 ; 0.0270446 ; 101.725;
26 ; 18 ; 12 ; -0.0248507 ; -0.0081599 ; 0.0076638 ; 101.867;
27 ; 18 ; 12 ; -0.0219665 ; -0.00500669 ; 0.0155946 ; 101.931;
28 ; 18 ; 12 ; -0.025159 ; 0.00111095 ; 0.00507431 ; 102.45;
29 ; 18 ; 12 ; -0.0191456 ; -0.013463 ; 0.0145787 ; 102.063;
30 ; 18 ; 12 ; -0.0245561 ; -0.0167454 ; 0.00480739 ; 101.707;
31 ; 18 ; 12 ; -0.0134701 ; -0.00125462 ; 0.0221455 ; 102.27;
32 ; 18 ; 12 ; -0.00902813 ; -0.00632021 ; -0.00288448 ; 102.47;
33 ; 18 ; 12 ; -0.00222331 ; 0.00354927 ; 0.00752521 ; 102.246;
4 ; 19 ; 12 ; 0.0050733 ; -0.0109536 ; 0.0151031 ; 102.218;
5 ; 19 ; 12 ; 0.00865165 ; 0.00399757 ; 0.0148222 ; 102.088;
6 ; 19 ; 12 ; 0.0161235 ; 0.0103034 ; 0.0183594 ; 101.938;
7 ; 19 ; 12 ; 0.0257059 ; -0.00564094 ; 0.00856963 ; 102.396;
8 ; 19 ; 12 ; 0.00903974 ; -0.00115453 ; 0.00981035 ; 102.013;
9 ; 19 ; 12 ; 0.0175034 ; 0.000224258 ; 0.0223418 ; 102.22;
10 ; 19 ; 12 ; 0.0147507 ; -0.00204079 ; 0.0179294 ; 102.116;
11 ; 19 ; 12 ; 0.0235229 ; 0.00628833 ; 0.018634 ; 102.118;
12 ; 19 ; 12 ; 0.0203419 ; -0.000389569 ; 0.0227833 ; 101.561;
13 ; 19 ; 12 ; 0.0123433 ; -9.73274e-05 ; 0.0199094 ; 102.249;
14 ; 19 ; 12 ; 0.0228716 ; -0.00497831 ; 0.0193442 ; 101.868;
15 ; 19 ; 12 ; 0.014424 ; 0.00142757 ; 0.0178842 ; 101.412;
16 ; 19 ; 12 ; 0.00639284 ; -0.00839837 ; 0.0233839 ; 101.822;
17 ; 19 ; 12 ; -0.00418688 ; -0.003915 ; 0.00731778 ; 101.802;
18 ; 19 ; 12 ; -0.0065232 ; -0.0113347 ; 0.025756 ; 101.646;
19 ; 19 ; 12 ; 0.0125329 ; -0.00363172 ; 0.0206338 ; 101.513;
20 ; 19 ; 12 ; 0.0190674 ; 0.000758345 ; 0.0163722 ; 101.776;
21 ; 19 ; 12 ; 0.00623026 ; 0.00536347 ; 0.0130122 ; 101.875;
22 ; 19 ; 12 ; -0.0141868 ; -0.0108134 ; 0.0237218 ; 101.904;
23 ; 19 ; 12 ; -0.00777549 ; -0.000968534 ; 0.0191769 ; 102.045;
24 ; 19 ; 12 ; -0.000943732 ; 0.0101032 ; 0.00244516 ; 101.736;
25 ; 19 ; 12 ; -0.0144601 ; 0.00088164 ; 0.00949174 ; 101.763;
26 ; 19 ; 12 ; -0.0198382 ; -0.00485467 ; 0.0178326 ; 101.927;
27 ; 19 ; 12 ; -0.0225138 ; 0.00616876 ; 0.0125733 ; 102.586;
28 ; 19 ; 12 ; -0.0251346 ; -0.00403479 ; 0.0120563 ; 101.927;
29 ; 19 ; 12 ; -0.0216748 ; 0.00940801 ; 0.0153031 ; 102.325;
30 ; 19 ; 12 ; -0.0139243 ; 0.00210758 ; 0.00996015 ; 102.364;
31 ; 19 ; 12 ; -0.0285356 ; 0.00915735 ; 0.0126772 ; 102.205;
32 ; 19 ; 12 ; -0.0111207 ; 0.00896542 ; 0.0143307 ; 101.849;
33 ; 19 ; 12 ; 0.00157369 ; -0.0162396 ; -0.00490769 ; 101.843;
4 ; 20 ; 12 ; -0.00495075 ; 0.00305085 ; 0.00456019 ; 102.107;
5 ; 20 ; 12 ; 0.0079581 ; -0.00864757 ; 0.0113032 ; 102.636;
6 ; 20 ; 12 ; 0.0068628 ; 0.00115571 ; 0.00375501 ; 102.066;
7 ; 20 ; 12 ; 0.0201954 ; 0.000896184 ; 0.00946098 ; 102.569;
8 ; 20 ; 12 ; 0.0108062 ; 0.00718311 ; 0.0199539 ; 102.19;
9 ; 20 ; 12 ; 0.0204621 ; 0.00909626 ; 0.00980001 ; 102.476;
10 ; 20 ; 12 ; 0.0342375 ; -0.00393868 ; 0.00994987 ; 102.175;
11 ; 20 ; 12 ; 0.0145353 ; -0.000311051 ; 0.0167722 ; 102.151;
12 ; 20 ; 12 ; 0.0181004 ; -0.00461007 ; 0.0211737 ; 102.016;
13 ; 20 ; 12 ; 0.00822782 ; 0.00565752 ; 0.0139275 ; 101.813;
14 ; 20 ; 12 ; 0.00414967 ; -0.00638737 ; 0.0274313 ; 102.389;
15 ; 20 ; 12 ; 0.00902548 ; -0.00477605 ; 0.00822314 ; 101.731;
16 ; 20 ; 12 ; -0.00470378 ; -0.00952269 ; 0.0207728 ; 101.641;
17 ; 20 ; 12 ; -0.00597441 ; 0.00839847 ; 0.0138538 ; 102.207;
18 ; 20 ; 12 ; -0.00449445 ; -0.000148997 ; 0.0201774 ; 101.637;
19 ; 20 ; 12 ; 0.00250138 ; -0.000149735 ; 0.0252573 ; 101.314;
20 ; 20 ; 12 ; -0.00737823 ; 0.00487555 ; 0.0241921 ; 101.848;
21 ; 20 ; 12 ; -0.00715671 ; 0.00361161 ; 0.0169675 ; 101.335;
22 ; 20 ; 12 ; -0.00144079 ; -0.0151539 ; 0.0173587 ; 102.114;
23 ; 20 ; 12 ; -0.010316 ; 5.85025e-05 ; 0.0138763 ; 102.125;
24 ; 20 ; 12 ; -0.00378375 ; -0.00384774 ; 0.00429792 ; 101.722;
25 ; 20 ; 12 ; -0.00865128 ; -0.00667105 ; 0.0107748 ; 101.858;
26 ; 20 ; 12 ; -0.0148408 ; 0.000692654 ; 0.0174025 ; 102.037;
27 ; 20 ; 12 ; -0.0236138 ; 0.00295281 ; 0.0187452 ; 102.358;
28 ; 20 ; 12 ; -0.0239779 ; -0.0145213 ; 0.0176507 ; 102.448;
29 ; 20 ; 12 ; -0.0191713 ; 0.0143278 ; 0.0218074 ; 102.097;
30 ; 20 ; 12 ; -0.0112764 ; -0.00338769 ; 0.0141574 ; 102.024;
31 ; 20 ; 12 ; -0.0121376 ; 0.00931726 ; 0.0152076 ; 102.383;
32 ; 20 ; 12 ; 0.000376257 ; -0.000329095 ; 0.0148875 ; 102.082;
33 ; 20 ; 12 ; -0.00445244 ; 0.00490499 ; 0.006398 ; 102.464;
4 ; 21 ; 12 ; 0.00644999 ; -0.00311539 ; 0.0150357 ; 102.224;
5 ; 21 ; 12 ; 0.0178094 ; -0.00713142 ; 0.00047596 ; 102.221;
6 ; 21 ; 12 ; 0.0299692 ; -0.00382623 ; 0.00945946 ; 102.204;
7 ; 21 ; 12 ; 0.0295485 ; 0.00528405 ; 0.0173456 ; 101.966;
8 ; 21 ; 12 ; 0.0174241 ; -0.00163273 ; 0.0168322 ; 102.731;
9 ; 21 ; 12 ; 0.0153841 ; -0.000542233 ; 0.0150484 ; 102.32;
10 ; 21 ; 12 ; 0.0164804 ; -0.00590252 ; 0.0172577 ; 101.721;
11 ; 21 ; 12 ; 0.0125665 ; -0.00265398 ; 0.00203914 ; 102.36;
12 ; 21 ; 12 ; 0.0262903 ; -0.00818272 ; 0.0137817 ; 102.012;
13 ; 21 ; 12 ; 0.0199432 ; -0.00216313 ; 0.0194782 ; 102.086;
14 ; 21 ; 12 ; 0.00333088 ; -0.00791298 ; 0.014535 ; 102.415;
15 ; 21 ; 12 ; 0.00443753 ; 0.00740216 ; 0.0114469 ; 101.952;
16 ; 21 ; 12 ; 0.00912211 ; -0.000439908 ; 0.00856262 ; 101.97;
17 ; 21 ; 12 ; 0.000403869 ; -0.00410128 ; 0.00614884 ; 101.556;
18 ; 21 ; 12 ; -0.00949171 ; -0.0123445 ; 0.0145072 ; 101.781;
19 ; 21 ; 12 ; 0.0111699 ; 0.0104365 ; 0.0313615 ; 101.659;
20 ; 21 ; 12 ; -0.0112952 ; 0.0021868 ; 0.023645 ; 101.781;
21 ; 21 ; 12 ; -0.00718015 ; -0.0187842 ; 0.0114382 ; 102.011;
22 ; 21 ; 12 ; -0.0103977 ; -0.00867189 ; 0.0150216 ; 102.091;
23 ; 21 ; 12 ; -0.0212856 ; -0.00761175 ; 0.0233854 ; 101.805;
24 ; 21 ; 12 ; -0.0100461 ; -0.0105224 ; -0.00139608 ; 102.12;
25 ; 21 ; 12 ; -0.0217273 ; -0.012472 ; 0.0246533 ; 102.033;
26 ; 21 ; 12 ; -0.0214419 ; 0.00264093 ; 0.0131679 ; 102.102;
27 ; 21 ; 12 ; -0.0235831 ; -0.00220961 ; 0.0118366 ; 102.423;
28 ; 21 ; 12 ; -0.0202886 ; -0.0051539 ; 0.00461308 ; 102.368;
29 ; 21 ; 12 ; -0.0336801 ; 0.0116221 ; 0.0199762 ; 102.536;
30 ; 21 ; 12 ; -0.0269929 ; -0.0059522 ; 0.0187352 ; 102.262;
31 ; 21 ; 12 ; -0.0232819 ; -0.00543915 ; 0.00339387 ; 102.442;
32 ; 21 ; 12 ; -0.00696727 ; 0.00147937 ; 0.00443662 ; 102.134;
33 ; 21 ; 12 ; -0.00352182 ; 0.00906683 ; 0.0195064 ; 101.766;
4 ; 22 ; 12 ; 0.0025595 ; 0.00308305 ; -0.00353806 ; 102.067;
5 ; 22 ; 12 ; 0.0173565 ; 0.00300738 ; 0.00901315 ; 102.612;
6 ; 22 ; 12 ; 0.0237058 ; -0.0108095 ; 0.00490403 ; 102.105;
7 ; 22 ; 12 ; 0.0254956 ; -0.00598736 ; 0.00691917 ; 101.928;
8 ; 22 ; 12 ; 0.0282069 ; 0.00568626 ; 0.0125717 ; 102.432;
9 ; 22 ; 12 ; 0.0187126 ; -0.00409063 ; 0.0153053 ; 102.511;
10 ; 22 ; 12 ; 0.0205499 ; 0.000221435 ; 0.0058368 ; 101.882;
11 ; 22 ; 12 ; 0.0170644 ; 0.00378706 ; 0.00859804 ; 102.291;
12 ; 22 ; 12 ; 0.0081141 ; 0.00849336 ; 0.0154786 ; 101.931;
13 ; 22 ; 12 ; 0.000544118 ; -0.011061 ; 0.0253547 ; 102.22;
14 ; 22 ; 12 ; -0.00288288 ; 0.00481388 ; 0.0229288 ; 101.988;
15 ; 22 ; 12 ; 0.00939895 ; -0.00156607 ; 0.0117351 ; 102.057;
16 ; 22 ; 12 ; 0.00859718 ; -0.0111577 ; 0.0183992 ; 101.811;
17 ; 22 ; 12 ; 0.00302859 ; 0.00872429 ; 0.0124194 ; 102.027;
18 ; 22 ; 12 ; -0.00440781 ; -0.00604534 ; 0.0161134 ; 102.086;
19 ; 22 ; 12 ; -0.0256435 ; -0.0062424 ; 0.0193363 ; 101.656;
20 ; 22 ; 12 ; -0.000193233 ; 0.00887379 ; 0.0209388 ; 101.673;
21 ; 22 ; 12 ; -0.00446 ; 0.00551091 ; 0.0166931 ; 101.626;
22 ; 22 ; 12 ; -0.00384342 ; -0.0143204 ; 0.015479 ; 101.299;
23 ; 22 ; 12 ; 0.00693753 ; -0.00633994 ; 0.0229862 ; 102.085;
24 ; 22 ; 12 ; -0.0151534 ; -0.00560318 ; 0.00708417 ; 101.739;
25 ; 22 ; 12 ; -0.0244499 ; -0.0116733 ; -0.00095335 ; 101.826;
26 ; 22 ; 12 ; -0.0213735 ; -0.00101311 ; 0.0242882 ; 101.851;
27 ; 22 ; 12 ; -0.0222129 ; -0.00274344 ; 0.00624174 ; 102.14;
28 ; 22 ; 12 ; -0.0303933 ; 0.00279934 ; 0.0196153 ; 102.273;
29 ; 22 ; 12 ; -0.0243701 ; 0.00834516 ; 0.022079 ; 102.334;
30 ; 22 ; 12 ; -0.0171976 ; 0.00234293 ; 0.00783488 ; 102.017;
31 ; 22 ; 12 ; -0.0215415 ; -0.0166637 ; 0.0115497 ; 102.485;
32 ; 22 ; 12 ; -0.0102168 ; -0.00504219 ; 0.0111566 ; 102.555;
33 ; 22 ; 12 ; -0.0145718 ; 0.00768515 ; 0.00532692 ; 102.189;
4 ; 23 ; 12 ; 0.00184943 ; 0.00155122 ; 0.0124972 ; 101.991;
5 ; 23 ; 12 ; 0.0107507 ; -0.00171521 ; 0.0151671 ; 102.116;
6 ; 23 ; 12 ; 0.018201 ; -1.35791e-05 ; 0.0161842 ; 102.912;
7 ; 23 ; 12 ; 0.0106106 ; -5.41066e-05 ; 0.00793198 ; 102.316;
8 ; 23 ; 12 ; 0.0248694 ; 0.00124603 ; 0.00627675 ; 102.567;
9 ; 23 ; 12 ; 0.0144182 ; 0.00182454 ; 0.00089733 ; 102.182;
10 ; 23 ; 12 ; 0.011754 ; -0.00891747 ; 0.00605563 ; 102.433;
11 ; 23 ; 12 ; 0.0105457 ; -0.0106734 ; 0.00448436 ; 102.522;
12 ; 23 ; 12 ; 0.0220169 ; 0.000466776 ; 0.0245324 ; 101.939;
13 ; 23 ; 12 ; 0.0101135 ; -0.00467533 ; 0.0187816 ; 102.108;
14 ; 23 ; 12 ; 0.00573538 ; -0.00559506 ; 0.028445 ; 102.551;
15 ; 23 ; 12 ; 0.00302197 ; -0.00460475 ; 0.0218159 ; 101.989;
16 ; 23 ; 12 ; 0.00780814 ; -0.00749231 ; 0.0230457 ; 101.819;
17 ; 23 ; 12 ; -0.00422648 ; -0.0199875 ; 0.000520718 ; 101.793;
18 ; 23 ; 12 ; 0.0240657 ; -0.0221435 ; 0.0131434 ; 101.917;
19 ; 23 ; 12 ; 0.00301366 ; -0.0180247 ; 0.00830252 ; 102.092;
20 ; 23 ; 12 ; 0.00768954 ; -0.00544908 ; 0.0362615 ; 102.043;
21 ; 23 ; 12 ; 0.0169685 ; 0.00342992 ; 0.02195 ; 101.811;
22 ; 23 ; 12 ; 0.00427998 ; 0.00550872 ; 0.00163166 ; 102.212;
23 ; 23 ; 12 ; -0.00602384 ; 0.0109554 ; 0.0191316 ; 102.218;
24 ; 23 ; 12 ; -0.00895115 ; -0.00904295 ; 0.0232564 ; 101.947;
25 ; 23 ; 12 ; -0.0178696 ; 0.000237645 ; 0.000357783 ; 101.855;
26 ; 23 ; 12 ; -0.0346515 ; 0.00433784 ; 0.0103441 ; 102.264;
27 ; 23 ; 12 ; -0.0162529 ; -0.0135026 ; 0.0169628 ; 102.197;
28 ; 23 ; 12 ; -0.0205543 ; -0.00957374 ; 0.0192003 ; 102.539;
29 ; 23 ; 12 ; -0.0136153 ; -0.00520947 ; 0.0126735 ; 102.498;
30 ; 23 ; 12 ; -0.0172517 ; -0.0105349 ; 0.0111675 ; 102.392;
31 ; 23 ; 12 ; -0.00876072 ; -0.0054537 ; 0.0146499 ; 102.186;
32 ; 23 ; 12 ; -0.00977489 ; -0.000766358 ; 0.010287 ; 102.612;
33 ; 23 ; 12 ; -0.0063666 ; -0.00742649 ; 0.012093 ; 101.96;
4 ; 24 ; 12 ; 0.000502184 ; -0.00710763 ; 0.00835602 ; 102.131;
5 ; 24 ; 12 ; 0.0162163 ; -0.00502854 ; 0.0127479 ; 102.038;
6 ; 24 ; 12 ; 0.0158262 ; -0.0105128 ; 0.0251694 ; 102.587;
7 ; 24 ; 12 ; 0.0172954 ; -0.0137883 ; 0.00466485 ; 102.596;
8 ; 24 ; 12 ; 0.0257767 ; -0.00486727 ; 0.0170957 ; 102.626;
9 ; 24 ; 12 ; 0.0263997 ; -0.00835762 ; 0.00984556 ; 102.343;
10 ; 24 ; 12 ; 0.0189659 ; -0.00983024 ; 0.0116533 ; 102.38;
11 ; 24 ; 12 ; 0.0295623 ; -0.0115067 ; 0.0112296 ; 102.204;
12 ; 24 ; 12 ; 0.0126078 ; -0.0049554 ; 0.0244213 ; 102.431;
13 ; 24 ; 12 ; -0.00349481 ; -0.016027 ; 0.00782873 ; 102.186;
14 ; 24 ; 12 ; 0.0079702 ; 0.00270393 ; 0.0170346 ; 101.514;
15 ; 24 ; 12 ; 0.00169646 ; -0.0114432 ; 0.0111393 ; 102.086;
16 ; 24 ; 12 ; -0.00217397 ; -0.0187629 ; 0.0102984 ; 102.175;
17 ; 24 ; 12 ; 0.000193697 ; -0.000125565 ; 0.0161472 ; 101.648;
18 ; 24 ; 12 ; -0.000494848 ; -0.0135235 ; 0.00943788 ; 101.983;
19 ; 24 ; 12 ; -0.0130525 ; -0.0110387 ; 0.0155935 ; 102.038;
20 ; 24 ; 12 ; 0.00682458 ; -0.00820613 ; 0.0241789 ; 101.975;
21 ; 24 ; 12 ; 0.00427417 ; -0.00601667 ; 0.00558625 ; 101.781;
22 ; 24 ; 12 ; -0.00720323 ; -0.0141245 ; 0.0143661 ; 102.122;
23 ; 24 ; 12 ; -0.0167563 ; 0.00434769 ; 0.020069 ; 101.981;
24 ; 24 ; 12 ; -0.0111713 ; -0.00910068 ; 0.0236486 ; 101.702;
25 ; 24 ; 12 ; -0.0183245 ; -0.0140882 ; 0.0224738 ; 102.762;
26 ; 24 ; 12 ; -0.0109477 ; -0.0085327 ; 0.0108913 ; 102.56;
27 ; 24 ; 12 ; -0.0190695 ; -0.00617832 ; 0.0160499 ; 102.239;
28 ; 24 ; 12 ; -0.018611 ; -0.00484398 ; 0.0101264 ; 102.514;
29 ; 24 ; 12 ; -0.0182978 ; -0.00235145 ; 0.0173824 ; 102.487;
30 ; 24 ; 12 ; -0.00588461 ; -0.00684781 ; 0.0040748 ; 102.995;
31 ; 24 ; 12 ; -0.0128382 ; -0.0114564 ; 0.0126505 ; 102.085;
32 ; 24 ; 12 ; -0.00368785 ; -0.0105019 ; 0.0194366 ; 102.335;
33 ; 24 ; 12 ; -0.0155675 ; -0.0140991 ; 0.00742214 ; 102.169;
4 ; 25 ; 12 ; 0.00998335 ; -0.00991658 ; 0.0155936 ; 102.594;
5 ; 25 ; 12 ; 0.0263011 ; -0.0121031 ; 0.0116208 ; 102.11;
6 ; 25 ; 12 ; 0.0199634 ; -0.0181871 ; 0.0147069 ; 102.288;
7 ; 25 ; 12 ; 0.0229774 ; -0.0196261 ; 0.0058064 ; 102.18;
8 ; 25 ; 12 ; 0.01197 ; -0.00738583 ; 0.0015212 ; 102.174;
9 ; 25 ; 12 ; 0.0264747 ; -0.0101553 ; 0.00874271 ; 103.092;
10 ; 25 ; 12 ; 0.0194331 ; 0.00246124 ; 0.00776458 ; 102.563;
11 ; 25 ; 12 ; 0.0374203 ; -0.0199721 ; 0.021701 ; 102.433;
12 ; 25 ; 12 ; 0.0268031 ; -0.0161478 ; 0.0247876 ; 102.316;
13 ; 25 ; 12 ; 0.0154445 ; -0.0131685 ; 0.0174326 ; 102.356;
14 ; 25 ; 12 ; -0.00550269 ; -0.0183255 ; 0.00957826 ; 102.424;
15 ; 25 ; 12 ; 0.00604648 ; -0.0183442 ; 0.016285 ; 102.187;
16 ; 25 ; 12 ; -0.000617016 ; -0.0245575 ; 0.0129925 ; 102.115;
17 ; 25 ; 12 ; -0.00200217 ; -0.0162062 ; 0.0127072 ; 102.113;
18 ; 25 ; 12 ; 0.00224476 ; -0.0176723 ; 0.0299483 ; 101.872;
19 ; 25 ; 12 ; -0.0142445 ; -0.00242661 ; 0.0107638 ; 101.859;
20 ; 25 ; 12 ; 0.011341 ; -0.00992991 ; 0.0162148 ; 102.022;
21 ; 25 ; 12 ; -0.0088765 ; -0.0102597 ; 0.0170783 ; 102.072;
22 ; 25 ; 12 ; -0.00378947 ; -0.0170122 ; 0.0229338 ; 101.752;
23 ; 25 ; 12 ; -0.00164949 ; -0.00657003 ; 0.0246563 ; 101.927;
24 ; 25 ; 12 ; -0.00243912 ; -0.0131086 ; 0.0143599 ; 102.616;
25 ; 25 ; 12 ; -0.00831057 ; -0.0264672 ; 0.0129293 ; 102.421;
26 ; 25 ; 12 ; -0.01352 ; -0.018935 ; 0.0147413 ; 102.419;
27 ; 25 ; 12 ; -0.022824 ; -0.00774534 ; 0.0247753 ; 102.194;
28 ; 25 ; 12 ; -0.0249276 ; -0.00928006 ; 0.0132528 ; 102.567;
29 ; 25 ; 12 ; -0.0304222 ; 0.000365232 ; 0.00554533 ; 102.221;
30 ; 25 ; 12 ; -0.00163781 ; -0.00839165 ; 0.0070343 ; 102.304;
31 ; 25 ; 12 ; -0.0156284 ; -0.00780733 ; 0.0120022 ; 102.404;
32 ; 25 ; 12 ; -0.00670805 ; 0.00479675 ; 0.0127797 ; 102.497;
33 ; 25 ; 12 ; 0.00479793 ; 0.0044876 ; 0.00734919 ; 102.606;
4 ; 26 ; 12 ; 0.00962075 ; -0.0112774 ; 0.00130199 ; 102.473;
5 ; 26 ; 12 ; -0.00307774 ; -0.0115184 ; 0.00797493 ; 102.496;
6 ; 26 ; 12 ; 0.0152445 ; -0.0198034 ; 0.0147326 ; 102.15;
7 ; 26 ; 12 ; 0.025975 ; -0.0176673 ; 0.0096008 ; 102.83;
8 ; 26 ; 12 ; 0.021349 ; -0.015341 ; 0.0170228 ; 102.574;
9 ; 26 ; 12 ; 0.0282059 ; -0.0144209 ; 0.00135402 ; 102.361;
10 ; 26 ; 12 ; 0.0155446 ; -0.0270852 ; 0.00602302 ; 102.511;
11 ; 26 ; 12 ; 0.0178907 ; -0.0120602 ; 0.0136652 ; 102.455;
12 ; 26 ; 12 ; 0.0141404 ; -0.012309 ; 0.0146855 ; 102.094;
13 ; 26 ; 12 ; 0.0110919 ; -0.0248956 ; 0.01393 ; 102.692;
14 ; 26 ; 12 ; 0.00405656 ; -0.0195603 ; 0.0141634 ; 101.733;
15 ; 26 ; 12 ; 0.00292268 ; -0.0176107 ; -0.00146756 ; 102.684;
16 ; 26 ; 12 ; 0.00199438 ; -0.0148426 ; 0.0220225 ; 102.071;
17 ; 26 ; 12 ; -0.00442595 ; -0.032495 ; 0.0167267 ; 102.493;
18 ; 26 ; 12 ; 0.00686108 ; -0.0136238 ; 0.00884584 ; 102.183;
19 ; 26 ; 12 ; -0.0136895 ; -0.0290247 ; 0.0168331 ; 102.076;
20 ; 26 ; 12 ; 0.00449382 ; -0.0172689 ; -0.00669967 ; 102.284;
21 ; 26 ; 12 ; 0.00238557 ; -0.010994 ; 0.0172451 ; 102.749;
22 ; 26 ; 12 ; 0.0093224 ; -0.0220362 ; 0.0255265 ; 102.259;
23 ; 26 ; 12 ; -0.00631451 ; -0.033237 ; 0.0242955 ; 102.199;
24 ; 26 ; 12 ; -0.00209437 ; -0.0102156 ; 0.0232315 ; 102.44;
25 ; 26 ; 12 ; -0.0108869 ; -0.0165575 ; 0.00756293 ; 102.547;
26 ; 26 ; 12 ; -0.0234398 ; -0.0217005 ; 0.00552287 ; 102.595;
27 ; 26 ; 12 ; -0.0176741 ; -0.00902519 ; 0.00189045 ; 102.839;
28 ; 26 ; 12 ; -0.0266471 ; -0.008171 ; 0.0175329 ; 102.196;
29 ; 26 ; 12 ; -0.0233496 ; -0.0215691 ; 0.00862297 ; 102.365;
30 ; 26 ; 12 ; -0.0183403 ; -0.0143782 ; 0.0142473 ; 102.622;
31 ; 26 ; 12 ; -0.0226017 ; -0.0162435 ; 0.0082802 ; 102.718;
32 ; 26 ; 12 ; -0.0168932 ; -0.0176538 ; 0.00253451 ; 102.5;
33 ; 26 ; 12 ; -0.022568 ; -0.0250856 ; 0.0155157 ; 102.579;
4 ; 27 ; 12 ; 0.00773351 ; -0.00636856 ; 0.00887178 ; 102.546;
5 ; 27 ; 12 ; 0.000807271 ; -0.00781279 ; 0.00239829 ; 102.382;
6 ; 27 ; 12 ; 0.0108151 ; -0.00887903 ; 0.00622519 ; 102.528;
7 ; 27 ; 12 ; 0.0145707 ; -0.0103137 ; 0.0045928 ; 102.369;
8 ; 27 ; 12 ; 0.0209213 ; -0.0109578 ; 0.00980093 ; 102.886;
9 ; 27 ; 12 ; 0.0164313 ; -0.0115057 ; 0.0168893 ; 102.558;
10 ; 27 ; 12 ; 0.0285073 ; -0.0350856 ; 0.0225866 ; 102.973;
11 ; 27 ; 12 ; 0.0193104 ; -0.0232729 ; 0.0132184 ; 103.029;
12 ; 27 ; 12 ; 0.0058149 ; -0.0178791 ; -0.0038018 ; 102.824;
13 ; 27 ; 12 ; 0.0248549 ; -0.0206131 ; 0.0109714 ; 102.1;
14 ; 27 ; 12 ; -0.0107856 ; -0.0146264 ; 0.0170222 ; 102.655;
15 ; 27 ; 12 ; -0.0078852 ; -0.0153164 ; 0.0130319 ; 102.135;
16 ; 27 ; 12 ; 0.00353326 ; -0.0220381 ; 0.00489938 ; 102.321;
17 ; 27 ; 12 ; -0.00454596 ; -0.0220873 ; 0.0163347 ; 101.868;
18 ; 27 ; 12 ; -7.85175e-05 ; -0.0283315 ; 0.0217255 ; 102.424;
19 ; 27 ; 12 ; 0.0052279 ; -0.0110087 ; 0.00982012 ; 101.922;
20 ; 27 ; 12 ; 2.6045e-05 ; -0.0413218 ; 0.0123379 ; 102.424;
21 ; 27 ; 12 ; -0.000292629 ; -0.0178183 ; 0.0130975 ; 102.059;
22 ; 27 ; 12 ; 0.00421767 ; -0.0211936 ; 0.0267021 ; 102.096;
23 ; 27 ; 12 ; -0.0170825 ; -0.0279292 ; 0.00576324 ; 102.189;
24 ; 27 ; 12 ; -0.0180868 ; -0.0192841 ; 0.0279986 ; 102.535;
25 ; 27 ; 12 ; -0.0127825 ; -0.0330844 ; 0.0189892 ; 102.544;
26 ; 27 ; 12 ; -0.0229951 ; -0.0176233 ; 0.0129439 ; 102.561;
27 ; 27 ; 12 ; -0.0108771 ; -0.0304137 ; 0.00704494 ; 102.618;
28 ; 27 ; 12 ; -0.0186297 ; -0.0134338 ; 0.0103679 ; 102.761;
29 ; 27 ; 12 ; -0.0183247 ; -0.00988762 ; -0.00917095 ; 102.442;
30 ; 27 ; 12 ; -0.0198425 ; -0.00984837 ; 0.0137213 ; 102.474;
31 ; 27 ; 12 ; -0.0176915 ; -0.00604768 ; 0.0139647 ; 102.546;
32 ; 27 ; 12 ; -0.000858447 ; -0.0149824 ; 0.00858722 ; 102.16;
33 ; 27 ; 12 ; -0.00730783 ; -0.0211032 ; 0.0159145 ; 103.041;
4 ; 28 ; 12 ; -0.00440722 ; -0.0107321 ; 0.00898204 ; 102.527;
5 ; 28 ; 12 ; 0.0147814 ; -0.0115233 ; 0.000271313 ; 102.621;
6 ; 28 ; 12 ; 0.0146696 ; -0.0145283 ; 0.00965603 ; 102.405;
7 ; 28 ; 12 ; 0.0288843 ; -0.0208116 ; 0.0117749 ; 102.783;
8 ; 28 ; 12 ; 0.017523 ; -0.016767 ; 0.00770795 ; 102.709;
9 ; 28 ; 12 ; 0.0172015 ; -0.0227587 ; -0.00445343 ; 102.641;
10 ; 28 ; 12 ; 0.00917911 ; -0.0184947 ; 0.0146282 ; 102.614;
11 ; 28 ; 12 ; 0.00584129 ; -0.0219003 ; 0.0107856 ; 102.791;
12 ; 28 ; 12 ; 0.0143303 ; -0.0156459 ; 0.002529 ; 102.084;
13 ; 28 ; 12 ; 0.00199792 ; -0.0172998 ; 0.0141378 ; 102.469;
14 ; 28 ; 12 ; -0.00673661 ; -0.0229524 ; 0.0172897 ; 102.116;
15 ; 28 ; 12 ; 0.0050208 ; -0.0145667 ; 0.0312117 ; 102.404;
16 ; 28 ; 12 ; 0.00195304 ; -0.0283424 ; 0.0194728 ; 101.957;
17 ; 28 ; 12 ; 0.00649458 ; -0.044171 ; 0.0145582 ; 102.189;
18 ; 28 ; 12 ; -0.00258178 ; -0.0143848 ; 0.0217523 ; 101.909;
19 ; 28 ; 12 ; 0.000340762 ; -0.0130362 ; 0.0176184 ; 102.139;
20 ; 28 ; 12 ; 0.0017727 ; -0.0133657 ; 0.0138371 ; 102.006;
21 ; 28 ; 12 ; -0.00488233 ; -0.0261353 ; 0.0138277 ; 102.148;
22 ; 28 ; 12 ; -0.0122046 ; -0.0139091 ; 0.00606171 ; 101.834;
23 ; 28 ; 12 ; -0.00515304 ; -0.0258639 ; 0.00923579 ; 102.086;
24 ; 28 ; 12 ; -0.0014226 ; -0.015533 ; 0.0112769 ; 102.241;
25 ; 28 ; 12 ; -0.00335142 ; -0.0123396 ; 0.00145438 ; 102.938;
26 ; 28 ; 12 ; -0.015316 ; -0.0236165 ; 0.00948206 ; 102.373;
27 ; 28 ; 12 ; -0.0216261 ; -0.0221222 ; 0.0037468 ; 102.528;
28 ; 28 ; 12 ; -0.0205245 ; -0.0198785 ; 0.00559718 ; 102.546;
29 ; 28 ; 12 ; -0.00655984 ; -0.0248821 ; -0.00391177 ; 102.57;
30 ; 28 ; 12 ; -0.0133101 ; -0.0125106 ; -0.000103927 ; 102.868;
31 ; 28 ; 12 ; -0.0181071 ; -0.00827616 ; -0.000316992 ; 102.212;
32 ; 28 ; 12 ; -0.015931 ; -0.0139519 ; 0.0150811 ; 102.831;
33 ; 28 ; 12 ; 0.00794243 ; -0.0193982 ; 0.0109591 ; 102.358;
4 ; 29 ; 12 ; -0.00327626 ; -0.0226963 ; 0.000809089 ; 102.885;
5 ; 29 ; 12 ; 0.013758 ; -0.0130779 ; 0.0013951 ; 102.652;
6 ; 29 ; 12 ; 0.0274013 ; -0.00652298 ; 0.00550196 ; 102.63;
7 ; 29 ; 12 ; 0.00390813 ; -0.0211019 ; -0.00417654 ; 102.402;
8 ; 29 ; 12 ; 0.017677 ; -0.0184346 ; 0.00531082 ; 102.657;
9 ; 29 ; 12 ; 0.0232106 ; -0.0187495 ; 0.00237018 ; 102.906;
10 ; 29 ; 12 ; 0.00105095 ; -0.0215729 ; 0.0140351 ; 102.228;
11 ; 29 ; 12 ; 0.0161715 ; -0.00962972 ; 0.0129081 ; 102.514;
12 ; 29 ; 12 ; 0.0198748 ; -0.0387555 ; 0.00424505 ; 102.365;
13 ; 29 ; 12 ; 0.0173468 ; -0.0147425 ; 0.00187438 ; 102.573;
14 ; 29 ; 12 ; 0.00839491 ; -0.0218686 ; 0.017186 ; 102.22;
15 ; 29 ; 12 ; 0.00254866 ; -0.026519 ; 0.0242674 ; 102.176;
16 ; 29 ; 12 ; -0.0024475 ; -0.0226797 ; 0.00769807 ; 102.227;
17 ; 29 ; 12 ; 0.015107 ; -0.0261978 ; 0.0170039 ; 102.648;
18 ; 29 ; 12 ; -0.0175805 ; -0.0210954 ; -0.00356849 ; 102.006;
19 ; 29 ; 12 ; -0.0203241 ; -0.0370958 ; -0.00156572 ; 102.61;
20 ; 29 ; 12 ; 0.00366536 ; -0.018603 ; 0.0128636 ; 101.999;
21 ; 29 ; 12 ; -0.00339182 ; -0.0247174 ; 0.00401679 ; 102.452;
22 ; 29 ; 12 ; -0.00451367 ; -0.0304896 ; 0.00405117 ; 102.22;
23 ; 29 ; 12 ; -0.0130585 ; -0.0194638 ; 0.000740681 ; 102.07;
24 ; 29 ; 12 ; -0.0148095 ; -0.0306007 ; 0.00925683 ; 102.348;
25 ; 29 ; 12 ; -0.00408187 ; -0.0259284 ; 0.0136569 ; 102.075;
26 ; 29 ; 12 ; -0.025609 ; -0.0244337 ; 0.001009 ; 102.576;
27 ; 29 ; 12 ; -0.0191803 ; -0.0172987 ; -0.00640755 ; 102.703;
28 ; 29 ; 12 ; 0.00231235 ; -0.0209066 ; -0.000489468 ; 102.548;
29 ; 29 ; 12 ; -0.0023997 ; -0.0176554 ; -0.00036583 ; 102.913;
30 ; 29 ; 12 ; -0.017415 ; -0.016927 ; 0.0053678 ; 102.192;
31 ; 29 ; 12 ; -0.0279235 ; -0.0218924 ; 0.00298585 ; 102.79;
32 ; 29 ; 12 ; 0.00884866 ; -0.020591 ; 0.0105842 ; 102.933;
33 ; 29 ; 12 ; -0.0112191 ; 0.000747853 ; -0.00115315 ; 102.681;
4 ; 30 ; 12 ; 0.000122121 ; -0.0174381 ; 0.000468044 ; 103.043;
5 ; 30 ; 12 ; 0.012845 ; -0.0135096 ; 0.0110803 ; 102.771;
6 ; 30 ; 12 ; 0.0237304 ; -0.0149753 ; 0.0122463 ; 102.6;
7 ; 30 ; 12 ; 0.0152507 ; -0.0141141 ; 0.0142108 ; 102.946;
8 ; 30 ; 12 ; 0.0170019 ; -0.0140231 ; 0.00579157 ; 102.871;
9 ; 30 ; 12 ; 0.0205417 ; -0.00955869 ; 0.00654252 ; 103.203;
10 ; 30 ; 12 ; 0.0139481 ; -0.0158788 ; 0.0172943 ; 102.72;
11 ; 30 ; 12 ; 0.00999217 ; -0.00980089 ; -0.00185719 ; 102.756;
12 ; 30 ; 12 ; 0.000477418 ; -0.00647663 ; 0.0139954 ; 102.573;
13 ; 30 ; 12 ; 0.000197752 ; -0.0226901 ; 0.000262445 ; 102.098;
14 ; 30 ; 12 ; -0.0054607 ; -0.0155804 ; 0.0171941 ; 102.528;
15 ; 30 ; 12 ; 0.000954124 ; -0.024565 ; 0.00606027 ; 102.76;
16 ; 30 ; 12 ; -0.00206348 ; -0.0402186 ; 0.011923 ; 102.385;
17 ; 30 ; 12 ; -0.00227187 ; -0.0252257 ; 0.0203413 ; 102.405;
18 ; 30 ; 12 ; -0.0076946 ; -0.0134179 ; 0.0136626 ; 102.618;
19 ; 30 ; 12 ; -0.0150243 ; -0.0154948 ; 0.0267504 ; 102.398;
20 ; 30 ; 12 ; -0.000743844 ; -0.00547265 ; 0.0135225 ; 102.889;
21 ; 30 ; 12 ; -0.00681786 ; -0.0164641 ; 0.0236284 ; 102.414;
22 ; 30 ; 12 ; 0.00381211 ; -0.0261842 ; 0.01444 ; 102.695;
23 ; 30 ; 12 ; -0.0259684 ; -0.0294176 ; 0.00355218 ; 102.476;
24 ; 30 ; 12 ; -0.0329978 ; -0.0209249 ; 0.0205736 ; 102.755;
25 ; 30 ; 12 ; -0.0175274 ; -0.018328 ; 0.0128618 ; 102.584;
26 ; 30 ; 12 ; -0.0167026 ; -0.0293908 ; 0.00766192 ; 102.856;
27 ; 30 ; 12 ; -0.0102065 ; -0.0112401 ; 0.0220352 ; 102.517;
28 ; 30 ; 12 ; -0.0121767 ; -0.0115044 ; 0.0157428 ; 103.023;
29 ; 30 ; 12 ; -0.0245511 ; -0.00699687 ; -0.00337175 ; 102.9;
30 ; 30 ; 12 ; -0.0190682 ; -0.00647759 ; 0.000179372 ; 102.883;
31 ; 30 ; 12 ; 0.00119194 ; -0.00943525 ; 0.0188573 ; 102.631;
32 ; 30 ; 12 ; -0.0201199 ; -0.027258 ; 0.0119701 ; 102.602;
33 ; 30 ; 12 ; 0.000822711 ; -0.0234737 ; 0.00545282 ; 102.807;
4 ; 31 ; 12 ; 0.000674278 ; -0.000531225 ; -0.00272546 ; 102.959;
5 ; 31 ; 12 ; 0.00463587 ; -0.0192238 ; -0.000827818 ; 102.917;
6 ; 31 ; 12 ; 0.021551 ; -0.00920996 ; 0.005755 ; 102.777;
7 ; 31 ; 12 ; 0.0113864 ; -0.010692 ; 0.00925753 ; 102.782;
8 ; 31 ; 12 ; 0.0143876 ; -0.0128542 ; 0.00203262 ; 102.852;
9 ; 31 ; 12 ; 0.0221365 ; -0.0118622 ; 0.00881597 ; 102.819;
10 ; 31 ; 12 ; 0.0292568 ; -0.0166929 ; 0.0140819 ; 102.917;
11 ; 31 ; 12 ; 0.0215246 ; -0.0131606 ; 0.0112816 ; 102.67;
12 ; 31 ; 12 ; 0.0162699 ; -0.0158576 ; -0.00242726 ; 102.451;
13 ; 31 ; 12 ; 0.0107269 ; -0.0154782 ; 0.0106766 ; 102.52;
14 ; 31 ; 12 ; -0.00895749 ; -0.0131901 ; 0.00331217 ; 102.549;
15 ; 31 ; 12 ; 0.014892 ; -0.0234273 ; 0.0139322 ; 102.4;
16 ; 31 ; 12 ; -0.000564376 ; -0.0210715 ; 0.00606767 ; 101.826;
17 ; 31 ; 12 ; 0.00955238 ; -0.012387 ; 0.0134718 ; 102.221;
18 ; 31 ; 12 ; 0.00782572 ; -0.0133875 ; 0.0103086 ; 102.604;
19 ; 31 ; 12 ; 0.00340199 ; -0.00743534 ; 0.0103794 ; 102.329;
20 ; 31 ; 12 ; -0.0107637 ; -0.0188878 ; 0.00498178 ; 102.027;
21 ; 31 ; 12 ; 0.0044433 ; -0.0113613 ; -0.00138306 ; 102.606;
22 ; 31 ; 12 ; -0.0118419 ; 0.00129812 ; 0.0177434 ; 102.388;
23 ; 31 ; 12 ; -0.00553329 ; -0.0202355 ; 0.010368 ; 102.395;
24 ; 31 ; 12 ; -0.00296168 ; 0.000773799 ; -0.00176773 ; 102.288;
25 ; 31 ; 12 ; -0.0128829 ; -0.010806 ; 0.0050449 ; 102.534;
26 ; 31 ; 12 ; -0.0157819 ; -0.0104532 ; 0.00912503 ; 103.025;
27 ; 31 ; 12 ; -0.0178153 ; -0.000795721 ; 0.0232769 ; 102.663;
28 ; 31 ; 12 ; -0.00941508 ; -0.0185547 ; 0.00855182 ; 102.239;
29 ; 31 ; 12 ; -0.016293 ; -0.00965515 ; -0.00702693 ; 103.02;
30 ; 31 ; 12 ; -0.00679936 ; -0.0115851 ; 0.00279009 ; 102.622;
31 ; 31 ; 12 ; -0.00519722 ; -0.000419841 ; 0.0195819 ; 102.738;
32 ; 31 ; 12 ; -0.00295472 ; -0.0138281 ; -0.00337389 ; 102.839;
33 ; 31 ; 12 ; -0.0130263 ; -0.0134967 ; 0.00716717 ; 102.71;
4 ; 32 ; 12 ; 0.00324199 ; 0.00257918 ; 0.00228924 ; 102.538;
5 ; 32 ; 12 ; 0.0073587 ; -0.00972808 ; 0.00639539 ; 103.026;
6 ; 32 ; 12 ; 0.0209342 ; -0.00946345 ; 0.0086031 ; 102.523;
7 ; 32 ; 12 ; 0.0285487 ; -0.0185927 ; 0.01184 ; 102.386;
8 ; 32 ; 12 ; 0.0263985 ; -0.0175774 ; 0.00617083 ; 102.562;
9 ; 32 ; 12 ; 0.020344 ; -0.00803695 ; -0.0160603 ; 102.612;
10 ; 32 ; 12 ; 0.0090668 ; -0.0192874 ; 0.00327083 ; 102.497;
11 ; 32 ; 12 ; 0.00912683 ; -0.00811092 ; 0.00291323 ; 102.676;
12 ; 32 ; 12 ; 0.00368286 ; -0.0074512 ; 0.00790103 ; 102.315;
13 ; 32 ; 12 ; 0.00626745 ; -0.0155281 ; 0.00629216 ; 102.079;
14 ; 32 ; 12 ; 0.00318105 ; -0.00448887 ; 0.00794828 ; 102.495;
15 ; 32 ; 12 ; -0.00467023 ; -0.0158837 ; 0.0182616 ; 102.012;
16 ; 32 ; 12 ; -0.00460796 ; -0.0136493 ; 0.00838616 ; 102.086;
17 ; 32 ; 12 ; -0.00676621 ; -0.00246889 ; 0.00508751 ; 102.436;
18 ; 32 ; 12 ; 0.00624494 ; -0.016939 ; 0.0135872 ; 101.907;
19 ; 32 ; 12 ; -0.0102628 ; -0.0039155 ; 0.0157717 ; 101.925;
20 ; 32 ; 12 ; -0.00514239 ; -0.010092 ; 0.00735562 ; 102.227;
21 ; 32 ; 12 ; -0.010251 ; 0.00640463 ; 0.0217193 ; 102.508;
22 ; 32 ; 12 ; 0.00191592 ; -0.004781 ; 0.0115751 ; 102.368;
23 ; 32 ; 12 ; -0.00265774 ; -0.00665776 ; 0.0046705 ; 102.214;
24 ; 32 ; 12 ; 0.0028041 ; -0.00576088 ; 0.011123 ; 102.446;
25 ; 32 ; 12 ; -0.0159078 ; 0.00124844 ; 0.00102986 ; 102.375;
26 ; 32 ; 12 ; 0.00118647 ; 0.00232359 ; 0.00234487 ; 102.197;
27 ; 32 ; 12 ; -0.0104763 ; 0.00185536 ; 0.00607247 ; 103.04;
28 ; 32 ; 12 ; -0.0292601 ; -0.00436984 ; -0.000433195 ; 102.583;
29 ; 32 ; 12 ; -0.0258028 ; -0.00474456 ; 0.00898606 ; 102.38;
30 ; 32 ; 12 ; -0.0104025 ; -0.00956316 ; 0.00236443 ; 102.448;
31 ; 32 ; 12 ; -0.0146243 ; 0.00288527 ; 0.0102633 ; 102.94;
32 ; 32 ; 12 ; -0.00987271 ; -0.01539 ; 0.0144305 ; 102.598;
33 ; 32 ; 12 ; 0.000335329 ; -0.0180433 ; 0.0078889 ; 103.179;
4 ; 33 ; 12 ; -0.00142075 ; -0.00319391 ; 0.00812535 ; 102.269;
5 ; 33 ; 12 ; 0.00619996 ; -0.000414241 ; -0.00180511 ; 102.491;
6 ; 33 ; 12 ; 0.0103345 ; 0.0042311 ; -0.00139013 ; 102.843;
7 ; 33 ; 12 ; 0.0101095 ; 0.00706823 ; 0.00338799 ; 102.648;
8 ; 33 ; 12 ; 0.016601 ; -0.00891412 ; -0.0107215 ; 102.613;
9 ; 33 ; 12 ; 0.0146287 ; -0.00120891 ; 0.00846646 ; 102.936;
10 ; 33 ; 12 ; 0.000569512 ; 0.00776322 ; 0.0122562 ; 102.089;
11 ; 33 ; 12 ; 0.00432195 ; -0.00376001 ; 0.0130592 ; 102.522;
12 ; 33 ; 12 ; 0.00608414 ; -0.00531325 ; 0.00534915 ; 102.094;
13 ; 33 ; 12 ; 0.00760029 ; -0.00464935 ; 0.00346746 ; 102.3;
14 ; 33 ; 12 ; 0.00391877 ; 0.00700024 ; -0.000838429 ; 102.089;
15 ; 33 ; 12 ; -0.0100666 ; 0.0038668 ; 0.0145007 ; 101.65;
16 ; 33 ; 12 ; -0.00430536 ; -0.020167 ; 0.0119788 ; 102.603;
17 ; 33 ; 12 ; 0.00136446 ; 0.00293123 ; 0.00549665 ; 102.114;
18 ; 33 ; 12 ; -0.00890581 ; 0.000158744 ; 0.0171926 ; 102.477;
19 ; 33 ; 12 ; 0.00139407 ; 0.00231088 ; 0.00120169 ; 101.934;
20 ; 33 ; 12 ; 0.00116683 ; -0.00597436 ; 0.00982297 ; 102.32;
21 ; 33 ; 12 ; -0.00273225 ; -0.00606426 ; 0.000298327 ; 102.051;
22 ; 33 ; 12 ; 0.00351879 ; 0.00517381 ; -0.00174717 ; 102.335;
23 ; 33 ; 12 ; -0.00940862 ; -0.0128672 ; -0.000888937 ; 102.38;
24 ; 33 ; 12 ; -0.000247347 ; -0.0045285 ; 0.0276674 ; 102.707;
25 ; 33 ; 12 ; -0.00592229 ; -0.00807645 ; 0.0131131 ; 101.938;
26 ; 33 ; 12 ; -0.0167725 ; 0.00437081 ; 0.00818472 ; 102.511;
27 ; 33 ; 12 ; -0.00617236 ; -0.00701022 ; 0.0027694 ; 102.723;
28 ; 33 ; 12 ; -0.017284 ; 5.26553e-05 ; 0.00747827 ; 102.87;
29 ; 33 ; 12 ; -0.0126216 ; -0.00157995 ; 0.022019 ; 103.274;
30 ; 33 ; 12 ; -0.00892753 ; -0.0064978 ; -0.00573197 ; 102.583;
31 ; 33 ; 12 ; -0.0112127 ; -0.00722093 ; 0.00537753 ; 102.696;
32 ; 33 ; 12 ; -0.010482 ; -0.00538104 ; -0.00517219 ; 102.218;
33 ; 33 ; 12 ; -0.0067871 ; -0.00620432 ; 0.00878102 ; 102.783;
4 ; 4 ; 13 ; 0.0032021 ; -0.00292111 ; -0.00254273 ; 102.351;
5 ; 4 ; 13 ; 0.0096874 ; 0.00130997 ; 0.00155851 ; 102.689;
6 ; 4 ; 13 ; 0.0145577 ; -0.00512915 ; 0.00591713 ; 102.703;
7 ; 4 ; 13 ; 0.00557496 ; -0.00202083 ; -0.00289033 ; 102.326;
8 ; 4 ; 13 ; 0.0110671 ; 0.00850821 ; -0.000117707 ; 102.052;
9 ; 4 ; 13 ; 0.0210109 ; 0.0023211 ; 0.0178797 ; 102.29;
10 ; 4 ; 13 ; 0.016724 ; -0.0149393 ; 0.00819124 ; 102.091;
11 ; 4 ; 13 ; 0.00859949 ; -0.00331779 ; 0.00365079 ; 102.354;
12 ; 4 ; 13 ; 0.00976447 ; 0.00425523 ; 0.0114858 ; 102.078;
13 ; 4 ; 13 ; 0.00799622 ; 0.00827305 ; 0.00649724 ; 102.495;
14 ; 4 ; 13 ; 0.00356096 ; -0.00803178 ; 0.00845221 ; 102.02;
15 ; 4 ; 13 ; -0.0112338 ; -0.000280636 ; 0.0109285 ; 102.213;
16 ; 4 ; 13 ; -0.0106498 ; -1.03652e-05 ; 0.000588579 ; 102.263;
17 ; 4 ; 13 ; -0.00516095 ; -0.0133813 ; 0.00598824 ; 102.09;
18 ; 4 ; 13 ; 0.000277378 ; 0.00826921 ; 0.0130798 ; 102.297;
19 ; 4 ; 13 ; 0.00899226 ; 0.015719 ; -0.00438384 ; 102.022;
20 ; 4 ; 13 ; -0.00872151 ; 0.0116118 ; -0.00269527 ; 102.178;
21 ; 4 ; 13 ; 0.00187971 ; 0.0115363 ; 0.0105666 ; 102.321;
22 ; 4 ; 13 ; 0.00793887 ; 0.00710719 ; 0.0112685 ; 102.262;
23 ; 4 ; 13 ; 0.00385338 ; 0.00739143 ; -0.00870867 ; 102.591;
24 ; 4 ; 13 ; -0.00831613 ; 0.00133595 ; 0.00476878 ; 102.148;
25 ; 4 ; 13 ; -0.0172741 ; 0.00899119 ; 0.00655899 ; 102.199;
26 ; 4 ; 13 ; -0.0210053 ; -0.00169519 ; 0.0113437 ; 102.26;
27 ; 4 ; 13 ; -0.0111 ; 0.00378741 ; -0.00515658 ; 102.725;
28 ; 4 ; 13 ; -0.0266147 ; -0.00251479 ; 0.00355896 ; 102.559;
29 ; 4 ; 13 ; -0.0189167 ; 0.00126346 ; -0.0125028 ; 102.01;
30 ; 4 ; 13 ; -0.011981 ; -0.00360768 ; 0.00575218 ; 102.245;
31 ; 4 ; 13 ; -0.00360865 ; 0.0101078 ; -0.0102806 ; 102.511;
32 ; 4 ; 13 ; -0.00665357 ; 0.00198509 ; 0.00610802 ; 102.902;
33 ; 4 ; 13 ; -0.0123997 ; -0.00045203 ; -0.0026272 ; 102.756;
4 ; 5 ; 13 ; 0.0051102 ; 0.0101413 ; -0.00735851 ; 102.76;
5 ; 5 ; 13 ; 0.0191217 ; 0.0166267 ; -0.0022867 ; 102.42;
6 ; 5 ; 13 ; 0.023857 ; -0.000836519 ; 0.00489405 ; 103.01;
7 ; 5 ; 13 ; 0.0211883 ; 0.0107284 ; 0.00893832 ; 102.58;
8 ; 5 ; 13 ; 0.0137983 ; 0.00980387 ; 0.00126293 ; 102.768;
9 ; 5 ; 13 ; 0.0229068 ; -0.00217234 ; 0.0149541 ; 102.018;
10 ; 5 ; 13 ; 0.00555429 ; 0.00475813 ; 0.00108746 ; 102.774;
11 ; 5 ; 13 ; 0.0164604 ; -0.00279539 ; -0.00756763 ; 102.511;
12 ; 5 ; 13 ; -0.00197382 ; 0.00572273 ; 0.000484864 ; 102.299;
13 ; 5 ; 13 ; -0.000838195 ; 0.012434 ; 0.00240199 ; 102.209;
14 ; 5 ; 13 ; 0.00463504 ; 0.019563 ; 0.00778063 ; 102.255;
15 ; 5 ; 13 ; 0.00104411 ; 0.0148516 ; 0.00806686 ; 102.047;
16 ; 5 ; 13 ; -0.000679 ; 0.0156433 ; -0.000984447 ; 101.881;
17 ; 5 ; 13 ; 0.00180932 ; 0.00783072 ; 0.00208201 ; 102.193;
18 ; 5 ; 13 ; 0.000256606 ; 0.0193101 ; 0.0111531 ; 101.961;
19 ; 5 ; 13 ; -0.0030153 ; 0.0100767 ; -0.00283192 ; 102.058;
20 ; 5 ; 13 ; 0.00651576 ; 0.0159066 ; 0.0102534 ; 101.915;
21 ; 5 ; 13 ; -0.0063496 ; 0.0161569 ; 0.0178754 ; 102.115;
22 ; 5 ; 13 ; 0.00154853 ; 0.0140475 ; 0.00606029 ; 102.523;
23 ; 5 ; 13 ; -0.00960553 ; 0.00210742 ; -0.00529056 ; 102.014;
24 ; 5 ; 13 ; -0.00670021 ; 0.00664947 ; 0.00907472 ; 102.31;
25 ; 5 ; 13 ; -0.0169921 ; 0.00625485 ; 0.0132252 ; 101.997;
26 ; 5 ; 13 ; -0.00796946 ; 0.0293931 ; 0.0203817 ; 103.171;
27 ; 5 ; 13 ; -0.0270138 ; 0.0137766 ; 0.00832525 ; 102.464;
28 ; 5 ; 13 ; -0.0191036 ; 0.0098493 ; 0.00863385 ; 102.387;
29 ; 5 ; 13 ; -0.00800507 ; 0.00302863 ; 0.00112646 ; 102.776;
30 ; 5 ; 13 ; -0.0316271 ; 0.014241 ; 0.00513406 ; 102.516;
31 ; 5 ; 13 ; -0.0201363 ; 0.0146924 ; 0.00352255 ; 102.476;
32 ; 5 ; 13 ; -0.00141896 ; -0.0045735 ; -0.00202774 ; 102.45;
33 ; 5 ; 13 ; -0.00510859 ; 0.00972615 ; 0.00125705 ; 102.244;
4 ; 6 ; 13 ; -0.00701385 ; 0.0164162 ; -0.00570052 ; 102.631;
5 ; 6 ; 13 ; 0.000629476 ; 0.0093231 ; -0.0111572 ; 102.922;
6 ; 6 ; 13 ; 0.0127581 ; 0.00862799 ; -0.00144209 ; 102.449;
7 ; 6 ; 13 ; 0.0169874 ; 0.0141396 ; 0.0151326 ; 102.529;
8 ; 6 ; 13 ; 0.0249933 ; 0.00695716 ; 0.00818762 ; 102.831;
9 ; 6 ; 13 ; 0.0191252 ; 0.0102911 ; 0.0126459 ; 102.794;
10 ; 6 ; 13 ; 0.0244261 ; 0.00687604 ; -0.00190035 ; 102.31;
11 ; 6 ; 13 ; 0.0200125 ; 0.0182034 ; 0.00292332 ; 102.308;
12 ; 6 ; 13 ; 0.0214515 ; 0.0142748 ; 0.00110089 ; 102.193;
13 ; 6 ; 13 ; 0.00830233 ; 0.0151765 ; 0.00643177 ; 102.053;
14 ; 6 ; 13 ; -0.000262354 ; 0.0168605 ; 0.00444673 ; 102.326;
15 ; 6 ; 13 ; 0.00313183 ; 0.00513115 ; -0.00514462 ; 102.253;
16 ; 6 ; 13 ; 0.0146416 ; 0.0200005 ; 0.00802506 ; 102.382;
17 ; 6 ; 13 ; 0.00650085 ; 0.0135237 ; 0.00732662 ; 102.246;
18 ; 6 ; 13 ; -0.0076916 ; 0.0135168 ; 0.0233956 ; 102.175;
19 ; 6 ; 13 ; 0.00567191 ; 0.0274171 ; 0.00762281 ; 102.143;
20 ; 6 ; 13 ; 0.0126104 ; 0.0143579 ; 0.0119876 ; 102.26;
21 ; 6 ; 13 ; -0.00292993 ; 0.0236179 ; 0.0013263 ; 102.422;
22 ; 6 ; 13 ; -0.00637774 ; 0.0270872 ; 0.00163929 ; 102.265;
23 ; 6 ; 13 ; -0.022046 ; 0.0182069 ; -0.00403305 ; 102.383;
24 ; 6 ; 13 ; -0.0193396 ; 0.00395463 ; 0.0168394 ; 102.675;
25 ; 6 ; 13 ; -0.0217075 ; 0.0171788 ; 0.0123382 ; 102.615;
26 ; 6 ; 13 ; -0.0117804 ; 0.00626229 ; 0.0116988 ; 102.708;
27 ; 6 ; 13 ; -0.00710952 ; 0.00648274 ; 0.00189212 ; 102.694;
28 ; 6 ; 13 ; -0.0254098 ; 0.00844899 ; 0.00775508 ; 102.412;
29 ; 6 ; 13 ; -0.024302 ; 0.00849018 ; 0.00817729 ; 102.991;
30 ; 6 ; 13 ; -0.0299074 ; -0.00370473 ; 0.00246885 ; 102.911;
31 ; 6 ; 13 ; -0.0232268 ; 0.00914192 ; -0.000787467 ; 102.794;
32 ; 6 ; 13 ; -0.00827121 ; 0.0030796 ; 0.00662266 ; 103.076;
33 ; 6 ; 13 ; -0.00749589 ; 0.001778 ; 0.00216712 ; 102.322;
4 ; 7 ; 13 ; 0.0109694 ; 0.0132733 ; -0.00204389 ; 102.572;
5 ; 7 ; 13 ; 0.00683022 ; 0.0125534 ; 0.00200134 ; 102.758;
6 ; 7 ; 13 ; 0.011485 ; 0.0289228 ; -0.000245608 ; 103.065;
7 ; 7 ; 13 ; 0.0145243 ; 0.0141444 ; -0.00348242 ; 102.965;
8 ; 7 ; 13 ; 0.0205056 ; 0.0214875 ; 0.00358068 ; 102.638;
9 ; 7 ; 13 ; 0.0123887 ; 0.0232003 ; 0.00152752 ; 102.547;
10 ; 7 ; 13 ; -0.00140032 ; 0.01214 ; -0.00834294 ; 102.627;
11 ; 7 ; 13 ; 0.0127792 ; 3.57446e-05 ; 0.00959497 ; 102.308;
12 ; 7 ; 13 ; 0.00659114 ; 0.0126023 ; 0.00815689 ; 102.46;
13 ; 7 ; 13 ; 0.0157232 ; 0.0135217 ; -0.00178912 ; 102.17;
14 ; 7 ; 13 ; 0.00462533 ; 0.0247952 ; 0.00580173 ; 102.45;
15 ; 7 ; 13 ; 0.00788885 ; 0.0130993 ; 0.00671777 ; 102.46;
16 ; 7 ; 13 ; -0.00046454 ; 0.0255966 ; 0.00303735 ; 102.089;
17 ; 7 ; 13 ; 0.0171072 ; 0.037002 ; 0.022356 ; 101.872;
18 ; 7 ; 13 ; -0.00585513 ; 0.0246537 ; 0.00504074 ; 102.382;
19 ; 7 ; 13 ; 0.00416986 ; 0.00660785 ; 0.00333027 ; 101.996;
20 ; 7 ; 13 ; -0.0074108 ; 0.0308498 ; -0.00180617 ; 102.764;
21 ; 7 ; 13 ; -0.00235146 ; 0.0293371 ; 0.0117106 ; 102.022;
22 ; 7 ; 13 ; -0.00621392 ; 0.0263783 ; 0.0136185 ; 101.803;
23 ; 7 ; 13 ; -0.00524086 ; 0.0221862 ; 0.00927691 ; 102.032;
24 ; 7 ; 13 ; -0.0151851 ; 0.0147351 ; 0.00383488 ; 102.478;
25 ; 7 ; 13 ; -0.0220683 ; 0.0278638 ; 0.00770201 ; 102.452;
26 ; 7 ; 13 ; -0.0148499 ; 0.0296919 ; 0.0141969 ; 102.367;
27 ; 7 ; 13 ; -0.0212078 ; 0.0121903 ; 0.00776265 ; 103.043;
28 ; 7 ; 13 ; -0.0217716 ; 0.0260395 ; 0.00405248 ; 102.568;
29 ; 7 ; 13 ; -0.016463 ; 0.0234257 ; -0.00785877 ; 102.373;
30 ; 7 ; 13 ; -0.0131646 ; 0.0115823 ; -0.00173915 ; 103.146;
31 ; 7 ; 13 ; -0.0067047 ; 0.0185025 ; 0.00418377 ; 102.62;
32 ; 7 ; 13 ; -0.011414 ; 0.0197331 ; 0.0102216 ; 102.858;
33 ; 7 ; 13 ; -0.00172306 ; 0.0154267 ; 0.00710901 ; 102.523;
4 ; 8 ; 13 ; 0.0141398 ; 0.0159376 ; -0.00267533 ; 102.536;
5 ; 8 ; 13 ; 0.00454434 ; 0.0228118 ; 0.00333822 ; 102.477;
6 ; 8 ; 13 ; 0.0159978 ; -0.000217318 ; 0.0129974 ; 102.252;
7 ; 8 ; 13 ; 0.0107629 ; 0.0247391 ; 0.00580383 ; 102.723;
8 ; 8 ; 13 ; 0.0247268 ; 0.0151994 ; 0.00732139 ; 102.797;
9 ; 8 ; 13 ; 0.0179926 ; -0.000647745 ; -0.00121804 ; 103.165;
10 ; 8 ; 13 ; 0.0171876 ; 0.0331711 ; 0.0103049 ; 102.145;
11 ; 8 ; 13 ; 0.0140131 ; 0.00903053 ; 0.00425557 ; 102.449;
12 ; 8 ; 13 ; 0.0265101 ; 0.0170534 ; 0.00632739 ; 102.491;
13 ; 8 ; 13 ; 0.0033073 ; 0.0142834 ; 0.00826868 ; 102.867;
14 ; 8 ; 13 ; 0.000374566 ; 0.0225875 ; 0.0037807 ; 102.145;
15 ; 8 ; 13 ; 0.00671775 ; 0.021311 ; 0.0150919 ; 101.898;
16 ; 8 ; 13 ; -0.00707098 ; 0.0228046 ; 0.0120963 ; 102.272;
17 ; 8 ; 13 ; -0.00518831 ; 0.0323863 ; 0.0184273 ; 102.111;
18 ; 8 ; 13 ; 0.0073739 ; 0.0179982 ; 0.0160632 ; 102.416;
19 ; 8 ; 13 ; -0.00141316 ; 0.0157614 ; 0.0158807 ; 102.414;
20 ; 8 ; 13 ; 0.000420365 ; 0.0142225 ; 0.00505118 ; 102.219;
21 ; 8 ; 13 ; 0.0132418 ; 0.0313984 ; 0.021364 ; 102.448;
22 ; 8 ; 13 ; -0.000720072 ; 0.0132994 ; 0.00550466 ; 101.847;
23 ; 8 ; 13 ; 0.0159173 ; 0.03488 ; 0.00806914 ; 102.225;
24 ; 8 ; 13 ; -0.00707697 ; 0.0194392 ; -0.0051885 ; 102.3;
25 ; 8 ; 13 ; -0.0133133 ; 0.0190126 ; 0.00631747 ; 102.759;
26 ; 8 ; 13 ; -0.0207804 ; 0.019576 ; 0.01869 ; 102.584;
27 ; 8 ; 13 ; -0.0235323 ; 0.00696618 ; 0.0115956 ; 102.381;
28 ; 8 ; 13 ; -0.0144562 ; 0.0166039 ; -0.000965762 ; 102.608;
29 ; 8 ; 13 ; -0.0122923 ; 0.016939 ; 0.00400937 ; 103.297;
30 ; 8 ; 13 ; -0.0121932 ; 0.00769106 ; 0.00946132 ; 102.246;
31 ; 8 ; 13 ; -0.00908228 ; -0.00570351 ; -0.00255951 ; 102.578;
32 ; 8 ; 13 ; -0.0171139 ; 0.0204495 ; 0.0121768 ; 102.576;
33 ; 8 ; 13 ; -0.00644509 ; 0.0132365 ; 0.00500617 ; 102.333;
4 ; 9 ; 13 ; 0.00792006 ; 0.0181777 ; 0.00435439 ; 102.762;
5 ; 9 ; 13 ; 0.00380074 ; 0.0289404 ; -0.00432961 ; 102.658;
6 ; 9 ; 13 ; 0.00337446 ; 0.00206351 ; 0.00574311 ; 102.574;
7 ; 9 ; 13 ; 0.0113423 ; 0.00720333 ; -0.00173585 ; 102.743;
8 ; 9 ; 13 ; 0.0125137 ; 0.0140311 ; -0.00171526 ; 102.569;
9 ; 9 ; 13 ; 0.0137306 ; 0.028443 ; -0.00406096 ; 102.979;
10 ; 9 ; 13 ; 0.0208628 ; 0.0290445 ; 0.000137109 ; 102.033;
11 ; 9 ; 13 ; 0.0132674 ; 0.0245361 ; 0.0178096 ; 103.029;
12 ; 9 ; 13 ; 0.0092158 ; 0.0298471 ; 0.0147539 ; 102.392;
13 ; 9 ; 13 ; -0.00502114 ; 0.0243047 ; 0.0110708 ; 101.972;
14 ; 9 ; 13 ; 0.00116264 ; 0.0150222 ; 0.00858537 ; 101.889;
15 ; 9 ; 13 ; 0.00628393 ; 0.0189779 ; 0.0166953 ; 101.818;
16 ; 9 ; 13 ; -0.00933607 ; 0.0188506 ; 0.000112772 ; 102.014;
17 ; 9 ; 13 ; 0.00537996 ; 0.0239855 ; 0.0112484 ; 102.16;
18 ; 9 ; 13 ; -0.00318913 ; 0.0350016 ; 0.00653181 ; 101.992;
19 ; 9 ; 13 ; -0.00205699 ; 0.0255411 ; 0.0247821 ; 101.936;
20 ; 9 ; 13 ; -0.00391752 ; 0.0120154 ; 0.000468586 ; 102.05;
21 ; 9 ; 13 ; 1.23685e-05 ; 0.0176659 ; -0.00418967 ; 102.514;
22 ; 9 ; 13 ; -0.00465795 ; 0.0302786 ; 0.012287 ; 102.567;
23 ; 9 ; 13 ; -0.00434078 ; 0.0449576 ; 0.00871011 ; 102.612;
24 ; 9 ; 13 ; -0.000194023 ; 0.0281048 ; 0.0147217 ; 102.583;
25 ; 9 ; 13 ; -0.0217992 ; 0.00908481 ; 0.00606575 ; 102.39;
26 ; 9 ; 13 ; 0.000743142 ; 0.0198168 ; 0.0138575 ; 102.683;
27 ; 9 ; 13 ; -0.00782997 ; 0.030336 ; -0.00118624 ; 102.622;
28 ; 9 ; 13 ; -0.00913711 ; 0.0179182 ; 0.0142826 ; 102.737;
29 ; 9 ; 13 ; -0.00472325 ; 0.0218523 ; 0.00498247 ; 102.773;
30 ; 9 ; 13 ; -0.00838533 ; 0.0207452 ; 0.0113941 ; 102.786;
31 ; 9 ; 13 ; -0.00599502 ; 0.0168057 ; -0.000911138 ; 102.302;
32 ; 9 ; 13 ; -0.00854753 ; 0.0283656 ; 0.0114528 ; 102.582;
33 ; 9 ; 13 ; -0.01213 ; 0.0171992 ; 0.017589 ; 102.208;
4 ; 10 ; 13 ; -0.00815933 ; 0.00686555 ; -0.0152071 ; 102.442;
5 ; 10 ; 13 ; 0.00693255 ; 0.0177625 ; 0.00493406 ; 102.449;
6 ; 10 ; 13 ; 0.0207568 ; 0.00910085 ; 0.00821887 ; 102.383;
7 ; 10 ; 13 ; 0.0025457 ; -0.0067867 ; 0.00932526 ; 102.393;
8 ; 10 ; 13 ; 0.0183934 ; 0.0135258 ; -7.16682e-05 ; 102.683;
9 ; 10 ; 13 ; 0.0198367 ; 0.00923496 ; 0.00970444 ; 102.297;
10 ; 10 ; 13 ; 0.0181765 ; 0.0276835 ; 0.0198265 ; 102.438;
11 ; 10 ; 13 ; 0.0334081 ; 0.0272736 ; 0.010496 ; 102.546;
12 ; 10 ; 13 ; 0.0232746 ; 0.0111954 ; 0.00304655 ; 102.371;
13 ; 10 ; 13 ; 0.0194611 ; 0.0229629 ; 0.00304072 ; 102.075;
14 ; 10 ; 13 ; 0.00835506 ; 0.0245896 ; 0.016231 ; 102.058;
15 ; 10 ; 13 ; -0.00802874 ; 0.0216156 ; 0.00998303 ; 102.169;
16 ; 10 ; 13 ; -0.00102704 ; 0.0217449 ; 0.00549396 ; 101.977;
17 ; 10 ; 13 ; 0.00554028 ; 0.028764 ; -0.000359941 ; 102.467;
18 ; 10 ; 13 ; 0.000404076 ; 0.0228387 ; 0.00236619 ; 101.953;
19 ; 10 ; 13 ; -0.0150139 ; 0.0237298 ; 0.0115787 ; 101.89;
20 ; 10 ; 13 ; -0.0102721 ; 0.0249533 ; -0.00738312 ; 102.123;
21 ; 10 ; 13 ; 0.000845621 ; 0.0203792 ; 0.0191531 ; 101.876;
22 ; 10 ; 13 ; 0.00946187 ; 0.0288667 ; 0.016773 ; 102.094;
23 ; 10 ; 13 ; -0.00764984 ; 0.0208588 ; 0.00260387 ; 101.933;
24 ; 10 ; 13 ; -0.00920174 ; 0.0215195 ; 0.00109277 ; 102.105;
25 ; 10 ; 13 ; -0.0103953 ; 0.0142462 ; 0.00401292 ; 102.714;
26 ; 10 ; 13 ; -0.0301964 ; 0.0188098 ; -0.000910665 ; 102.514;
27 ; 10 ; 13 ; -0.0198043 ; 0.0279399 ; 0.0102275 ; 102.215;
28 ; 10 ; 13 ; -0.0142941 ; 0.0220749 ; -0.00473519 ; 102.587;
29 ; 10 ; 13 ; -0.00331774 ; 0.00879452 ; 0.0204539 ; 102.546;
30 ; 10 ; 13 ; -0.0125299 ; 0.0108513 ; 0.00214474 ; 102.585;
31 ; 10 ; 13 ; -0.0123433 ; 0.00701588 ; -0.00421283 ; 102.42;
32 ; 10 ; 13 ; -0.0199372 ; 0.028584 ; -0.00202038 ; 102.366;
33 ; 10 ; 13 ; -0.010831 ; 0.0166872 ; -0.00123464 ; 102.853;
4 ; 11 ; 13 ; 0.0157354 ; 0.00748882 ; 0.00276374 ; 102.56;
5 ; 11 ; 13 ; 0.0119737 ; 0.00836024 ; 0.00832466 ; 102.473;
6 ; 11 ; 13 ; 0.0145714 ; 0.00583154 ; -0.00326408 ; 102.545;
7 ; 11 ; 13 ; 0.0207927 ; 0.00912692 ; 0.0138654 ; 101.89;
8 ; 11 ; 13 ; 0.0136512 ; 0.0192647 ; 0.00826575 ; 102.581;
9 ; 11 ; 13 ; 0.0203409 ; 0.00648818 ; 0.00106902 ; 102.819;
10 ; 11 ; 13 ; 0.0127899 ; 0.0157542 ; 0.000234808 ; 102.381;
11 ; 11 ; 13 ; 0.0170138 ; 0.0182989 ; 0.0114039 ; 102.769;
12 ; 11 ; 13 ; 0.00980722 ; 0.0278422 ; 0.0136677 ; 102.379;
13 ; 11 ; 13 ; -0.00521819 ; 0.0205439 ; 0.0185117 ; 102.292;
14 ; 11 ; 13 ; 0.0150754 ; 0.0295291 ; 0.00389525 ; 102.437;
15 ; 11 ; 13 ; 0.0118205 ; 0.0239487 ; 0.0116582 ; 102.013;
16 ; 11 ; 13 ; -0.00322879 ; 0.0242351 ; 0.00181318 ; 101.487;
17 ; 11 ; 13 ; 0.012164 ; 0.0183563 ; 0.00914802 ; 101.923;
18 ; 11 ; 13 ; 0.00320531 ; 0.0138917 ; 0.014313 ; 101.821;
19 ; 11 ; 13 ; -0.000628195 ; 0.0113277 ; 0.00949098 ; 102.152;
20 ; 11 ; 13 ; -0.00984589 ; 0.0355526 ; 0.0033685 ; 102.084;
21 ; 11 ; 13 ; 0.000648855 ; 0.0131373 ; 0.0115156 ; 101.81;
22 ; 11 ; 13 ; -0.0048243 ; 0.0350107 ; 0.00133815 ; 102.121;
23 ; 11 ; 13 ; -0.00546344 ; 0.0139748 ; 0.0183843 ; 102.269;
24 ; 11 ; 13 ; -1.02692e-05 ; 0.0207983 ; 0.0114702 ; 101.775;
25 ; 11 ; 13 ; -0.00979102 ; 0.022481 ; 0.0142569 ; 102.589;
26 ; 11 ; 13 ; -0.0129186 ; 0.0218262 ; 0.00352799 ; 102.357;
27 ; 11 ; 13 ; -0.0166498 ; 0.00674942 ; -0.00389186 ; 102.961;
28 ; 11 ; 13 ; -0.0260714 ; 0.0133921 ; 0.00026219 ; 102.818;
29 ; 11 ; 13 ; -0.0305987 ; 0.0128189 ; 0.00750507 ; 102.409;
30 ; 11 ; 13 ; -0.00770551 ; 0.0125043 ; 0.00831411 ; 102.179;
31 ; 11 ; 13 ; -0.00787204 ; 0.0251354 ; -0.000395644 ; 102.486;
32 ; 11 ; 13 ; -0.0116319 ; 0.0099289 ; 0.0151985 ; 102.623;
33 ; 11 ; 13 ; -0.00861657 ; 0.00889404 ; -0.00389328 ; 101.998;
4 ; 12 ; 13 ; -0.00743572 ; -0.000609923 ; 0.00971002 ; 102.745;
5 ; 12 ; 13 ; 0.0127357 ; 0.0132381 ; 0.0146769 ; 102.68;
6 ; 12 ; 13 ; 0.0211897 ; -0.00206063 ; 0.0130365 ; 102.439;
7 ; 12 ; 13 ; 0.0229723 ; 0.00719691 ; 0.00746444 ; 102.308;
8 ; 12 ; 13 ; 0.00615332 ; 0.0124106 ; 0.0104771 ; 102.516;
9 ; 12 ; 13 ; 0.0244315 ; 0.0123154 ; 0.00768239 ; 102.83;
10 ; 12 ; 13 ; 0.0225504 ; 0.00571598 ; 0.0033354 ; 102.806;
11 ; 12 ; 13 ; 0.010459 ; 0.00853704 ; 0.00599854 ; 102.343;
12 ; 12 ; 13 ; 0.00673803 ; 0.01417 ; -0.00738682 ; 102.135;
13 ; 12 ; 13 ; 0.0167042 ; 0.00406774 ; 0.00354287 ; 101.965;
14 ; 12 ; 13 ; 0.00603874 ; 0.021262 ; 0.0123919 ; 101.965;
15 ; 12 ; 13 ; 0.00491879 ; 0.0074074 ; 0.00820613 ; 102.237;
16 ; 12 ; 13 ; 0.012231 ; 0.0131 ; 0.012619 ; 102.221;
17 ; 12 ; 13 ; 0.00636891 ; 0.0305863 ; 0.00678305 ; 101.731;
18 ; 12 ; 13 ; -0.0105645 ; 0.0270637 ; 0.0139351 ; 101.75;
19 ; 12 ; 13 ; 0.00549978 ; 0.0144939 ; 0.0123313 ; 101.959;
20 ; 12 ; 13 ; -0.000432465 ; 0.0237733 ; 0.00577691 ; 102.31;
21 ; 12 ; 13 ; -0.00129859 ; 0.00757365 ; 0.00825782 ; 102.197;
22 ; 12 ; 13 ; -0.0154367 ; 0.0139276 ; 0.0114636 ; 101.534;
23 ; 12 ; 13 ; -0.0121489 ; 0.0201501 ; 0.00864242 ; 102.634;
24 ; 12 ; 13 ; -0.00731477 ; 0.0144403 ; 0.0177675 ; 102.005;
25 ; 12 ; 13 ; -0.020767 ; 0.000323392 ; 0.0142538 ; 102.224;
26 ; 12 ; 13 ; -0.0153417 ; 0.0162315 ; 0.00932154 ; 102.286;
27 ; 12 ; 13 ; -0.00932486 ; 0.00967767 ; 0.0107619 ; 102.276;
28 ; 12 ; 13 ; -0.0245852 ; 0.023862 ; 0.00373559 ; 102.292;
29 ; 12 ; 13 ; -0.0259924 ; 0.00171052 ; 0.0134483 ; 102.413;
30 ; 12 ; 13 ; -0.0191528 ; 0.00547213 ; 0.00887898 ; 102.617;
31 ; 12 ; 13 ; -0.0193061 ; 0.0129321 ; 0.0015066 ; 102.448;
32 ; 12 ; 13 ; 0.00153784 ; 0.0033651 ; 0.0082035 ; 102.849;
33 ; 12 ; 13 ; 0.00493826 ; 0.00114694 ; 0.00715769 ; 102.055;
4 ; 13 ; 13 ; 0.0118798 ; -0.019022 ; 0.0048969 ; 101.666;
5 ; 13 ; 13 ; -0.00106197 ; 0.00158916 ; 0.0159065 ; 101.932;
6 ; 13 ; 13 ; 0.0181213 ; 0.0108212 ; 0.00853235 ; 102.304;
7 ; 13 ; 13 ; 0.00761244 ; 0.00117418 ; 0.00332516 ; 102.358;
8 ; 13 ; 13 ; 0.0228676 ; 0.00230118 ; 0.0128606 ; 102.157;
9 ; 13 ; 13 ; 0.0258839 ; 0.00568381 ; 0.0122235 ; 102.623;
10 ; 13 ; 13 ; 0.0132457 ; 0.011634 ; 0.00664275 ; 102.105;
11 ; 13 ; 13 ; 0.0304575 ; 0.0142259 ; 0.00874487 ; 102.347;
12 ; 13 ; 13 ; 0.0183001 ; 0.0119876 ; 0.0150269 ; 102.268;
13 ; 13 ; 13 ; 0.0144664 ; 0.015072 ; 0.0168702 ; 101.922;
14 ; 13 ; 13 ; -0.000305685 ; 0.00999147 ; 0.0114707 ; 101.667;
15 ; 13 ; 13 ; 0.00806124 ; 0.0101652 ; -0.00186836 ; 101.746;
16 ; 13 ; 13 ; 0.0149936 ; 0.0201104 ; 0.0171167 ; 101.767;
17 ; 13 ; 13 ; 0.00204409 ; 0.0134193 ; -0.00256224 ; 102.035;
18 ; 13 ; 13 ; 0.00440813 ; 0.0081463 ; 0.0207348 ; 101.51;
19 ; 13 ; 13 ; -0.0152554 ; 0.00917249 ; 0.00571254 ; 102.042;
20 ; 13 ; 13 ; 0.00859908 ; 0.00866583 ; 0.0127817 ; 101.159;
21 ; 13 ; 13 ; -0.00953766 ; 0.0179704 ; 0.0144143 ; 102.021;
22 ; 13 ; 13 ; 0.00538171 ; 0.00812067 ; 0.0150443 ; 102.087;
23 ; 13 ; 13 ; -0.0103976 ; 0.0063865 ; 0.0175017 ; 102.093;
24 ; 13 ; 13 ; -0.00926198 ; 0.00825108 ; 0.00398294 ; 102.066;
25 ; 13 ; 13 ; -0.0213989 ; -0.00735632 ; 0.0052076 ; 101.629;
26 ; 13 ; 13 ; -0.0201911 ; 0.0116924 ; 0.0157522 ; 102.414;
27 ; 13 ; 13 ; -0.0298335 ; 0.00763766 ; 0.00597682 ; 102.232;
28 ; 13 ; 13 ; -0.0228111 ; 0.0140366 ; 0.0103952 ; 102.461;
29 ; 13 ; 13 ; -0.0149319 ; 0.00411394 ; 0.00750781 ; 102.425;
30 ; 13 ; 13 ; -0.0258253 ; 0.00625473 ; 0.000251428 ; 101.957;
31 ; 13 ; 13 ; -0.0254047 ; 0.00211972 ; -0.0030488 ; 102.259;
32 ; 13 ; 13 ; 0.000395861 ; 0.0054371 ; 0.0126239 ; 102.357;
33 ; 13 ; 13 ; -0.00418944 ; 0.00873984 ; -0.00299001 ; 102.156;
4 ; 14 ; 13 ; -0.0033778 ; 0.0190834 ; 0.00593423 ; 101.925;
5 ; 14 ; 13 ; 0.01376 ; 0.0154068 ; 0.0137998 ; 102.353;
6 ; 14 ; 13 ; 0.0228354 ; 0.00961145 ; 0.0140546 ; 102.43;
7 ; 14 ; 13 ; 0.0221107 ; -0.00598557 ; 0.00467099 ; 101.981;
8 ; 14 ; 13 ; 0.0256263 ; -0.00366415 ; 0.0148758 ; 102.761;
9 ; 14 ; 13 ; 0.0149682 ; -0.00282112 ; 0.00132709 ; 102.862;
10 ; 14 ; 13 ; 0.014881 ; 0.00579478 ; 0.0207989 ; 102.648;
11 ; 14 ; 13 ; 0.0190462 ; 0.0117876 ; 0.0086425 ; 101.94;
12 ; 14 ; 13 ; 0.0182897 ; 0.00328482 ; 0.0106283 ; 101.742;
13 ; 14 ; 13 ; 0.0184616 ; 0.00361925 ; -0.0021506 ; 101.647;
14 ; 14 ; 13 ; 0.00170983 ; 0.0037424 ; 0.0196879 ; 102.225;
15 ; 14 ; 13 ; 0.0142172 ; 0.00320311 ; 0.021604 ; 101.709;
16 ; 14 ; 13 ; 0.0134167 ; 0.000563307 ; 0.00411472 ; 101.785;
17 ; 14 ; 13 ; -0.0078904 ; 0.011555 ; 0.00406931 ; 101.556;
18 ; 14 ; 13 ; -0.000350254 ; 0.0172834 ; 0.0212638 ; 101.756;
19 ; 14 ; 13 ; -0.00112143 ; 0.00441703 ; 0.0113563 ; 101.568;
20 ; 14 ; 13 ; 0.00800865 ; 0.0154326 ; 0.0133264 ; 101.945;
21 ; 14 ; 13 ; 0.000734928 ; 0.00722889 ; 0.00709411 ; 101.52;
22 ; 14 ; 13 ; 0.00224934 ; -0.00330427 ; 0.00508488 ; 101.942;
23 ; 14 ; 13 ; -0.00140284 ; -0.000431851 ; 0.00522949 ; 101.815;
24 ; 14 ; 13 ; -0.0150176 ; 0.00370684 ; 0.0114864 ; 101.643;
25 ; 14 ; 13 ; -0.0157347 ; -0.00701237 ; 0.0190134 ; 101.807;
26 ; 14 ; 13 ; -0.0158816 ; 0.0015814 ; 0.0166231 ; 101.966;
27 ; 14 ; 13 ; -0.0211305 ; -0.00658222 ; 0.00935587 ; 102.223;
28 ; 14 ; 13 ; -0.0371314 ; -0.000651003 ; 0.0160316 ; 102.388;
29 ; 14 ; 13 ; -0.0241725 ; -0.00738783 ; 0.01236 ; 102.325;
30 ; 14 ; 13 ; -0.0292509 ; 0.0104104 ; 0.00883442 ; 102.42;
31 ; 14 ; 13 ; -0.0161246 ; 0.00389759 ; 0.00776236 ; 102.179;
32 ; 14 ; 13 ; -0.00291752 ; -0.00277734 ; 0.00703211 ; 102.601;
33 ; 14 ; 13 ; -0.00156352 ; -0.00192739 ; 0.00887576 ; 101.973;
4 ; 15 ; 13 ; -0.00339032 ; 0.00787186 ; -0.00842264 ; 101.75;
5 ; 15 ; 13 ; 0.00421284 ; 0.0019977 ; 0.00580936 ; 102.042;
6 ; 15 ; 13 ; 0.0115794 ; 0.00966772 ; 0.0079101 ; 102.098;
7 ; 15 ; 13 ; 0.0146943 ; -0.00382394 ; -0.00922714 ; 102.112;
8 ; 15 ; 13 ; 0.0202198 ; -0.00204991 ; 0.00292231 ; 102.189;
9 ; 15 ; 13 ; 0.0175227 ; 0.019527 ; 0.00189651 ; 101.832;
10 ; 15 ; 13 ; 0.0252214 ; -0.00422197 ; 0.0120979 ; 101.994;
11 ; 15 ; 13 ; 0.0224734 ; -0.00106588 ; 0.00862605 ; 101.691;
12 ; 15 ; 13 ; 0.0243684 ; -0.0014122 ; 0.0143989 ; 101.857;
13 ; 15 ; 13 ; 0.00304812 ; 0.00141735 ; 0.0144358 ; 101.817;
14 ; 15 ; 13 ; 0.0154089 ; 0.00228366 ; 0.014282 ; 101.752;
15 ; 15 ; 13 ; 0.00730999 ; -0.00591538 ; 0.0110601 ; 101.839;
16 ; 15 ; 13 ; 0.00114996 ; -0.00488126 ; 0.00935375 ; 101.907;
17 ; 15 ; 13 ; 0.00465808 ; 0.00907204 ; 0.000877722 ; 101.9;
18 ; 15 ; 13 ; 0.00297572 ; -0.00681764 ; 0.0341786 ; 101.525;
19 ; 15 ; 13 ; -0.013838 ; 0.0098468 ; 0.0127375 ; 101.907;
20 ; 15 ; 13 ; -0.00206108 ; 0.0178732 ; 0.0113967 ; 101.871;
21 ; 15 ; 13 ; -0.0054307 ; 0.0112032 ; 0.00937891 ; 101.38;
22 ; 15 ; 13 ; -0.00881249 ; 0.00276621 ; 0.00177485 ; 101.755;
23 ; 15 ; 13 ; -0.00137603 ; -0.00758879 ; 0.0116942 ; 101.844;
24 ; 15 ; 13 ; -0.011506 ; 0.0036548 ; 0.0167397 ; 101.441;
25 ; 15 ; 13 ; -0.0138362 ; 0.014268 ; 0.0030542 ; 102.016;
26 ; 15 ; 13 ; -0.0221384 ; 0.00696629 ; 0.014498 ; 102.193;
27 ; 15 ; 13 ; -0.0131041 ; 0.00947896 ; 0.0114172 ; 102.365;
28 ; 15 ; 13 ; -0.0274735 ; 0.00379217 ; 0.0175841 ; 102.378;
29 ; 15 ; 13 ; -0.0321967 ; 0.000414864 ; 0.0153573 ; 102.368;
30 ; 15 ; 13 ; -0.0294163 ; -0.00856836 ; 0.0176481 ; 102.205;
31 ; 15 ; 13 ; -0.0162545 ; 0.00469346 ; 0.0151573 ; 101.902;
32 ; 15 ; 13 ; -0.0126495 ; -0.000934186 ; 0.0193014 ; 102.556;
33 ; 15 ; 13 ; -0.00250251 ; 0.00739238 ; 0.006308 ; 102.415;
4 ; 16 ; 13 ; 0.0100654 ; -0.00571594 ; -0.00117574 ; 102.34;
5 ; 16 ; 13 ; 0.0200777 ; -0.013755 ; 0.00305157 ; 102.258;
6 ; 16 ; 13 ; 0.0179807 ; -0.00300086 ; 0.0218573 ; 101.951;
7 ; 16 ; 13 ; 0.0315889 ; 0.00231449 ; 0.0158252 ; 102.081;
8 ; 16 ; 13 ; 0.028324 ; 0.00116637 ; 0.00407503 ; 101.92;
9 ; 16 ; 13 ; 0.0244374 ; -0.0116785 ; 0.00961502 ; 102.185;
10 ; 16 ; 13 ; 0.0198226 ; -0.0024151 ; 0.00656115 ; 102.133;
11 ; 16 ; 13 ; 0.0164291 ; -0.011514 ; 0.00840202 ; 102.098;
12 ; 16 ; 13 ; 0.0173667 ; -0.00619098 ; 0.00301033 ; 101.441;
13 ; 16 ; 13 ; 0.0103235 ; 0.00508018 ; 0.00569195 ; 101.851;
14 ; 16 ; 13 ; 0.0132122 ; 0.0183038 ; 0.0164355 ; 102.04;
15 ; 16 ; 13 ; 0.00221772 ; 0.00949683 ; 0.00594749 ; 101.712;
16 ; 16 ; 13 ; 0.0185575 ; -0.000453906 ; 0.0141355 ; 101.256;
17 ; 16 ; 13 ; -0.00102693 ; -0.00467841 ; 0.0205296 ; 101.626;
18 ; 16 ; 13 ; 0.00132313 ; 0.00766018 ; 0.00850535 ; 101.801;
19 ; 16 ; 13 ; 0.00342985 ; 0.00612023 ; 0.0140953 ; 101.877;
20 ; 16 ; 13 ; 0.00737689 ; 0.00645601 ; 0.0116669 ; 101.802;
21 ; 16 ; 13 ; -0.00849671 ; 0.00045076 ; 0.0104745 ; 102.023;
22 ; 16 ; 13 ; 0.00249746 ; -0.00439781 ; 0.0210249 ; 101.665;
23 ; 16 ; 13 ; -0.00580342 ; 0.0089466 ; 4.03933e-05 ; 101.916;
24 ; 16 ; 13 ; 0.0065083 ; -0.000864019 ; 0.0223945 ; 101.578;
25 ; 16 ; 13 ; -0.00715412 ; -0.0102739 ; 0.00565665 ; 101.9;
26 ; 16 ; 13 ; -0.00754886 ; 0.00200063 ; 0.000753898 ; 102.075;
27 ; 16 ; 13 ; -0.0192758 ; 0.0101451 ; 0.0105427 ; 102.289;
28 ; 16 ; 13 ; -0.0319768 ; 0.000832819 ; 0.00372061 ; 102.216;
29 ; 16 ; 13 ; -0.0281575 ; 0.0104887 ; 0.0107532 ; 101.878;
30 ; 16 ; 13 ; -0.0288558 ; 0.00147271 ; 0.00874422 ; 102.365;
31 ; 16 ; 13 ; -0.0117311 ; -0.00844919 ; -0.00712771 ; 101.942;
32 ; 16 ; 13 ; -0.0108631 ; -0.00807172 ; 0.0153654 ; 101.996;
33 ; 16 ; 13 ; 0.00229931 ; -0.0041465 ; -0.00302339 ; 101.398;
4 ; 17 ; 13 ; 0.00850437 ; 0.0124327 ; 0.0100842 ; 102.175;
5 ; 17 ; 13 ; 0.0133975 ; -0.0115723 ; 0.00825325 ; 102.308;
6 ; 17 ; 13 ; 0.0281411 ; 0.00395032 ; 0.0209042 ; 101.878;
7 ; 17 ; 13 ; 0.012682 ; 0.00500169 ; 0.00125403 ; 102.089;
8 ; 17 ; 13 ; 0.0336025 ; 0.0042279 ; 0.00172411 ; 102.341;
9 ; 17 ; 13 ; 0.0318095 ; -0.00029031 ; 0.00406045 ; 101.718;
10 ; 17 ; 13 ; 0.0219393 ; -0.00865176 ; 0.00414397 ; 102.565;
11 ; 17 ; 13 ; 0.0272969 ; -0.00620344 ; 0.0107975 ; 102.032;
12 ; 17 ; 13 ; 0.0163073 ; 0.0061453 ; 0.00870946 ; 101.434;
13 ; 17 ; 13 ; 0.010508 ; -0.00329541 ; 0.0157946 ; 101.901;
14 ; 17 ; 13 ; 0.0110795 ; 0.012534 ; 0.015605 ; 101.529;
15 ; 17 ; 13 ; -0.00060454 ; -0.00645609 ; 0.00731432 ; 101.712;
16 ; 17 ; 13 ; 0.00183446 ; 0.000392296 ; 0.0282168 ; 101.747;
17 ; 17 ; 13 ; 0.00160444 ; 0.00563063 ; 0.00938571 ; 101.409;
18 ; 17 ; 13 ; -0.00266667 ; 0.0117256 ; 0.00798115 ; 102.017;
19 ; 17 ; 13 ; -0.00457799 ; -0.00876128 ; 0.00196944 ; 101.659;
20 ; 17 ; 13 ; -0.00558732 ; -0.00767525 ; 0.00761169 ; 101.861;
21 ; 17 ; 13 ; -0.000295461 ; -0.0150659 ; 0.00800728 ; 102.026;
22 ; 17 ; 13 ; 0.00504274 ; 0.000614361 ; 0.00172822 ; 101.544;
23 ; 17 ; 13 ; -0.0167593 ; -0.0117113 ; 0.0148864 ; 101.888;
24 ; 17 ; 13 ; -0.0341943 ; -0.0128042 ; 0.0142507 ; 101.833;
25 ; 17 ; 13 ; -0.0203093 ; 0.00471569 ; 0.0046509 ; 101.889;
26 ; 17 ; 13 ; -0.0220819 ; 0.00381505 ; -0.00359649 ; 101.851;
27 ; 17 ; 13 ; -0.0459574 ; 0.00915896 ; 0.00893471 ; 102.278;
28 ; 17 ; 13 ; -0.0320321 ; -0.0147507 ; 0.00286221 ; 102.402;
29 ; 17 ; 13 ; -0.0255957 ; 0.00313045 ; 0.00193955 ; 102.342;
30 ; 17 ; 13 ; -0.00497292 ; -0.0137064 ; 0.00449577 ; 101.97;
31 ; 17 ; 13 ; -0.010062 ; -0.000777805 ; -0.00315973 ; 102.432;
32 ; 17 ; 13 ; -0.00646264 ; -0.0091831 ; 0.00353904 ; 102.341;
33 ; 17 ; 13 ; -0.0175267 ; 0.00149674 ; 0.0229817 ; 102.138;
4 ; 18 ; 13 ; 0.0136366 ; 0.0111399 ; 0.00366355 ; 102.07;
5 ; 18 ; 13 ; 0.0188211 ; -0.00564769 ; 0.00070832 ; 102.215;
6 ; 18 ; 13 ; 0.0242698 ; -0.0015644 ; -0.00196999 ; 102.17;
7 ; 18 ; 13 ; 0.0330791 ; 0.00227453 ; 0.027037 ; 102.401;
8 ; 18 ; 13 ; 0.0303026 ; 0.00286274 ; 0.0122273 ; 102.461;
9 ; 18 ; 13 ; 0.0252745 ; 0.00453976 ; 0.00826931 ; 102.271;
10 ; 18 ; 13 ; 0.0222173 ; -0.00172467 ; 0.0136669 ; 102.06;
11 ; 18 ; 13 ; 0.0127379 ; -0.000141611 ; 0.019132 ; 101.737;
12 ; 18 ; 13 ; 0.0182034 ; -1.8013e-05 ; 0.00714573 ; 101.791;
13 ; 18 ; 13 ; 0.0054209 ; -0.00963904 ; 0.00905713 ; 101.689;
14 ; 18 ; 13 ; 0.000389836 ; -0.00859042 ; 0.0222376 ; 101.929;
15 ; 18 ; 13 ; -0.0042816 ; 0.000250184 ; 0.00903184 ; 101.049;
16 ; 18 ; 13 ; -0.00890229 ; 0.00882681 ; 0.0239336 ; 101.873;
17 ; 18 ; 13 ; -0.000513927 ; 0.00760081 ; 0.0228283 ; 102.148;
18 ; 18 ; 13 ; -0.00877655 ; 0.0122634 ; 0.0142577 ; 101.65;
19 ; 18 ; 13 ; -0.00111011 ; -0.00775288 ; 0.0153502 ; 101.221;
20 ; 18 ; 13 ; -0.00529687 ; 0.00769638 ; 0.00968255 ; 102.148;
21 ; 18 ; 13 ; 0.00804229 ; -0.0144924 ; 0.0115574 ; 101.761;
22 ; 18 ; 13 ; 0.00112628 ; 0.0103713 ; 0.00482258 ; 101.454;
23 ; 18 ; 13 ; -0.0126518 ; 0.00879265 ; 0.00605403 ; 101.638;
24 ; 18 ; 13 ; -0.0160652 ; -0.0110434 ; 0.00708264 ; 101.955;
25 ; 18 ; 13 ; -0.0141475 ; -0.00523055 ; 0.0154509 ; 101.717;
26 ; 18 ; 13 ; -0.0144817 ; -0.000698812 ; 0.0202241 ; 102.236;
27 ; 18 ; 13 ; -0.026981 ; 0.0141348 ; 0.00488424 ; 102.133;
28 ; 18 ; 13 ; -0.0227917 ; -0.00755352 ; 0.00758243 ; 102.342;
29 ; 18 ; 13 ; -0.0240801 ; -0.00478559 ; 0.00538754 ; 102.784;
30 ; 18 ; 13 ; -0.0274752 ; 0.0028681 ; 0.00786182 ; 102.068;
31 ; 18 ; 13 ; -0.0349514 ; -0.0150891 ; 0.0160145 ; 102.077;
32 ; 18 ; 13 ; -0.025341 ; -0.000595292 ; 0.00137085 ; 101.86;
33 ; 18 ; 13 ; -0.00292637 ; -0.00452875 ; 0.00444095 ; 102.02;
4 ; 19 ; 13 ; 0.0109606 ; -0.00952075 ; -0.00160392 ; 102.413;
5 ; 19 ; 13 ; 0.0139211 ; -0.0123486 ; 0.000698228 ; 102.207;
6 ; 19 ; 13 ; 0.0220431 ; 0.00229321 ; 0.0140919 ; 102.137;
7 ; 19 ; 13 ; 0.0339051 ; -0.00288761 ; 0.00968136 ; 101.801;
8 ; 19 ; 13 ; 0.0276568 ; 0.00767761 ; 0.00862929 ; 102.287;
9 ; 19 ; 13 ; 0.0174309 ; -0.00542618 ; 0.0259971 ; 102.056;
10 ; 19 ; 13 ; 0.0157346 ; -0.00436934 ; 0.0124243 ; 101.67;
11 ; 19 ; 13 ; 0.0133024 ; -0.000694932 ; 0.0141452 ; 102.009;
12 ; 19 ; 13 ; 0.0251559 ; 0.00948214 ; 0.0182273 ; 102.237;
13 ; 19 ; 13 ; 0.0137376 ; -0.0135843 ; 0.00507094 ; 101.622;
14 ; 19 ; 13 ; 0.00942957 ; -0.0130008 ; 0.011725 ; 101.906;
15 ; 19 ; 13 ; 0.00998165 ; 0.000840904 ; 0.0120403 ; 102.125;
16 ; 19 ; 13 ; -0.00687428 ; -0.0100095 ; 0.00897796 ; 101.498;
17 ; 19 ; 13 ; 0.0112919 ; -0.00254525 ; 0.0173175 ; 101.779;
18 ; 19 ; 13 ; 0.00861535 ; -0.00444251 ; -0.00450997 ; 101.521;
19 ; 19 ; 13 ; -0.00538582 ; -0.000872101 ; 0.0164366 ; 101.463;
20 ; 19 ; 13 ; -0.0095736 ; 0.00523965 ; 0.00701909 ; 101.934;
21 ; 19 ; 13 ; 0.00118681 ; -0.00698376 ; 0.015917 ; 101.725;
22 ; 19 ; 13 ; 0.00225219 ; 0.00398016 ; 0.00911034 ; 101.608;
23 ; 19 ; 13 ; -0.0109974 ; -0.00420971 ; 0.00713276 ; 101.511;
24 ; 19 ; 13 ; -0.0125743 ; 0.00605285 ; 0.0130591 ; 101.448;
25 ; 19 ; 13 ; -0.0265849 ; -0.000255186 ; 0.0217744 ; 101.721;
26 ; 19 ; 13 ; -0.0266338 ; 0.0143697 ; 0.0172533 ; 102.171;
27 ; 19 ; 13 ; -0.00697387 ; -0.00085304 ; 0.00870795 ; 101.592;
28 ; 19 ; 13 ; -0.0325169 ; -0.00907431 ; 0.0111387 ; 102.044;
29 ; 19 ; 13 ; -0.0340872 ; 0.00452359 ; 0.0206237 ; 102.274;
30 ; 19 ; 13 ; -0.0197779 ; -0.000237532 ; 0.00412161 ; 102.121;
31 ; 19 ; 13 ; -0.0164502 ; 0.00731869 ; 0.00643277 ; 102.493;
32 ; 19 ; 13 ; -0.00808794 ; -0.0113767 ; -0.00173146 ; 102.008;
33 ; 19 ; 13 ; -0.000356805 ; -0.00820605 ; 0.00419011 ; 102.041;
4 ; 20 ; 13 ; -0.00321834 ; -0.00285349 ; 0.0092148 ; 102.224;
5 ; 20 ; 13 ; -0.00600036 ; -0.0024847 ; -0.011516 ; 101.776;
6 ; 20 ; 13 ; 0.0149311 ; 0.00589912 ; 0.00117339 ; 102.161;
7 ; 20 ; 13 ; 0.0144395 ; -0.0160329 ; 0.0101448 ; 102.084;
8 ; 20 ; 13 ; 0.02288 ; -0.0027897 ; 0.0242028 ; 102.239;
9 ; 20 ; 13 ; 0.0122968 ; -0.000343568 ; 0.000367489 ; 101.776;
10 ; 20 ; 13 ; 0.02821 ; -0.00124815 ; 0.00985028 ; 102.267;
11 ; 20 ; 13 ; 0.025366 ; -0.010829 ; 0.00506245 ; 101.751;
12 ; 20 ; 13 ; 0.0165449 ; -0.0110432 ; -0.00268237 ; 102.171;
13 ; 20 ; 13 ; 0.0126465 ; 0.00822788 ; 0.0106627 ; 101.695;
14 ; 20 ; 13 ; 0.00936906 ; 0.0128882 ; 0.00897581 ; 101.999;
15 ; 20 ; 13 ; 0.00323189 ; -0.00346373 ; -0.00560154 ; 101.557;
16 ; 20 ; 13 ; -0.00176111 ; -0.00564615 ; 0.00798004 ; 101.971;
17 ; 20 ; 13 ; -0.00100434 ; -0.00160146 ; 0.017162 ; 101.946;
18 ; 20 ; 13 ; 0.00413795 ; -0.00246012 ; 0.0150075 ; 101.481;
19 ; 20 ; 13 ; -0.00369639 ; -0.00905241 ; -0.00513243 ; 101.266;
20 ; 20 ; 13 ; -0.009029 ; 0.00459674 ; -0.0014869 ; 101.91;
21 ; 20 ; 13 ; 0.0122097 ; 0.0112106 ; 0.0114714 ; 101.95;
22 ; 20 ; 13 ; -0.00751232 ; -0.00206056 ; -0.000983429 ; 102.028;
23 ; 20 ; 13 ; 0.00230838 ; -0.00490177 ; 0.0138573 ; 101.614;
24 ; 20 ; 13 ; -0.0151527 ; 0.00372766 ; 0.00446896 ; 101.366;
25 ; 20 ; 13 ; -0.0271774 ; 0.00273644 ; 0.0161961 ; 101.866;
26 ; 20 ; 13 ; -0.0291177 ; 0.0094306 ; 0.00388121 ; 102.018;
27 ; 20 ; 13 ; -0.0168518 ; -0.00862738 ; 0.00597075 ; 102.065;
28 ; 20 ; 13 ; -0.0216756 ; 0.00244154 ; 0.0085599 ; 102.031;
29 ; 20 ; 13 ; -0.0318108 ; 0.00907637 ; 0.00609113 ; 102.605;
30 ; 20 ; 13 ; -0.0342793 ; 2.78479e-05 ; 0.0127273 ; 102.513;
31 ; 20 ; 13 ; -0.0189285 ; 0.0166407 ; 0.00589113 ; 101.946;
32 ; 20 ; 13 ; -0.0134834 ; 0.00569125 ; 0.00447685 ; 102.104;
33 ; 20 ; 13 ; -0.00701998 ; 0.00659876 ; 0.0123337 ; 101.761;
4 ; 21 ; 13 ; -0.00318722 ; -0.00570281 ; 0.0079315 ; 101.782;
5 ; 21 ; 13 ; 0.0105037 ; -0.0040944 ; 0.00566669 ; 102.245;
6 ; 21 ; 13 ; 0.0300729 ; -0.0114566 ; -0.00289489 ; 102.061;
7 ; 21 ; 13 ; 0.0228147 ; 0.00746281 ; 0.00286584 ; 102.709;
8 ; 21 ; 13 ; 0.0106968 ; 0.000217534 ; 0.0108788 ; 101.954;
9 ; 21 ; 13 ; 0.0213059 ; -0.00316129 ; 0.00689992 ; 102.642;
10 ; 21 ; 13 ; 0.0171324 ; -0.00247462 ; 0.00772797 ; 102.116;
11 ; 21 ; 13 ; 0.0184389 ; -0.00233247 ; 0.00621889 ; 101.995;
12 ; 21 ; 13 ; 0.0215152 ; -0.00984504 ; 0.0186571 ; 101.822;
13 ; 21 ; 13 ; 0.0161667 ; 0.00168188 ; 0.0117649 ; 102.258;
14 ; 21 ; 13 ; -0.000773784 ; -0.0192752 ; 0.00671717 ; 101.475;
15 ; 21 ; 13 ; -0.0036318 ; -0.00266182 ; 0.00192072 ; 101.487;
16 ; 21 ; 13 ; -0.00891764 ; -0.00118654 ; 0.0148941 ; 101.608;
17 ; 21 ; 13 ; -0.0010839 ; -0.00351016 ; 0.0156868 ; 102.06;
18 ; 21 ; 13 ; -0.0170001 ; -0.000627844 ; 0.0171545 ; 101.945;
19 ; 21 ; 13 ; -0.00796894 ; -0.0164613 ; 0.0132371 ; 101.481;
20 ; 21 ; 13 ; 0.00267451 ; -0.00242035 ; 0.0212044 ; 101.242;
21 ; 21 ; 13 ; 0.00279427 ; -0.000875142 ; 0.012288 ; 101.62;
22 ; 21 ; 13 ; -0.00658873 ; 0.0032013 ; 0.020199 ; 101.978;
23 ; 21 ; 13 ; -0.0170394 ; 0.00295557 ; 0.00745383 ; 101.861;
24 ; 21 ; 13 ; -0.0185024 ; -0.00829544 ; 0.0112033 ; 101.914;
25 ; 21 ; 13 ; -0.0140042 ; 0.00508802 ; 0.00601367 ; 101.961;
26 ; 21 ; 13 ; -0.0201119 ; 0.001907 ; 0.00458165 ; 102.001;
27 ; 21 ; 13 ; -0.0275859 ; 0.000716873 ; 0.0114739 ; 101.873;
28 ; 21 ; 13 ; -0.0267807 ; 0.00667722 ; 0.00659411 ; 102.044;
29 ; 21 ; 13 ; -0.033094 ; 0.00265358 ; 0.00744005 ; 102.635;
30 ; 21 ; 13 ; -0.0244103 ; -0.00397893 ; 0.00366423 ; 102.081;
31 ; 21 ; 13 ; 0.0012599 ; -0.00565172 ; -0.00225981 ; 102;
32 ; 21 ; 13 ; -0.00648249 ; -0.00892304 ; 0.00644804 ; 102.136;
33 ; 21 ; 13 ; -0.00824954 ; 0.011723 ; 0.00622313 ; 102.708;
4 ; 22 ; 13 ; -0.002188 ; -0.000328016 ; -0.00199388 ; 101.998;
5 ; 22 ; 13 ; 0.0140468 ; 0.00355873 ; 0.00761785 ; 101.885;
6 ; 22 ; 13 ; 0.0133993 ; -0.000268056 ; 0.0105976 ; 102.334;
7 ; 22 ; 13 ; 0.0158505 ; 0.00278405 ; 0.00938194 ; 102.277;
8 ; 22 ; 13 ; 0.0155178 ; 0.00622643 ; 0.0242803 ; 102.461;
9 ; 22 ; 13 ; 0.0174447 ; -0.0129833 ; 0.0107427 ; 102.037;
10 ; 22 ; 13 ; 0.0248121 ; -0.0108477 ; 0.00553348 ; 102.431;
11 ; 22 ; 13 ; 0.0150552 ; -0.00476499 ; -0.00519129 ; 102.468;
12 ; 22 ; 13 ; 0.022887 ; 0.00438233 ; 0.00582444 ; 101.972;
13 ; 22 ; 13 ; 0.00629057 ; 0.00107409 ; 0.00700126 ; 101.905;
14 ; 22 ; 13 ; 0.0130933 ; -0.00489705 ; 0.0117806 ; 102.157;
15 ; 22 ; 13 ; 0.000595468 ; -0.00213114 ; 0.0100343 ; 101.83;
16 ; 22 ; 13 ; -0.00608227 ; 0.00576429 ; -0.00370742 ; 101.768;
17 ; 22 ; 13 ; 0.00139929 ; -0.00534342 ; 0.00492671 ; 101.766;
18 ; 22 ; 13 ; 0.00109833 ; -0.00906409 ; 0.0207409 ; 101.707;
19 ; 22 ; 13 ; -0.0206496 ; -0.0079194 ; 0.0100052 ; 101.961;
20 ; 22 ; 13 ; -0.00511522 ; 0.00411256 ; 0.0176872 ; 101.736;
21 ; 22 ; 13 ; -0.00515189 ; -0.00650998 ; 0.00129813 ; 101.447;
22 ; 22 ; 13 ; -0.00120907 ; -0.013905 ; 0.0143241 ; 102.003;
23 ; 22 ; 13 ; -0.00993467 ; -0.00684284 ; 0.00304221 ; 101.94;
24 ; 22 ; 13 ; -0.00647792 ; -0.00798804 ; 0.0126779 ; 102.219;
25 ; 22 ; 13 ; -0.0155161 ; -0.000891676 ; 0.0103938 ; 102.201;
26 ; 22 ; 13 ; -0.0291709 ; 0.0106182 ; 0.029315 ; 101.854;
27 ; 22 ; 13 ; -0.0271186 ; 0.00592236 ; 0.00498535 ; 102.083;
28 ; 22 ; 13 ; -0.0157075 ; 0.00120799 ; 0.013162 ; 102.351;
29 ; 22 ; 13 ; -0.0210746 ; -0.00553375 ; 0.0104518 ; 102.105;
30 ; 22 ; 13 ; -0.0182045 ; 0.00239706 ; 0.000231941 ; 102.051;
31 ; 22 ; 13 ; -0.016446 ; 0.0169637 ; -0.00576911 ; 101.838;
32 ; 22 ; 13 ; -0.0133705 ; 0.00912333 ; 0.00448082 ; 102.167;
33 ; 22 ; 13 ; -0.00491801 ; 0.00723856 ; 0.0181177 ; 102.046;
4 ; 23 ; 13 ; 0.00191736 ; 0.00176977 ; 0.0122401 ; 102.071;
5 ; 23 ; 13 ; -0.010831 ; 0.00606849 ; 0.00635971 ; 101.84;
6 ; 23 ; 13 ; 0.00386879 ; -0.00346517 ; 0.00466743 ; 102.438;
7 ; 23 ; 13 ; 0.0182833 ; -0.0125017 ; 0.0299946 ; 102.28;
8 ; 23 ; 13 ; 0.0245355 ; 0.00883855 ; 0.000229088 ; 102.376;
9 ; 23 ; 13 ; 0.0268041 ; -0.0213066 ; -0.00167026 ; 101.985;
10 ; 23 ; 13 ; 0.00605465 ; -0.00236963 ; -0.00589785 ; 102.124;
11 ; 23 ; 13 ; 0.011112 ; 0.00440827 ; 0.01781 ; 102.605;
12 ; 23 ; 13 ; 0.0238072 ; -0.0200814 ; 0.00634017 ; 102.204;
13 ; 23 ; 13 ; 0.0033699 ; -0.000961852 ; 0.028821 ; 101.91;
14 ; 23 ; 13 ; 0.000311696 ; -0.0177709 ; 0.0243676 ; 101.802;
15 ; 23 ; 13 ; 0.00659317 ; -0.0163381 ; 0.0100284 ; 101.843;
16 ; 23 ; 13 ; 0.000540949 ; -0.0243807 ; 0.0105244 ; 101.699;
17 ; 23 ; 13 ; -0.0152542 ; -0.01526 ; 0.00207433 ; 101.239;
18 ; 23 ; 13 ; -0.00619777 ; -0.00970543 ; -0.00246338 ; 101.438;
19 ; 23 ; 13 ; -0.00968539 ; -0.0104266 ; 0.0069787 ; 101.747;
20 ; 23 ; 13 ; 0.0019697 ; -0.00569735 ; 0.00652595 ; 102.321;
21 ; 23 ; 13 ; -0.0127818 ; -0.0156305 ; 0.00361533 ; 101.663;
22 ; 23 ; 13 ; -0.0117001 ; -0.0136582 ; -0.00599241 ; 101.849;
23 ; 23 ; 13 ; -0.00220042 ; 0.00600606 ; 0.0203348 ; 102.186;
24 ; 23 ; 13 ; -0.00409783 ; 0.000465758 ; 0.00044217 ; 101.875;
25 ; 23 ; 13 ; -0.00716378 ; 0.00224874 ; 0.00764238 ; 102.136;
26 ; 23 ; 13 ; -0.0098539 ; -0.000860088 ; 0.0027863 ; 102.427;
27 ; 23 ; 13 ; -0.0100131 ; 0.00451573 ; 0.0203617 ; 102.115;
28 ; 23 ; 13 ; -0.034291 ; -0.00879114 ; 0.00770742 ; 102.203;
29 ; 23 ; 13 ; -0.0169689 ; 0.00890827 ; -0.00173973 ; 102.289;
30 ; 23 ; 13 ; -0.0185457 ; -0.00133711 ; 0.00210388 ; 102.455;
31 ; 23 ; 13 ; -0.0153306 ; 0.00583738 ; 0.0132365 ; 102.411;
32 ; 23 ; 13 ; -0.0203078 ; -0.000399931 ; 0.0107538 ; 101.93;
33 ; 23 ; 13 ; 0.00354145 ; -0.00799172 ; -0.00199121 ; 102.229;
4 ; 24 ; 13 ; 0.000600298 ; -0.00293621 ; 0.00853405 ; 102.385;
5 ; 24 ; 13 ; 0.0134274 ; -0.00158328 ; 0.0183723 ; 102.247;
6 ; 24 ; 13 ; 0.0103445 ; -0.00756112 ; 0.00497962 ; 102.191;
7 ; 24 ; 13 ; 0.0149109 ; -0.014021 ; 0.0107897 ; 102.45;
8 ; 24 ; 13 ; 0.0278517 ; -0.00412157 ; 0.0115744 ; 102.175;
9 ; 24 ; 13 ; 0.0259556 ; -0.005792 ; 0.0093931 ; 102.458;
10 ; 24 ; 13 ; 0.0294394 ; -0.00302168 ; 0.00340811 ; 102.138;
11 ; 24 ; 13 ; 0.0273073 ; -0.00981446 ; 0.0116004 ; 102.174;
12 ; 24 ; 13 ; 0.0194617 ; -0.00300786 ; 0.0121925 ; 102.535;
13 ; 24 ; 13 ; 0.010954 ; -0.0126371 ; 0.00704837 ; 101.89;
14 ; 24 ; 13 ; -0.00736557 ; -0.00509493 ; 0.0257996 ; 102.137;
15 ; 24 ; 13 ; 0.0107381 ; -0.0176206 ; 0.0136012 ; 102.195;
16 ; 24 ; 13 ; 0.000817419 ; -0.0135538 ; 0.0170691 ; 101.755;
17 ; 24 ; 13 ; 0.0089815 ; -0.0255353 ; 0.0125854 ; 102.012;
18 ; 24 ; 13 ; 0.000819043 ; -0.0198312 ; -0.000257031 ; 101.869;
19 ; 24 ; 13 ; 0.0013442 ; 0.00242602 ; -0.0121477 ; 101.7;
20 ; 24 ; 13 ; -0.00986238 ; -0.0196431 ; 0.00861874 ; 102.153;
21 ; 24 ; 13 ; -0.00538325 ; -0.0124582 ; 0.0100028 ; 102.106;
22 ; 24 ; 13 ; 0.00550219 ; -0.0071983 ; 0.0115748 ; 101.692;
23 ; 24 ; 13 ; -0.0039947 ; -0.00673156 ; 0.017353 ; 101.811;
24 ; 24 ; 13 ; -0.00838086 ; -0.0119212 ; 0.0233272 ; 102.232;
25 ; 24 ; 13 ; -0.0125492 ; -0.013579 ; 0.00781487 ; 102.152;
26 ; 24 ; 13 ; -0.00820933 ; -0.0187183 ; 0.011696 ; 103.04;
27 ; 24 ; 13 ; -0.0268262 ; -0.00977736 ; 0.0192026 ; 102.395;
28 ; 24 ; 13 ; -0.0252734 ; 0.00139015 ; 0.00603543 ; 102.307;
29 ; 24 ; 13 ; -0.0185002 ; -0.0125224 ; 0.011164 ; 102.53;
30 ; 24 ; 13 ; -0.0182784 ; -0.0033938 ; -0.00233274 ; 102.145;
31 ; 24 ; 13 ; -0.0195167 ; -0.000829731 ; 0.000101185 ; 102.232;
32 ; 24 ; 13 ; -0.0284116 ; -0.00723342 ; 0.00907807 ; 102.543;
33 ; 24 ; 13 ; 0.000825151 ; 0.00189943 ; 0.00161903 ; 102.654;
4 ; 25 ; 13 ; 0.0109499 ; -0.0101246 ; 0.00299348 ; 102.247;
5 ; 25 ; 13 ; 0.0204029 ; 0.00252684 ; 0.00602112 ; 102.689;
6 ; 25 ; 13 ; 0.0190002 ; -0.00974539 ; 0.00272839 ; 101.897;
7 ; 25 ; 13 ; 0.0144792 ; -0.0136111 ; -0.00520552 ; 102.649;
8 ; 25 ; 13 ; 0.0314925 ; -0.00944763 ; 0.0178786 ; 102.411;
9 ; 25 ; 13 ; 0.0253995 ; -0.00169405 ; 0.0209056 ; 102.414;
10 ; 25 ; 13 ; 0.0300358 ; -0.0181005 ; 0.00617463 ; 102.324;
11 ; 25 ; 13 ; 0.0151085 ; -0.0209071 ; 0.00607179 ; 102.471;
12 ; 25 ; 13 ; 0.00968304 ; -0.0150612 ; 0.00655181 ; 101.674;
13 ; 25 ; 13 ; 0.00373737 ; -0.0293191 ; 0.00723442 ; 102.47;
14 ; 25 ; 13 ; -0.00316553 ; -0.0194034 ; 0.0217354 ; 101.826;
15 ; 25 ; 13 ; -0.0228924 ; -0.0246141 ; 0.00977635 ; 102.033;
16 ; 25 ; 13 ; -0.0130833 ; -0.0103818 ; 0.00582742 ; 102.051;
17 ; 25 ; 13 ; -0.000874543 ; -0.0136636 ; 0.0129034 ; 102.349;
18 ; 25 ; 13 ; 0.00800959 ; -0.00718678 ; 0.0112734 ; 102.172;
19 ; 25 ; 13 ; 0.0118997 ; -0.0189562 ; 0.0117414 ; 102.194;
20 ; 25 ; 13 ; -0.00879256 ; -0.0139891 ; -0.00125504 ; 102.242;
21 ; 25 ; 13 ; -0.00679593 ; -0.02339 ; -0.0030343 ; 102.007;
22 ; 25 ; 13 ; -0.00487933 ; -0.0145682 ; 0.0175283 ; 101.83;
23 ; 25 ; 13 ; -0.0145496 ; -0.00820197 ; 0.0290527 ; 101.486;
24 ; 25 ; 13 ; -0.00853167 ; -0.0103709 ; 0.0123851 ; 102.004;
25 ; 25 ; 13 ; -0.0167838 ; -0.00730735 ; 0.0114659 ; 101.764;
26 ; 25 ; 13 ; -0.0127949 ; -0.020965 ; 0.00707722 ; 102.776;
27 ; 25 ; 13 ; -0.0232214 ; -0.0193411 ; 0.0129523 ; 102.31;
28 ; 25 ; 13 ; -0.0156848 ; -0.0235801 ; 0.00722597 ; 102.609;
29 ; 25 ; 13 ; -0.0151306 ; -0.00682634 ; 0.00218323 ; 102.473;
30 ; 25 ; 13 ; -0.0231308 ; -0.00826813 ; 0.0077941 ; 102.495;
31 ; 25 ; 13 ; -0.0107089 ; -0.0105902 ; 0.00405418 ; 102.564;
32 ; 25 ; 13 ; 0.00508724 ; -0.0108767 ; 0.0163156 ; 102.284;
33 ; 25 ; 13 ; -0.0109349 ; -0.0112929 ; 0.0139427 ; 101.865;
4 ; 26 ; 13 ; 0.00212515 ; -0.00621257 ; 0.0049502 ; 102.12;
5 ; 26 ; 13 ; -0.000576269 ; -0.0190468 ; 0.00798359 ; 102.501;
6 ; 26 ; 13 ; 0.0196678 ; -0.00990324 ; 0.00066455 ; 102.599;
7 ; 26 ; 13 ; 0.0183553 ; -0.0264291 ; 0.0179284 ; 102.391;
8 ; 26 ; 13 ; 0.014312 ; -0.00679647 ; 0.000175253 ; 102.325;
9 ; 26 ; 13 ; 0.0293448 ; -0.0207366 ; 0.0139465 ; 102.806;
10 ; 26 ; 13 ; 0.0121673 ; -0.0134658 ; 0.0150237 ; 102.046;
11 ; 26 ; 13 ; 0.00800909 ; -0.0304601 ; 0.00210866 ; 102.412;
12 ; 26 ; 13 ; 0.00266332 ; -0.0174287 ; 0.012362 ; 102.242;
13 ; 26 ; 13 ; 0.00884819 ; -0.0158471 ; 0.00406954 ; 102.598;
14 ; 26 ; 13 ; -0.00961224 ; -0.0254396 ; 0.00489087 ; 101.849;
15 ; 26 ; 13 ; -0.0174921 ; -0.0185567 ; 0.0102597 ; 102.078;
16 ; 26 ; 13 ; 0.000413321 ; -0.0185011 ; 0.0160555 ; 102.035;
17 ; 26 ; 13 ; 0.0129194 ; -0.0162364 ; 0.00675626 ; 101.99;
18 ; 26 ; 13 ; 0.00619515 ; -0.0153273 ; 0.00772718 ; 102.033;
19 ; 26 ; 13 ; -0.00586808 ; -0.0176617 ; 0.00609395 ; 101.975;
20 ; 26 ; 13 ; -0.0085535 ; -0.0144458 ; -0.00506805 ; 101.975;
21 ; 26 ; 13 ; -0.00881287 ; -0.0163677 ; 0.0148088 ; 102.044;
22 ; 26 ; 13 ; -0.00225391 ; -0.0164504 ; 0.0080661 ; 101.718;
23 ; 26 ; 13 ; -0.00725594 ; -0.0110777 ; 0.0209258 ; 102.352;
24 ; 26 ; 13 ; -0.00600546 ; -0.020499 ; 0.0200014 ; 102.145;
25 ; 26 ; 13 ; -0.0211812 ; -0.019819 ; 0.00511499 ; 102.202;
26 ; 26 ; 13 ; -0.0276035 ; -0.0183399 ; 0.00824911 ; 102.497;
27 ; 26 ; 13 ; -0.013475 ; -0.0183574 ; -0.00839103 ; 102.534;
28 ; 26 ; 13 ; -0.00254388 ; -0.0113293 ; 0.0105134 ; 102.711;
29 ; 26 ; 13 ; -0.0300064 ; -0.0156989 ; 0.00537752 ; 102.4;
30 ; 26 ; 13 ; -0.0122653 ; -0.0216225 ; 0.00555656 ; 102.374;
31 ; 26 ; 13 ; -0.0057671 ; -0.0210441 ; 0.0104743 ; 102.191;
32 ; 26 ; 13 ; -0.0111762 ; -0.00516296 ; 0.0159425 ; 102.503;
33 ; 26 ; 13 ; 0.00117589 ; -0.0140869 ; 0.010595 ; 102.454;
4 ; 27 ; 13 ; 0.0139077 ; -0.0137424 ; 0.0053804 ; 102.627;
5 ; 27 ; 13 ; 0.00460765 ; -0.0134126 ; -0.00704138 ; 102.275;
6 ; 27 ; 13 ; 0.00864719 ; -0.0267352 ; -0.0109878 ; 102.229;
7 ; 27 ; 13 ; 0.0126363 ; -0.0291395 ; -0.00513672 ; 102.256;
8 ; 27 ; 13 ; 0.0163633 ; -0.00390079 ; 0.00761622 ; 102.251;
9 ; 27 ; 13 ; 0.022026 ; -0.0135369 ; 0.0125172 ; 102.963;
10 ; 27 ; 13 ; 0.0130559 ; -0.0168602 ; 0.00272032 ; 102.403;
11 ; 27 ; 13 ; 0.0181721 ; -0.0201426 ; -0.0052665 ; 102.396;
12 ; 27 ; 13 ; 0.00861202 ; -0.0128821 ; -0.0116791 ; 102.436;
13 ; 27 ; 13 ; -0.00760937 ; -0.0185101 ; 0.0151568 ; 102.524;
14 ; 27 ; 13 ; 0.00262525 ; -0.0214019 ; 0.0108079 ; 102.06;
15 ; 27 ; 13 ; 0.00583051 ; -0.0238029 ; -0.00227406 ; 102.539;
16 ; 27 ; 13 ; 0.00186265 ; -0.0206053 ; 0.0153529 ; 102.102;
17 ; 27 ; 13 ; -0.00501883 ; -0.0195072 ; 0.0309281 ; 101.993;
18 ; 27 ; 13 ; 0.00528228 ; -0.0268971 ; 0.015359 ; 102.089;
19 ; 27 ; 13 ; -0.0117766 ; -0.0275057 ; -0.00240962 ; 101.804;
20 ; 27 ; 13 ; -0.014363 ; -0.0314432 ; -0.00158217 ; 102.089;
21 ; 27 ; 13 ; -0.00158045 ; -0.0302295 ; 0.0111362 ; 102.456;
22 ; 27 ; 13 ; -0.0128401 ; -0.0267465 ; 0.0121537 ; 101.714;
23 ; 27 ; 13 ; -0.0173808 ; -0.00529651 ; 0.009291 ; 101.934;
24 ; 27 ; 13 ; -0.0132665 ; -0.0209105 ; 0.00681184 ; 102.087;
25 ; 27 ; 13 ; -0.00462786 ; -0.0262413 ; 0.00141308 ; 102.481;
26 ; 27 ; 13 ; -0.0295196 ; -0.0300634 ; 0.000516426 ; 102.277;
27 ; 27 ; 13 ; -0.00672607 ; -0.0300891 ; 0.00808349 ; 102.376;
28 ; 27 ; 13 ; -0.00716867 ; -0.0236803 ; -0.00476547 ; 102.779;
29 ; 27 ; 13 ; -0.0148429 ; -0.00982921 ; -0.000874678 ; 102.821;
30 ; 27 ; 13 ; -0.0080343 ; -0.0273657 ; 0.0111766 ; 102.77;
31 ; 27 ; 13 ; -0.0216102 ; -0.0216766 ; 0.0147936 ; 102.487;
32 ; 27 ; 13 ; -0.00738861 ; -0.0240746 ; 0.00752111 ; 102.713;
33 ; 27 ; 13 ; -0.00530014 ; -0.0165323 ; 0.00542516 ; 102.336;
4 ; 28 ; 13 ; 0.0095496 ; -0.0241856 ; 0.00372206 ; 102.647;
5 ; 28 ; 13 ; 0.00461555 ; -0.0167406 ; 0.0103331 ; 102.134;
6 ; 28 ; 13 ; 0.0134448 ; -0.0311667 ; 0.00887179 ; 103.192;
7 ; 28 ; 13 ; 0.0152747 ; -0.0280118 ; 0.000888031 ; 102.85;
8 ; 28 ; 13 ; 0.0299812 ; -0.0107254 ; 0.00667717 ; 102.316;
9 ; 28 ; 13 ; 0.0223052 ; -0.0194756 ; 0.0160004 ; 102.58;
10 ; 28 ; 13 ; 0.0298478 ; -0.0278243 ; -0.00178218 ; 102.311;
11 ; 28 ; 13 ; 0.0170911 ; -0.0211902 ; -0.00388795 ; 102.384;
12 ; 28 ; 13 ; 0.00479814 ; -0.0310427 ; 0.002189 ; 102.334;
13 ; 28 ; 13 ; 0.00892329 ; -0.0285221 ; 0.0087709 ; 103.004;
14 ; 28 ; 13 ; 0.0116876 ; -0.0240463 ; 0.0172512 ; 101.965;
15 ; 28 ; 13 ; 0.00752465 ; -0.0275867 ; 0.00637616 ; 102.059;
16 ; 28 ; 13 ; -0.00315906 ; -0.032813 ; 0.0194532 ; 102.229;
17 ; 28 ; 13 ; 0.000752364 ; -0.0139558 ; 0.0114895 ; 102.067;
18 ; 28 ; 13 ; 0.00432344 ; -0.0222648 ; -0.00169441 ; 101.776;
19 ; 28 ; 13 ; 0.00398429 ; -0.027885 ; -0.00504188 ; 102.664;
20 ; 28 ; 13 ; 0.00883627 ; -0.022618 ; 0.012004 ; 102.095;
21 ; 28 ; 13 ; -0.00509585 ; -0.0317023 ; 0.0233941 ; 102.038;
22 ; 28 ; 13 ; -0.00259741 ; -0.0191946 ; 0.015232 ; 102.333;
23 ; 28 ; 13 ; -0.00912209 ; -0.0245869 ; 0.00724511 ; 101.533;
24 ; 28 ; 13 ; -0.0246582 ; -0.0198297 ; -0.00158899 ; 102.625;
25 ; 28 ; 13 ; -0.0159592 ; -0.0329053 ; -0.000639106 ; 101.986;
26 ; 28 ; 13 ; -0.00818568 ; -0.0232977 ; -0.00580625 ; 103.038;
27 ; 28 ; 13 ; -0.00550544 ; -0.0161222 ; 0.00522543 ; 103.073;
28 ; 28 ; 13 ; -0.00942553 ; -0.0247444 ; 0.00343424 ; 103.021;
29 ; 28 ; 13 ; -0.0141584 ; -0.0188572 ; 0.0168747 ; 102.38;
30 ; 28 ; 13 ; -0.0170081 ; -0.0209328 ; 0.00333141 ; 102.566;
31 ; 28 ; 13 ; -0.00889073 ; -0.0157209 ; -0.0108257 ; 102.788;
32 ; 28 ; 13 ; -0.0128432 ; -0.0157575 ; 0.00312433 ; 102.385;
33 ; 28 ; 13 ; -0.00822256 ; -0.0242503 ; 0.00174288 ; 102.572;
4 ; 29 ; 13 ; -0.00123847 ; -0.0145644 ; -0.00357243 ; 102.671;
5 ; 29 ; 13 ; -0.00326355 ; -0.0238737 ; 0.00838773 ; 102.804;
6 ; 29 ; 13 ; 0.0159804 ; -0.0178469 ; -0.000922873 ; 102.858;
7 ; 29 ; 13 ; 0.0160483 ; -0.0216404 ; -0.000622824 ; 102.853;
8 ; 29 ; 13 ; 0.0128474 ; -0.0345553 ; 0.0101787 ; 102.776;
9 ; 29 ; 13 ; -0.00681412 ; -0.0159048 ; 0.0112041 ; 102.504;
10 ; 29 ; 13 ; 0.00595727 ; -0.00689967 ; -0.00221376 ; 102.804;
11 ; 29 ; 13 ; 0.0140614 ; -0.0287176 ; 0.0188295 ; 102.197;
12 ; 29 ; 13 ; 0.0164167 ; -0.0289006 ; 0.00737947 ; 102.725;
13 ; 29 ; 13 ; -0.0102337 ; -0.0332691 ; 0.0147108 ; 102.176;
14 ; 29 ; 13 ; 0.011732 ; -0.0330226 ; 0.00420911 ; 102.298;
15 ; 29 ; 13 ; 0.00276699 ; -0.0276414 ; 0.0104716 ; 102.595;
16 ; 29 ; 13 ; 0.0155597 ; -0.030664 ; 0.0152206 ; 102.355;
17 ; 29 ; 13 ; -0.00375015 ; -0.0181999 ; 0.0139431 ; 102.073;
18 ; 29 ; 13 ; 0.00239606 ; -0.021998 ; -0.00380005 ; 102.337;
19 ; 29 ; 13 ; -0.00836299 ; -0.0161111 ; 0.0284952 ; 101.902;
20 ; 29 ; 13 ; 0.00627802 ; -0.0247352 ; 0.0204479 ; 102.028;
21 ; 29 ; 13 ; -0.00385644 ; -0.0271887 ; 0.00138271 ; 102.112;
22 ; 29 ; 13 ; -0.00301242 ; -0.0131662 ; 0.0015887 ; 102.159;
23 ; 29 ; 13 ; -0.0126366 ; -0.0100494 ; 0.014156 ; 102.271;
24 ; 29 ; 13 ; -0.00800734 ; -0.0153501 ; 0.00252198 ; 102.15;
25 ; 29 ; 13 ; -0.0134455 ; -0.0206215 ; 0.00158706 ; 102.016;
26 ; 29 ; 13 ; -0.00659088 ; -0.00192497 ; 0.0027016 ; 102.549;
27 ; 29 ; 13 ; -0.027946 ; -0.0201986 ; 0.00135731 ; 102.941;
28 ; 29 ; 13 ; -0.023462 ; -0.0175321 ; -0.00258747 ; 102.268;
29 ; 29 ; 13 ; -0.00342794 ; -0.00897775 ; -0.00368371 ; 102.467;
30 ; 29 ; 13 ; -0.00914274 ; -0.0121596 ; 0.00153607 ; 102.191;
31 ; 29 ; 13 ; -0.0203152 ; -0.0162735 ; 0.00284875 ; 102.288;
32 ; 29 ; 13 ; -0.0083535 ; -0.0119148 ; 0.00389831 ; 103.169;
33 ; 29 ; 13 ; 0.00430973 ; -0.0286082 ; -0.00211658 ; 102.395;
4 ; 30 ; 13 ; -8.43152e-05 ; -0.0211284 ; 0.0029593 ; 102.94;
5 ; 30 ; 13 ; 0.016841 ; -0.0290067 ; -0.00429007 ; 102.586;
6 ; 30 ; 13 ; 0.0072947 ; -0.0128338 ; 0.00806665 ; 102.845;
7 ; 30 ; 13 ; 0.0140027 ; -0.0218553 ; 0.00411411 ; 102.937;
8 ; 30 ; 13 ; 0.0120508 ; -0.0139536 ; 0.0027356 ; 103.004;
9 ; 30 ; 13 ; 0.00293402 ; -0.023767 ; 0.00159121 ; 102.515;
10 ; 30 ; 13 ; 0.00599456 ; -0.00255879 ; 0.0014357 ; 102.527;
11 ; 30 ; 13 ; 0.0033133 ; -0.0209279 ; 0.00726538 ; 102.538;
12 ; 30 ; 13 ; 0.0120639 ; -0.00824732 ; -0.00383707 ; 102.673;
13 ; 30 ; 13 ; 0.000859331 ; -0.031171 ; 0.0114965 ; 101.907;
14 ; 30 ; 13 ; -0.00340002 ; -0.0185807 ; 0.0144215 ; 102.505;
15 ; 30 ; 13 ; 0.002054 ; -0.0187868 ; 0.0172844 ; 102.215;
16 ; 30 ; 13 ; 0.00243882 ; -0.0362279 ; 0.00385198 ; 102.343;
17 ; 30 ; 13 ; -0.00627863 ; -0.0165366 ; 0.0185492 ; 101.833;
18 ; 30 ; 13 ; 0.00448332 ; -0.0260908 ; 0.00880973 ; 102.068;
19 ; 30 ; 13 ; -0.00450212 ; -0.00640441 ; 0.00169499 ; 102.028;
20 ; 30 ; 13 ; 0.000461118 ; -0.0162169 ; 0.0117633 ; 102.418;
21 ; 30 ; 13 ; -0.000957031 ; -0.0237465 ; 0.0125582 ; 102.716;
22 ; 30 ; 13 ; -0.00533143 ; -0.0237154 ; 0.00991434 ; 102.309;
23 ; 30 ; 13 ; 0.0101535 ; -0.024512 ; 0.00966533 ; 102.133;
24 ; 30 ; 13 ; -0.00654799 ; -0.0333012 ; 0.014062 ; 102.267;
25 ; 30 ; 13 ; -0.0287721 ; -0.015114 ; -0.00190461 ; 102.434;
26 ; 30 ; 13 ; -0.0250522 ; -0.0156804 ; 0.0105138 ; 102.318;
27 ; 30 ; 13 ; -0.0199782 ; -0.0156689 ; 0.010952 ; 102.527;
28 ; 30 ; 13 ; -0.0161419 ; -0.0147951 ; 0.00362513 ; 103.044;
29 ; 30 ; 13 ; -0.0117407 ; -0.00812226 ; 0.00511104 ; 102.867;
30 ; 30 ; 13 ; -0.0140195 ; 0.00149639 ; 0.00782397 ; 102.641;
31 ; 30 ; 13 ; -0.00773335 ; -0.0179094 ; 0.0104087 ; 102.388;
32 ; 30 ; 13 ; -0.012087 ; -0.0107109 ; 0.00958337 ; 102.341;
33 ; 30 ; 13 ; -0.00294381 ; -0.0234072 ; 0.00294989 ; 102.744;
4 ; 31 ; 13 ; 0.00921645 ; -0.00124271 ; 0.0103826 ; 102.522;
5 ; 31 ; 13 ; 0.0138224 ; 0.000525023 ; -0.00184446 ; 103.009;
6 ; 31 ; 13 ; 0.00921092 ; -0.0111396 ; 0.00252791 ; 102.527;
7 ; 31 ; 13 ; 0.0121431 ; -0.00925527 ; -0.00354411 ; 102.747;
8 ; 31 ; 13 ; 0.0170461 ; -0.00987697 ; 0.00468097 ; 102.636;
9 ; 31 ; 13 ; 0.00614525 ; -0.0213075 ; -0.00544411 ; 102.411;
10 ; 31 ; 13 ; 0.0148345 ; -0.00649443 ; 0.00615384 ; 102.914;
11 ; 31 ; 13 ; 0.0225082 ; -0.0151712 ; 0.00639519 ; 102.443;
12 ; 31 ; 13 ; 0.00881724 ; -0.00593812 ; 0.00359796 ; 102.281;
13 ; 31 ; 13 ; 0.000443974 ; -0.0240733 ; 0.0108337 ; 102.336;
14 ; 31 ; 13 ; 0.000193461 ; -0.0104893 ; 0.00419788 ; 102.093;
15 ; 31 ; 13 ; -0.00957246 ; -0.0189868 ; 0.00291434 ; 102.322;
16 ; 31 ; 13 ; 0.00574109 ; -0.0315614 ; -0.00987768 ; 101.986;
17 ; 31 ; 13 ; 8.72837e-05 ; -0.0147274 ; 0.0195383 ; 101.839;
18 ; 31 ; 13 ; 0.0205346 ; -0.0224444 ; 0.00119575 ; 101.974;
19 ; 31 ; 13 ; 0.00250212 ; -0.00949433 ; 0.00432064 ; 102.12;
20 ; 31 ; 13 ; -0.00923058 ; -0.0167201 ; 0.0104555 ; 101.904;
21 ; 31 ; 13 ; -0.0063286 ; -0.0111323 ; -0.000832444 ; 102.404;
22 ; 31 ; 13 ; -0.000800301 ; -0.0146489 ; -0.00209177 ; 102.262;
23 ; 31 ; 13 ; -0.00246206 ; -0.0147418 ; 0.0232151 ; 102.63;
24 ; 31 ; 13 ; -0.00825634 ; -0.0147982 ; 0.0098298 ; 102.101;
25 ; 31 ; 13 ; -0.00307904 ; -0.00862257 ; 0.00927016 ; 102.237;
26 ; 31 ; 13 ; -0.0180814 ; -0.0133892 ; 0.00485782 ; 102.431;
27 ; 31 ; 13 ; -0.012033 ; -0.00913887 ; 0.00334 ; 102.807;
28 ; 31 ; 13 ; -0.0121131 ; -0.0209485 ; -0.0058024 ; 102.635;
29 ; 31 ; 13 ; -0.014217 ; -0.0061106 ; -0.00737473 ; 102.662;
30 ; 31 ; 13 ; -0.0244742 ; -0.0163584 ; -0.0075961 ; 102.364;
31 ; 31 ; 13 ; -0.0125787 ; -0.0148778 ; 0.0089861 ; 102.28;
32 ; 31 ; 13 ; -0.0193234 ; -0.0173438 ; 0.0112298 ; 102.636;
33 ; 31 ; 13 ; -0.000845399 ; -0.0200834 ; 0.00309756 ; 102.676;
4 ; 32 ; 13 ; 0.00782222 ; -2.72281e-05 ; 0.000879268 ; 102.487;
5 ; 32 ; 13 ; 0.0119568 ; -0.0118858 ; 0.00205525 ; 102.219;
6 ; 32 ; 13 ; 0.00165065 ; -0.00918792 ; -0.00506674 ; 102.993;
7 ; 32 ; 13 ; 0.0160072 ; -0.00509836 ; -0.000219828 ; 102.28;
8 ; 32 ; 13 ; 0.00406502 ; -0.00971949 ; 0.00164111 ; 102.655;
9 ; 32 ; 13 ; 0.0146517 ; -0.00474698 ; -0.00952342 ; 102.616;
10 ; 32 ; 13 ; 0.0118863 ; -0.00880345 ; 0.00828716 ; 103.175;
11 ; 32 ; 13 ; 0.00459004 ; -0.00594148 ; -0.00832141 ; 102.826;
12 ; 32 ; 13 ; 0.00901996 ; 0.00596681 ; 0.0179181 ; 102.66;
13 ; 32 ; 13 ; 0.00433701 ; -0.012962 ; 0.00914439 ; 102.195;
14 ; 32 ; 13 ; -0.00205397 ; -0.00305864 ; 0.0082643 ; 102.477;
15 ; 32 ; 13 ; 0.012464 ; -0.00862213 ; 0.0179295 ; 101.87;
16 ; 32 ; 13 ; 0.00785952 ; -0.0109643 ; 0.0102963 ; 102.266;
17 ; 32 ; 13 ; 0.00987381 ; 0.00404651 ; 0.00538452 ; 102.446;
18 ; 32 ; 13 ; 0.0083085 ; -0.0123857 ; 0.0147617 ; 102.083;
19 ; 32 ; 13 ; -0.00594062 ; -0.00032539 ; 0.00225125 ; 102.256;
20 ; 32 ; 13 ; 0.0020991 ; -0.0166105 ; 0.00176568 ; 102.373;
21 ; 32 ; 13 ; -0.000847598 ; -0.0129361 ; 0.00939611 ; 101.982;
22 ; 32 ; 13 ; -0.0137524 ; -0.0146033 ; 0.0187565 ; 101.762;
23 ; 32 ; 13 ; -0.00268746 ; -0.00908691 ; -0.00382535 ; 102.143;
24 ; 32 ; 13 ; -0.00527961 ; -0.0060555 ; 0.00878496 ; 102.077;
25 ; 32 ; 13 ; -0.0135255 ; 0.00115739 ; 0.00557187 ; 102.732;
26 ; 32 ; 13 ; -0.0207987 ; 0.00406993 ; 0.00482463 ; 102.481;
27 ; 32 ; 13 ; -0.00734153 ; -0.0147005 ; 0.00563705 ; 102.477;
28 ; 32 ; 13 ; -0.0142982 ; -0.00387005 ; 0.00361419 ; 102.516;
29 ; 32 ; 13 ; -0.0236339 ; -0.0116481 ; 0.00536864 ; 102.765;
30 ; 32 ; 13 ; -0.00908145 ; -0.00918013 ; -0.000240138 ; 102.945;
31 ; 32 ; 13 ; -0.0124044 ; -0.00781194 ; 0.00508239 ; 102.503;
32 ; 32 ; 13 ; -0.0120313 ; -0.0088457 ; 0.00198227 ; 102.528;
33 ; 32 ; 13 ; 0.00966341 ; 0.00772812 ; 0.00460329 ; 102.622;
4 ; 33 ; 13 ; 0.00241844 ; -0.00244538 ; -0.000429221 ; 102.698;
5 ; 33 ; 13 ; 0.00309519 ; -0.00791532 ; -0.00279504 ; 102.602;
6 ; 33 ; 13 ; 0.00995995 ; -0.00181695 ; 0.000442007 ; 102.691;
7 ; 33 ; 13 ; 0.0121204 ; -0.00596695 ; 0.00362609 ; 102.725;
8 ; 33 ; 13 ; 0.00605523 ; -0.000129772 ; -3.47222e-05 ; 102.784;
9 ; 33 ; 13 ; 0.0216404 ; -0.00630019 ; -0.0065189 ; 102.545;
10 ; 33 ; 13 ; 0.0161359 ; -0.015407 ; 0.012412 ; 102.071;
11 ; 33 ; 13 ; 0.00283458 ; -0.000754923 ; -0.00463958 ; 101.92;
12 ; 33 ; 13 ; 0.00986929 ; 0.00799565 ; -0.00215942 ; 101.783;
13 ; 33 ; 13 ; 0.00286116 ; 0.00305705 ; 0.00651462 ; 101.909;
14 ; 33 ; 13 ; 0.00753453 ; -0.000858927 ; 0.00735785 ; 102.06;
15 ; 33 ; 13 ; 0.00578913 ; 0.000616793 ; 0.00854636 ; 102.265;
16 ; 33 ; 13 ; 0.00405344 ; 0.00171035 ; 0.00351259 ; 101.98;
17 ; 33 ; 13 ; -0.018075 ; -0.00564674 ; 0.000691428 ; 102.016;
18 ; 33 ; 13 ; -0.00585272 ; -0.00396057 ; 0.0124358 ; 101.871;
19 ; 33 ; 13 ; 0.0103009 ; -0.0148355 ; -0.00915828 ; 102.39;
20 ; 33 ; 13 ; 0.00169432 ; 0.00479204 ; 0.0166925 ; 102.138;
21 ; 33 ; 13 ; 0.00699826 ; -0.0145063 ; -0.00200794 ; 101.865;
22 ; 33 ; 13 ; 0.0166509 ; -0.0195322 ; 0.00238799 ; 101.515;
23 ; 33 ; 13 ; 0.0138997 ; -0.00260021 ; 0.00639634 ; 102.199;
24 ; 33 ; 13 ; 0.00156808 ; 0.00244884 ; 0.0098926 ; 101.931;
25 ; 33 ; 13 ; -0.00849665 ; 0.00901639 ; -0.00210286 ; 102.351;
26 ; 33 ; 13 ; -0.00625693 ; 0.00134998 ; 0.00484313 ; 102.13;
27 ; 33 ; 13 ; -0.02417 ; -0.00676231 ; 0.00550516 ; 102.612;
28 ; 33 ; 13 ; -0.0143087 ; 0.00301342 ; 0.00425034 ; 102.378;
29 ; 33 ; 13 ; -0.00489497 ; -0.0063495 ; 0.00404769 ; 102.731;
30 ; 33 ; 13 ; -0.00592911 ; -0.00809942 ; -0.00458623 ; 102.621;
31 ; 33 ; 13 ; -0.00140761 ; -0.00157898 ; -0.0102996 ; 102.296;
32 ; 33 ; 13 ; -0.00127245 ; -0.0101566 ; -0.000618805 ; 102.904;
33 ; 33 ; 13 ; -0.00408211 ; 0.00270818 ; -0.00438254 ; 102.374;
4 ; 4 ; 14 ; -0.0103156 ; 0.00257435 ; -0.00403786 ; 102.798;
5 ; 4 ; 14 ; 0.00578595 ; -8.66808e-05 ; -0.00903393 ; 102.683;
6 ; 4 ; 14 ; 0.0154564 ; 0.0149731 ; -0.0019631 ; 102.825;
7 ; 4 ; 14 ; 0.0159197 ; -0.00774037 ; -0.00453195 ; 102.386;
8 ; 4 ; 14 ; 0.0131088 ; -0.00213357 ; -0.00881385 ; 102.742;
9 ; 4 ; 14 ; 0.0187833 ; 0.00482981 ; -0.00284605 ; 102.777;
10 ; 4 ; 14 ; 0.00321247 ; 0.00899879 ; -0.0126498 ; 102.308;
11 ; 4 ; 14 ; 0.00513268 ; 0.0158894 ; -0.000895969 ; 102.162;
12 ; 4 ; 14 ; 0.00837819 ; 0.0124401 ; -0.00068035 ; 102.026;
13 ; 4 ; 14 ; 0.00362297 ; 0.00251163 ; -0.0018837 ; 102.346;
14 ; 4 ; 14 ; -0.00530307 ; 0.0018073 ; -0.000562346 ; 102.041;
15 ; 4 ; 14 ; -0.00107471 ; -0.0144433 ; 0.0088666 ; 102.228;
16 ; 4 ; 14 ; 0.00860501 ; -0.00325854 ; 0.0111425 ; 101.809;
17 ; 4 ; 14 ; 0.00156946 ; -0.00201251 ; -0.00369802 ; 102.388;
18 ; 4 ; 14 ; -0.0111238 ; -0.00313049 ; 0.0076202 ; 101.834;
19 ; 4 ; 14 ; -0.00248387 ; 0.000777108 ; -0.00607877 ; 101.905;
20 ; 4 ; 14 ; -0.00177666 ; 0.0103194 ; 0.00121723 ; 101.978;
21 ; 4 ; 14 ; 0.00141637 ; 0.00502936 ; -0.00590591 ; 101.877;
22 ; 4 ; 14 ; 0.000739933 ; -0.00778816 ; -0.00112978 ; 102.553;
23 ; 4 ; 14 ; -0.0147036 ; -0.00174758 ; -0.0079419 ; 102.605;
24 ; 4 ; 14 ; -0.000593319 ; -0.000909903 ; -0.00845002 ; 102.22;
25 ; 4 ; 14 ; -0.00684563 ; 0.0091994 ; -0.0176478 ; 102.133;
26 ; 4 ; 14 ; -0.0118444 ; 0.00706124 ; 0.0150298 ; 102.384;
27 ; 4 ; 14 ; -0.0149764 ; -0.00494363 ; -0.00140179 ; 102.685;
28 ; 4 ; 14 ; -0.0177748 ; 0.00255107 ; -0.000836822 ; 102.531;
29 ; 4 ; 14 ; -0.0254158 ; 0.00521303 ; -0.0114307 ; 102.735;
30 ; 4 ; 14 ; -0.0102394 ; 0.017802 ; -0.0034825 ; 102.764;
31 ; 4 ; 14 ; -0.0152032 ; 0.0124749 ; -0.00337472 ; 102.589;
32 ; 4 ; 14 ; -0.0157569 ; 0.0143188 ; 0.00419082 ; 102.604;
33 ; 4 ; 14 ; 0.00208983 ; 0.0114961 ; 0.00846726 ; 102.843;
4 ; 5 ; 14 ; 0.00924296 ; 0.0161801 ; -0.0123111 ; 102.762;
5 ; 5 ; 14 ; 0.012292 ; -0.00062744 ; -0.00601121 ; 102.982;
6 ; 5 ; 14 ; 0.0136493 ; 0.0154626 ; -0.00881428 ; 102.498;
7 ; 5 ; 14 ; 0.013014 ; 0.0137029 ; 0.00403192 ; 102.855;
8 ; 5 ; 14 ; 0.00958926 ; 0.00063021 ; 0.00761836 ; 102.819;
9 ; 5 ; 14 ; 0.0151823 ; 0.00216533 ; -0.00325311 ; 103.009;
10 ; 5 ; 14 ; 0.0168165 ; 0.0121452 ; 0.00553449 ; 102.675;
11 ; 5 ; 14 ; 0.00838511 ; 0.0144608 ; 0.00288428 ; 102.589;
12 ; 5 ; 14 ; 0.00915137 ; 0.00547563 ; -0.003949 ; 102.323;
13 ; 5 ; 14 ; 0.00486404 ; 0.00174686 ; -0.0091239 ; 102.138;
14 ; 5 ; 14 ; 0.00273257 ; 0.0250837 ; -0.000770668 ; 102.306;
15 ; 5 ; 14 ; -0.00594151 ; 0.0090137 ; 0.00819486 ; 102.061;
16 ; 5 ; 14 ; -0.00661738 ; 0.0115823 ; -0.000496852 ; 102.535;
17 ; 5 ; 14 ; -0.00507369 ; 0.011786 ; -0.00165968 ; 102.294;
18 ; 5 ; 14 ; -0.0011077 ; 0.0077888 ; -0.00392177 ; 102.304;
19 ; 5 ; 14 ; -0.00909965 ; 0.0136476 ; 0.00901614 ; 102.077;
20 ; 5 ; 14 ; -0.00759517 ; 0.0270204 ; -0.00320925 ; 101.925;
21 ; 5 ; 14 ; 0.0136154 ; 0.0174062 ; 0.0046759 ; 102.376;
22 ; 5 ; 14 ; 0.00786011 ; 0.0237176 ; -0.00102647 ; 102.727;
23 ; 5 ; 14 ; -0.00787833 ; 0.0111462 ; -0.00547075 ; 102.515;
24 ; 5 ; 14 ; -0.0151062 ; 0.00552923 ; 0.00520025 ; 102.043;
25 ; 5 ; 14 ; -0.0203609 ; 0.00756764 ; -0.0150401 ; 102.86;
26 ; 5 ; 14 ; -0.0268211 ; 0.00426842 ; 0.00246309 ; 102.584;
27 ; 5 ; 14 ; -0.0285987 ; 0.00345451 ; 0.00618614 ; 102.878;
28 ; 5 ; 14 ; -0.00856529 ; 0.0104523 ; 0.00590085 ; 102.598;
29 ; 5 ; 14 ; -0.00293916 ; -0.00170969 ; 0.00265696 ; 102.305;
30 ; 5 ; 14 ; -0.0279167 ; 0.00996908 ; -0.00985627 ; 102.82;
31 ; 5 ; 14 ; -0.0121095 ; 0.0112157 ; 0.00751291 ; 102.955;
32 ; 5 ; 14 ; -0.0122871 ; 0.00544249 ; -0.000293071 ; 102.616;
33 ; 5 ; 14 ; -0.0103904 ; 0.0113372 ; 0.0211675 ; 102.211;
4 ; 6 ; 14 ; -0.0194422 ; 0.0171845 ; 0.00259709 ; 102.617;
5 ; 6 ; 14 ; 2.39818e-05 ; 0.0129856 ; -0.00723497 ; 102.71;
6 ; 6 ; 14 ; 0.00444179 ; 0.0092563 ; 0.00600357 ; 102.501;
7 ; 6 ; 14 ; 0.0129992 ; 0.027703 ; 0.000215329 ; 102.874;
8 ; 6 ; 14 ; 0.0172255 ; 0.0104806 ; -0.00135044 ; 102.386;
9 ; 6 ; 14 ; 0.0161331 ; 0.0190272 ; 0.00773435 ; 102.477;
10 ; 6 ; 14 ; 0.0115055 ; 0.0204076 ; 0.00733608 ; 102.768;
11 ; 6 ; 14 ; 0.0144264 ; 0.0141553 ; 0.00154053 ; 102.929;
12 ; 6 ; 14 ; -0.00474966 ; 0.0148725 ; 0.00879308 ; 102.465;
13 ; 6 ; 14 ; 0.00890565 ; 0.0186041 ; 0.0122498 ; 102.2;
14 ; 6 ; 14 ; 0.000832652 ; 0.029577 ; 0.00707558 ; 102.086;
15 ; 6 ; 14 ; 0.00271494 ; 0.020922 ; -0.000372919 ; 101.828;
16 ; 6 ; 14 ; 2.12144e-05 ; 0.0149561 ; -0.00497431 ; 101.773;
17 ; 6 ; 14 ; 0.00733864 ; 0.0193997 ; 0.00898341 ; 101.794;
18 ; 6 ; 14 ; 0.00847739 ; 0.0112744 ; 0.0260734 ; 102.558;
19 ; 6 ; 14 ; 0.00439578 ; 0.0167742 ; 0.0127913 ; 102.051;
20 ; 6 ; 14 ; -0.0110145 ; 0.0228079 ; 0.00615804 ; 101.778;
21 ; 6 ; 14 ; -0.00358094 ; 0.0174805 ; 0.00246783 ; 102.48;
22 ; 6 ; 14 ; -0.0107911 ; 0.0253303 ; 0.0165529 ; 102.009;
23 ; 6 ; 14 ; 0.00646824 ; 0.038734 ; 0.00217094 ; 102.152;
24 ; 6 ; 14 ; -0.00719356 ; 0.0202068 ; 0.00933643 ; 102.428;
25 ; 6 ; 14 ; -0.0156982 ; 0.00949492 ; 0.00652724 ; 102.2;
26 ; 6 ; 14 ; -0.0126666 ; 0.0158784 ; 0.0011159 ; 102.58;
27 ; 6 ; 14 ; -0.023206 ; 0.0050332 ; -0.00484072 ; 102.622;
28 ; 6 ; 14 ; -0.00972833 ; 0.0103981 ; 0.0161506 ; 102.141;
29 ; 6 ; 14 ; -0.0172422 ; -0.00208262 ; 0.00571472 ; 102.847;
30 ; 6 ; 14 ; -0.00761321 ; 0.0138121 ; -0.0147865 ; 102.79;
31 ; 6 ; 14 ; -0.0157167 ; -0.00147861 ; 0.00257096 ; 102.377;
32 ; 6 ; 14 ; -0.0088257 ; 0.0256851 ; 0.0027963 ; 102.669;
33 ; 6 ; 14 ; 0.00188293 ; 0.0110134 ; 0.00234455 ; 102.903;
4 ; 7 ; 14 ; 0.00186391 ; 0.0146061 ; 0.00254778 ; 102.427;
5 ; 7 ; 14 ; 0.000791634 ; 0.0165235 ; -0.01309 ; 103.031;
6 ; 7 ; 14 ; 0.00249144 ; 0.0257685 ; 0.00322216 ; 102.36;
7 ; 7 ; 14 ; 0.0236091 ; 0.0160859 ; 0.00309456 ; 102.757;
8 ; 7 ; 14 ; 0.00946675 ; 0.0231738 ; 0.0028456 ; 103.054;
9 ; 7 ; 14 ; 0.0278718 ; 0.0156104 ; -0.00478254 ; 102.621;
10 ; 7 ; 14 ; 0.0143221 ; 0.0287058 ; 0.000240867 ; 103.055;
11 ; 7 ; 14 ; 0.0172369 ; 0.0166308 ; -0.00204713 ; 102.785;
12 ; 7 ; 14 ; 0.00367601 ; 0.00992235 ; 0.00285653 ; 102.139;
13 ; 7 ; 14 ; 0.000431595 ; 0.0138833 ; -0.000730191 ; 102.358;
14 ; 7 ; 14 ; -0.00158943 ; 0.0194478 ; 0.00454886 ; 102.417;
15 ; 7 ; 14 ; 0.0104722 ; 0.0229617 ; 0.00722521 ; 101.975;
16 ; 7 ; 14 ; 0.000438396 ; 0.0196409 ; -0.0140363 ; 102.261;
17 ; 7 ; 14 ; -0.00121242 ; 0.0154867 ; 0.0100907 ; 102.458;
18 ; 7 ; 14 ; -0.00154163 ; 0.0194345 ; 0.00678601 ; 101.804;
19 ; 7 ; 14 ; 0.00749908 ; 0.0157323 ; 0.00132793 ; 102.104;
20 ; 7 ; 14 ; -0.00176362 ; 0.0257468 ; 0.000129082 ; 101.735;
21 ; 7 ; 14 ; -0.00482782 ; 0.0216686 ; 0.0164199 ; 101.816;
22 ; 7 ; 14 ; -0.00661868 ; 0.0262558 ; 0.0153827 ; 102.243;
23 ; 7 ; 14 ; -0.000743625 ; 0.0208497 ; 0.00640667 ; 102.427;
24 ; 7 ; 14 ; 0.00126994 ; 0.0194281 ; -0.00293197 ; 102.283;
25 ; 7 ; 14 ; -0.0173414 ; 0.0209525 ; 0.0117873 ; 102.713;
26 ; 7 ; 14 ; -0.0216514 ; 0.024697 ; 0.000862548 ; 102.702;
27 ; 7 ; 14 ; -0.0146833 ; 0.0210168 ; 0.00560385 ; 102.277;
28 ; 7 ; 14 ; -0.0219903 ; 0.0308869 ; 0.0188118 ; 102.896;
29 ; 7 ; 14 ; -0.0150503 ; 0.0217755 ; -0.00171067 ; 102.674;
30 ; 7 ; 14 ; -0.0164727 ; 0.0212922 ; 0.00412491 ; 102.603;
31 ; 7 ; 14 ; -0.0186087 ; 0.0026075 ; -0.00573236 ; 103.303;
32 ; 7 ; 14 ; -0.00468951 ; 0.00805308 ; -0.000287677 ; 102.739;
33 ; 7 ; 14 ; 0.000396642 ; 0.026899 ; -0.00450342 ; 102.661;
4 ; 8 ; 14 ; 0.00683874 ; 0.0210158 ; 0.00479973 ; 102.921;
5 ; 8 ; 14 ; -0.00620512 ; 0.00817887 ; 0.00542755 ; 102.646;
6 ; 8 ; 14 ; 0.0149427 ; 0.0234921 ; -0.00974915 ; 102.843;
7 ; 8 ; 14 ; 0.0229091 ; 0.0132974 ; -0.000809041 ; 102.56;
8 ; 8 ; 14 ; 0.0246156 ; 0.029586 ; -0.0039874 ; 102.503;
9 ; 8 ; 14 ; 0.0243736 ; 0.00899013 ; 0.00323565 ; 102.65;
10 ; 8 ; 14 ; 0.0211041 ; 0.0201738 ; 0.00697949 ; 102.577;
11 ; 8 ; 14 ; 0.0154744 ; 0.0132453 ; 0.000112441 ; 102.984;
12 ; 8 ; 14 ; 0.0172668 ; 0.0196551 ; -0.00938991 ; 101.939;
13 ; 8 ; 14 ; 0.0125875 ; 0.0176607 ; 0.00247298 ; 102.676;
14 ; 8 ; 14 ; 0.00602142 ; 0.0266989 ; 0.0107843 ; 102.127;
15 ; 8 ; 14 ; -0.000649027 ; 0.0290013 ; 0.0171801 ; 102.411;
16 ; 8 ; 14 ; 0.00378186 ; 0.0275657 ; 0.00735162 ; 102.125;
17 ; 8 ; 14 ; 0.00922747 ; 0.0218071 ; -0.00444759 ; 101.864;
18 ; 8 ; 14 ; 0.00627525 ; 0.0251278 ; 0.0170891 ; 102.155;
19 ; 8 ; 14 ; 0.00179148 ; 0.0168175 ; 0.00888544 ; 102.268;
20 ; 8 ; 14 ; 0.0036955 ; 0.0289507 ; 0.00465321 ; 102.324;
21 ; 8 ; 14 ; 0.00438109 ; 0.0211045 ; 0.00915038 ; 101.957;
22 ; 8 ; 14 ; -0.00503159 ; 0.0192553 ; 0.00592118 ; 102.652;
23 ; 8 ; 14 ; -0.00938975 ; 0.0183 ; -0.00742136 ; 102.144;
24 ; 8 ; 14 ; -0.0104041 ; 0.0095437 ; 0.00860377 ; 102.233;
25 ; 8 ; 14 ; -0.00680688 ; 0.0228685 ; 0.0092264 ; 102.783;
26 ; 8 ; 14 ; -0.0191112 ; 0.0334853 ; 0.00343749 ; 102.708;
27 ; 8 ; 14 ; -0.0162836 ; 0.020717 ; 0.00424925 ; 102.715;
28 ; 8 ; 14 ; -0.0115816 ; 0.036157 ; 0.0065079 ; 102.833;
29 ; 8 ; 14 ; -0.0143023 ; 0.0156025 ; -0.00606019 ; 102.612;
30 ; 8 ; 14 ; -0.011493 ; 0.0129113 ; 0.00343587 ; 102.442;
31 ; 8 ; 14 ; -0.0149734 ; 0.00991256 ; -0.0166921 ; 102.533;
32 ; 8 ; 14 ; -0.0130343 ; 0.0278807 ; -0.00562656 ; 102.595;
33 ; 8 ; 14 ; 0.0151833 ; 0.00855257 ; -0.00135037 ; 102.498;
4 ; 9 ; 14 ; 0.0120096 ; 0.0205142 ; 0.00298761 ; 102.439;
5 ; 9 ; 14 ; 0.010806 ; 0.0165357 ; -0.00289325 ; 102.282;
6 ; 9 ; 14 ; 0.0169837 ; 0.0075194 ; -0.00158939 ; 102.647;
7 ; 9 ; 14 ; 0.0116272 ; 0.0156587 ; 0.00604642 ; 102.848;
8 ; 9 ; 14 ; 0.0275497 ; 0.0248182 ; -0.0039288 ; 102.651;
9 ; 9 ; 14 ; 0.0196643 ; 0.0172348 ; -0.0068176 ; 102.511;
10 ; 9 ; 14 ; 0.0135682 ; 0.00794994 ; 0.000729048 ; 102.58;
11 ; 9 ; 14 ; 0.022615 ; 0.0193589 ; -0.000120994 ; 102.6;
12 ; 9 ; 14 ; 0.0147543 ; 0.0261655 ; 7.98525e-05 ; 102.152;
13 ; 9 ; 14 ; 0.0308534 ; 0.01965 ; 0.0128093 ; 102.235;
14 ; 9 ; 14 ; 0.00390199 ; 0.0249954 ; 0.0118417 ; 102.139;
15 ; 9 ; 14 ; 0.00353689 ; 0.0334811 ; 0.0141226 ; 101.951;
16 ; 9 ; 14 ; 0.00840751 ; 0.0284402 ; -0.00246496 ; 101.788;
17 ; 9 ; 14 ; 0.00163103 ; 0.0273542 ; 0.00122935 ; 102.352;
18 ; 9 ; 14 ; -0.000988113 ; 0.0208026 ; 0.00339535 ; 102.395;
19 ; 9 ; 14 ; -0.00892748 ; 0.0201868 ; 0.00780007 ; 101.927;
20 ; 9 ; 14 ; -0.00228149 ; 0.0205013 ; 0.0075544 ; 102.305;
21 ; 9 ; 14 ; -0.00722444 ; 0.0101508 ; 0.0112547 ; 102.506;
22 ; 9 ; 14 ; 0.000732345 ; 0.0232744 ; 0.00940575 ; 101.912;
23 ; 9 ; 14 ; -0.002764 ; 0.025087 ; -0.0161518 ; 102.127;
24 ; 9 ; 14 ; -0.00734743 ; 0.0202761 ; 0.0195347 ; 102.265;
25 ; 9 ; 14 ; -0.00872392 ; 0.00887045 ; 0.00365583 ; 102.232;
26 ; 9 ; 14 ; -0.00808665 ; 0.0273323 ; 0.0105186 ; 102.358;
27 ; 9 ; 14 ; -0.0167792 ; 0.0304862 ; 0.00186924 ; 102.505;
28 ; 9 ; 14 ; -0.0167093 ; 0.0266037 ; 0.000848868 ; 102.788;
29 ; 9 ; 14 ; -0.0162478 ; 0.0200863 ; 0.00701286 ; 102.852;
30 ; 9 ; 14 ; -0.0152959 ; 0.0116261 ; 0.0148459 ; 102.618;
31 ; 9 ; 14 ; -0.00361652 ; 0.0181941 ; 0.0108593 ; 102.509;
32 ; 9 ; 14 ; -0.00943067 ; 0.0117992 ; 0.0029357 ; 103.13;
33 ; 9 ; 14 ; -0.00467944 ; 0.0206189 ; 0.00122048 ; 101.957;
4 ; 10 ; 14 ; -0.0078534 ; 0.0224118 ; -0.00430597 ; 101.936;
5 ; 10 ; 14 ; 0.00133664 ; 0.0270034 ; 0.00112811 ; 102.307;
6 ; 10 ; 14 ; -0.00139349 ; 0.0237926 ; -0.00521729 ; 102.548;
7 ; 10 ; 14 ; 0.00731746 ; 0.00397687 ; -0.0063984 ; 102.446;
8 ; 10 ; 14 ; 0.0202268 ; 0.00937277 ; 0.00358674 ; 102.881;
9 ; 10 ; 14 ; 0.0212523 ; 0.00524905 ; 0.0131551 ; 102.629;
10 ; 10 ; 14 ; 0.0308851 ; 0.023726 ; 0.00375966 ; 102.082;
11 ; 10 ; 14 ; 0.0347786 ; 0.0103846 ; 0.00695087 ; 102.866;
12 ; 10 ; 14 ; 0.0116434 ; 0.0235975 ; 0.00193047 ; 102.05;
13 ; 10 ; 14 ; 0.0172553 ; 0.0232231 ; 0.00773181 ; 102.364;
14 ; 10 ; 14 ; 0.00301083 ; 0.0253532 ; 0.00996231 ; 102.079;
15 ; 10 ; 14 ; -0.00402025 ; 0.0264477 ; 0.0130913 ; 102.101;
16 ; 10 ; 14 ; 0.00875965 ; 0.0392981 ; 0.00589786 ; 101.904;
17 ; 10 ; 14 ; 0.00978241 ; 0.0217501 ; -0.0032081 ; 101.832;
18 ; 10 ; 14 ; 0.00380058 ; 0.0256693 ; 0.0127725 ; 102.322;
19 ; 10 ; 14 ; -0.000562689 ; 0.0137897 ; -0.00178185 ; 101.949;
20 ; 10 ; 14 ; -0.00640698 ; 0.0285684 ; -0.00369259 ; 101.901;
21 ; 10 ; 14 ; -0.00248409 ; 0.016367 ; 0.00906644 ; 102.129;
22 ; 10 ; 14 ; -0.00719763 ; 0.0239644 ; 0.0123598 ; 102.158;
23 ; 10 ; 14 ; -0.0099704 ; 0.0167644 ; -0.00953345 ; 102.09;
24 ; 10 ; 14 ; -0.0138921 ; 0.0182854 ; -0.0104522 ; 102.063;
25 ; 10 ; 14 ; -0.00898304 ; 0.00911285 ; 0.000479503 ; 102.317;
26 ; 10 ; 14 ; -0.0072937 ; 0.0232804 ; 0.0129022 ; 103.069;
27 ; 10 ; 14 ; -0.0180066 ; 0.0262367 ; -0.00294468 ; 102.778;
28 ; 10 ; 14 ; -0.0159162 ; 0.0184371 ; 0.0107184 ; 102.484;
29 ; 10 ; 14 ; -0.00489804 ; 0.012723 ; 0.00407692 ; 102.232;
30 ; 10 ; 14 ; -0.015998 ; 0.00757062 ; -0.00662026 ; 102.988;
31 ; 10 ; 14 ; -0.0228151 ; 0.009444 ; 0.00196363 ; 102.182;
32 ; 10 ; 14 ; -0.0146596 ; 0.0163906 ; 0.00205339 ; 102.23;
33 ; 10 ; 14 ; -0.00380703 ; 0.0129565 ; -0.00355817 ; 102.256;
4 ; 11 ; 14 ; 0.0154529 ; 0.00633383 ; -0.00849687 ; 102.401;
5 ; 11 ; 14 ; 0.0136175 ; 0.0163291 ; -0.0195263 ; 102.4;
6 ; 11 ; 14 ; 0.020591 ; 0.0276631 ; -0.0133877 ; 102.474;
7 ; 11 ; 14 ; 0.0254182 ; 0.0141605 ; -0.00371346 ; 102.601;
8 ; 11 ; 14 ; 0.0284582 ; 0.00845249 ; 0.00574288 ; 102.533;
9 ; 11 ; 14 ; 0.0287767 ; 0.0055908 ; -0.00703526 ; 102.235;
10 ; 11 ; 14 ; 0.0248392 ; 0.016741 ; 0.00855552 ; 101.978;
11 ; 11 ; 14 ; 0.0208013 ; 0.0068382 ; 0.00938447 ; 102.567;
12 ; 11 ; 14 ; 0.01215 ; 0.018246 ; 0.0158562 ; 102.066;
13 ; 11 ; 14 ; 0.00147741 ; 0.0217867 ; 0.0166884 ; 102.143;
14 ; 11 ; 14 ; 0.0103727 ; 0.0271717 ; 0.00439146 ; 102.488;
15 ; 11 ; 14 ; 0.00669957 ; 0.0228315 ; 0.00152576 ; 102.078;
16 ; 11 ; 14 ; -4.04687e-05 ; 0.0250185 ; 0.000435039 ; 102.285;
17 ; 11 ; 14 ; -0.00728738 ; 0.0338941 ; 0.0113978 ; 101.753;
18 ; 11 ; 14 ; -0.000849368 ; 0.0212796 ; -0.00128168 ; 102.219;
19 ; 11 ; 14 ; 0.00479103 ; 0.0207143 ; 0.00394374 ; 101.575;
20 ; 11 ; 14 ; -0.000101717 ; 0.0302004 ; -0.00204103 ; 101.881;
21 ; 11 ; 14 ; -0.00164068 ; 0.0179927 ; -0.00916605 ; 101.874;
22 ; 11 ; 14 ; -0.00153052 ; 0.020401 ; 0.00922425 ; 101.9;
23 ; 11 ; 14 ; -0.00787563 ; 0.0190961 ; -0.00371836 ; 102.118;
24 ; 11 ; 14 ; -0.00897066 ; 0.0133457 ; -0.000785121 ; 102.049;
25 ; 11 ; 14 ; -0.00721646 ; 0.013606 ; 0.0113378 ; 102.219;
26 ; 11 ; 14 ; -0.01842 ; 0.0243885 ; -0.00205036 ; 102.431;
27 ; 11 ; 14 ; -0.0227527 ; 0.0161011 ; -0.00955905 ; 102.287;
28 ; 11 ; 14 ; -0.0125474 ; 0.017836 ; 0.00233731 ; 102.736;
29 ; 11 ; 14 ; -0.0133448 ; 0.0145419 ; 0.00367937 ; 102.693;
30 ; 11 ; 14 ; -0.00206356 ; 0.0100943 ; 0.0135523 ; 102.561;
31 ; 11 ; 14 ; -0.0200492 ; 0.0192549 ; 0.000260954 ; 102.528;
32 ; 11 ; 14 ; -0.00687788 ; 0.00708581 ; 0.0154459 ; 102.052;
33 ; 11 ; 14 ; -0.0046624 ; 0.010634 ; 0.0141298 ; 102.66;
4 ; 12 ; 14 ; -0.010695 ; 0.015151 ; 0.0104922 ; 101.92;
5 ; 12 ; 14 ; 0.0178498 ; 0.0152947 ; -0.00251241 ; 102.143;
6 ; 12 ; 14 ; 0.0159762 ; 0.0167882 ; 0.00148841 ; 102.23;
7 ; 12 ; 14 ; 0.0192667 ; 0.00879393 ; -0.00205535 ; 102.486;
8 ; 12 ; 14 ; 0.0210368 ; 0.0237754 ; 0.000955599 ; 102.229;
9 ; 12 ; 14 ; 0.0224163 ; 0.0271972 ; 0.010666 ; 102.091;
10 ; 12 ; 14 ; 0.0231082 ; 0.0186366 ; 0.0117406 ; 101.991;
11 ; 12 ; 14 ; 0.0170758 ; 0.0118071 ; 0.0195598 ; 102.5;
12 ; 12 ; 14 ; 0.0164428 ; 0.01287 ; -0.000185511 ; 101.62;
13 ; 12 ; 14 ; 0.00990477 ; 0.0131555 ; 0.000310245 ; 102.146;
14 ; 12 ; 14 ; 0.00742599 ; 0.0132923 ; 0.0019237 ; 102.558;
15 ; 12 ; 14 ; 0.0114852 ; 0.00748957 ; -0.00594003 ; 101.935;
16 ; 12 ; 14 ; 0.00874386 ; 0.0256719 ; 0.00845015 ; 101.755;
17 ; 12 ; 14 ; 0.00536825 ; 0.0326614 ; 0.00404225 ; 101.885;
18 ; 12 ; 14 ; 0.00289823 ; 0.0123019 ; 0.0160922 ; 101.36;
19 ; 12 ; 14 ; -0.0126565 ; 0.021088 ; 0.0152965 ; 101.878;
20 ; 12 ; 14 ; -0.0123037 ; 0.00291557 ; 0.00635856 ; 101.898;
21 ; 12 ; 14 ; 0.0028276 ; 0.00650158 ; 0.00677979 ; 102.089;
22 ; 12 ; 14 ; 0.00297482 ; 0.0192222 ; 0.010393 ; 102;
23 ; 12 ; 14 ; 0.0073805 ; 0.0133267 ; -0.00561753 ; 101.824;
24 ; 12 ; 14 ; -0.0110957 ; 0.0178077 ; 0.00732017 ; 102.271;
25 ; 12 ; 14 ; -0.0161636 ; 0.012066 ; 0.00423564 ; 102.464;
26 ; 12 ; 14 ; -0.0298644 ; 0.0308773 ; 0.00525757 ; 101.968;
27 ; 12 ; 14 ; -0.0182909 ; 0.00191076 ; -0.000223935 ; 102.422;
28 ; 12 ; 14 ; -0.0191252 ; 0.0154128 ; 0.00673762 ; 102.871;
29 ; 12 ; 14 ; -0.0288833 ; 0.0181284 ; 0.0130131 ; 102.479;
30 ; 12 ; 14 ; -0.0120839 ; 0.0159263 ; -0.00186874 ; 102.232;
31 ; 12 ; 14 ; -0.0236595 ; 0.0255105 ; -0.0138214 ; 102.271;
32 ; 12 ; 14 ; -0.0230536 ; 0.00660451 ; -0.00519305 ; 102.207;
33 ; 12 ; 14 ; -0.0129677 ; 0.00720929 ; 0.0151657 ; 102.678;
4 ; 13 ; 14 ; 0.000702942 ; 0.0104163 ; 0.000448754 ; 102.411;
5 ; 13 ; 14 ; 0.00288721 ; 0.00623446 ; 0.00510069 ; 102.078;
6 ; 13 ; 14 ; 0.0166723 ; -7.77794e-05 ; 0.00274099 ; 102.598;
7 ; 13 ; 14 ; 0.0255154 ; 0.00747978 ; 0.00610785 ; 102.531;
8 ; 13 ; 14 ; 0.0207296 ; 0.0246652 ; 0.00307635 ; 102.54;
9 ; 13 ; 14 ; 0.0285024 ; 0.0105196 ; -0.00723442 ; 102.105;
10 ; 13 ; 14 ; 0.0143693 ; 0.0115621 ; -0.00096051 ; 102.477;
11 ; 13 ; 14 ; 0.0269835 ; 0.00614602 ; 0.00126153 ; 102.265;
12 ; 13 ; 14 ; 0.0113483 ; 0.00978253 ; -0.000299392 ; 102.002;
13 ; 13 ; 14 ; 0.00265325 ; 0.00417661 ; 0.0166119 ; 102.046;
14 ; 13 ; 14 ; 0.00938478 ; -0.00203238 ; 0.00108544 ; 101.763;
15 ; 13 ; 14 ; 0.000642111 ; 0.0102953 ; 0.0130953 ; 102.124;
16 ; 13 ; 14 ; 0.00696005 ; 0.0100388 ; 0.022898 ; 101.598;
17 ; 13 ; 14 ; -0.0105848 ; 0.00228319 ; 0.0263861 ; 101.954;
18 ; 13 ; 14 ; 0.00173509 ; 0.00215517 ; 0.0103959 ; 101.585;
19 ; 13 ; 14 ; 0.00283545 ; 0.00951957 ; 0.00400725 ; 101.962;
20 ; 13 ; 14 ; 0.000846741 ; 0.0140742 ; 0.0115146 ; 101.707;
21 ; 13 ; 14 ; -0.00853724 ; 0.0184644 ; -0.00176906 ; 101.734;
22 ; 13 ; 14 ; -0.00657629 ; 0.00453948 ; 0.00198135 ; 102.056;
23 ; 13 ; 14 ; -0.00913081 ; 0.00348736 ; 0.00680155 ; 102.276;
24 ; 13 ; 14 ; -0.0239328 ; 0.0263953 ; 0.0118019 ; 101.719;
25 ; 13 ; 14 ; -0.0119726 ; 0.0255486 ; 0.00618757 ; 102.023;
26 ; 13 ; 14 ; -0.018223 ; 0.0200464 ; 0.00712854 ; 102.593;
27 ; 13 ; 14 ; -0.0230168 ; 0.00581362 ; 0.00960775 ; 102.092;
28 ; 13 ; 14 ; -0.00825775 ; 0.0117216 ; 0.0047716 ; 102.035;
29 ; 13 ; 14 ; -0.00951446 ; 0.00475136 ; 0.000967656 ; 101.877;
30 ; 13 ; 14 ; -0.0239893 ; 0.000336999 ; 0.000953919 ; 102.188;
31 ; 13 ; 14 ; -0.0382085 ; 0.0199063 ; -0.00174001 ; 102.236;
32 ; 13 ; 14 ; -0.0253745 ; 0.00786866 ; 0.0134009 ; 102.402;
33 ; 13 ; 14 ; -0.00305386 ; -0.00174503 ; -0.0049823 ; 102.531;
4 ; 14 ; 14 ; 0.00466239 ; 0.00939094 ; 0.000610387 ; 102.145;
5 ; 14 ; 14 ; 0.00122474 ; 0.00360377 ; -0.00203768 ; 102.275;
6 ; 14 ; 14 ; 0.0104023 ; -0.000200982 ; -0.0101811 ; 101.841;
7 ; 14 ; 14 ; 0.0172421 ; -0.00112057 ; -0.0022266 ; 102.344;
8 ; 14 ; 14 ; 0.0216763 ; 0.00946028 ; 0.00940958 ; 102.096;
9 ; 14 ; 14 ; 0.0169987 ; 0.0185342 ; 0.00617078 ; 102.167;
10 ; 14 ; 14 ; 0.0194154 ; 0.014656 ; 0.0162058 ; 101.83;
11 ; 14 ; 14 ; 0.0123165 ; -0.00530722 ; 0.0164166 ; 102.236;
12 ; 14 ; 14 ; 0.00683014 ; 0.0105009 ; -0.0055297 ; 101.636;
13 ; 14 ; 14 ; 0.00158601 ; 0.0127724 ; 0.014202 ; 101.919;
14 ; 14 ; 14 ; -0.00369566 ; 0.0140549 ; 0.00802647 ; 101.715;
15 ; 14 ; 14 ; 0.00303026 ; 0.0101086 ; 0.0112381 ; 101.958;
16 ; 14 ; 14 ; -0.00483611 ; 0.00968439 ; -0.00911343 ; 101.781;
17 ; 14 ; 14 ; 0.00179307 ; 0.0202306 ; 0.00652764 ; 101.748;
18 ; 14 ; 14 ; 0.0154747 ; 0.0154452 ; 0.0130695 ; 101.734;
19 ; 14 ; 14 ; 0.00417777 ; 0.000184449 ; 0.0121836 ; 101.998;
20 ; 14 ; 14 ; -0.000173681 ; 0.0102133 ; 0.00470923 ; 101.953;
21 ; 14 ; 14 ; -0.0125597 ; 0.0217692 ; 0.00481042 ; 102.013;
22 ; 14 ; 14 ; 0.00179025 ; 0.0161988 ; -0.0010272 ; 101.534;
23 ; 14 ; 14 ; -0.0197355 ; 0.00427411 ; 0.0103298 ; 101.982;
24 ; 14 ; 14 ; -0.0152124 ; 0.020249 ; 0.00875885 ; 101.827;
25 ; 14 ; 14 ; -0.019834 ; 0.0201198 ; 0.0129936 ; 101.951;
26 ; 14 ; 14 ; -0.0224768 ; 0.00458134 ; 0.0162076 ; 101.961;
27 ; 14 ; 14 ; -0.0240759 ; 0.00177141 ; 0.00388671 ; 102.123;
28 ; 14 ; 14 ; -0.0259965 ; 0.00658288 ; -0.00520093 ; 102.364;
29 ; 14 ; 14 ; -0.00774544 ; -0.0108841 ; 0.00187882 ; 102.199;
30 ; 14 ; 14 ; -0.0112192 ; -0.00700654 ; 0.0127047 ; 102.271;
31 ; 14 ; 14 ; -0.0212475 ; 0.0115454 ; -0.00561933 ; 102.659;
32 ; 14 ; 14 ; -0.0054786 ; 0.0185937 ; -0.00525141 ; 102.319;
33 ; 14 ; 14 ; -0.021222 ; -0.00389841 ; -0.00436325 ; 102.112;
4 ; 15 ; 14 ; -0.000920709 ; 0.00284738 ; 0.00336665 ; 102.118;
5 ; 15 ; 14 ; 0.0182799 ; 0.000279033 ; 0.00315943 ; 102.42;
6 ; 15 ; 14 ; 0.0173055 ; -0.00226471 ; 0.0100241 ; 101.796;
7 ; 15 ; 14 ; 0.0278492 ; 0.00416591 ; 0.00742061 ; 102.256;
8 ; 15 ; 14 ; 0.0297387 ; -0.00420821 ; 0.00523654 ; 102.317;
9 ; 15 ; 14 ; 0.0228826 ; -0.00839302 ; 0.0139406 ; 102.207;
10 ; 15 ; 14 ; 0.0162146 ; 0.00414689 ; 0.00435024 ; 102.395;
11 ; 15 ; 14 ; 0.0248451 ; 0.0108033 ; 0.00377386 ; 102.06;
12 ; 15 ; 14 ; 0.0119516 ; 0.0107216 ; 0.00693109 ; 102.075;
13 ; 15 ; 14 ; 0.0112896 ; -0.000473567 ; 0.0124151 ; 102.206;
14 ; 15 ; 14 ; -0.000160683 ; 0.0013435 ; 0.0049028 ; 102.143;
15 ; 15 ; 14 ; 0.022488 ; -0.000166851 ; 0.00903768 ; 102.256;
16 ; 15 ; 14 ; 0.00142962 ; 0.000385264 ; 0.01488 ; 101.067;
17 ; 15 ; 14 ; 0.000893229 ; 0.0040189 ; 0.0103799 ; 101.934;
18 ; 15 ; 14 ; -0.00163995 ; 0.00552899 ; 0.0057586 ; 101.903;
19 ; 15 ; 14 ; -0.0187338 ; 0.00327165 ; 0.00758032 ; 101.699;
20 ; 15 ; 14 ; -0.0136596 ; 0.00322876 ; 0.00819586 ; 101.656;
21 ; 15 ; 14 ; -0.0194315 ; 0.021863 ; 0.0174243 ; 101.743;
22 ; 15 ; 14 ; 0.000508288 ; 0.0107811 ; 0.013255 ; 101.578;
23 ; 15 ; 14 ; -0.019777 ; 0.00442104 ; 0.0179868 ; 101.565;
24 ; 15 ; 14 ; -0.0163682 ; 0.00232057 ; 0.00192416 ; 101.95;
25 ; 15 ; 14 ; -0.0197366 ; 0.0063658 ; 0.00321798 ; 101.902;
26 ; 15 ; 14 ; -0.00979495 ; 0.0124038 ; 0.0056531 ; 101.971;
27 ; 15 ; 14 ; -0.0262375 ; 0.0111408 ; -0.00283944 ; 102.211;
28 ; 15 ; 14 ; -0.0213737 ; -0.00411153 ; 0.00914005 ; 101.995;
29 ; 15 ; 14 ; -0.0147019 ; 0.0051985 ; 0.00112775 ; 102.121;
30 ; 15 ; 14 ; -0.0205932 ; -0.00755008 ; 0.00163138 ; 102.093;
31 ; 15 ; 14 ; -0.0219064 ; -0.00134721 ; 0.00812709 ; 102.207;
32 ; 15 ; 14 ; -0.0161766 ; -0.00768076 ; 0.0117741 ; 101.572;
33 ; 15 ; 14 ; -0.00584294 ; -0.011583 ; 0.00858424 ; 102.054;
4 ; 16 ; 14 ; -0.0034056 ; 0.00752336 ; 0.0010063 ; 101.829;
5 ; 16 ; 14 ; 0.0119333 ; -0.000562119 ; 0.00462002 ; 101.674;
6 ; 16 ; 14 ; 0.0242131 ; 0.00250934 ; 0.0102493 ; 102.239;
7 ; 16 ; 14 ; 0.0217403 ; -0.00307929 ; 0.011925 ; 102.073;
8 ; 16 ; 14 ; 0.0267982 ; 0.0130014 ; 0.0036546 ; 101.824;
9 ; 16 ; 14 ; 0.0168842 ; -0.00667395 ; 0.00388519 ; 101.909;
10 ; 16 ; 14 ; 0.0205733 ; -0.00420431 ; 0.0057876 ; 102.005;
11 ; 16 ; 14 ; 0.0161228 ; -0.00502126 ; -0.00588706 ; 101.984;
12 ; 16 ; 14 ; 0.0307087 ; -0.00170297 ; 0.00353209 ; 101.766;
13 ; 16 ; 14 ; 0.00150437 ; 0.00265459 ; 0.0094339 ; 101.468;
14 ; 16 ; 14 ; 0.010226 ; 0.00936916 ; 0.0154802 ; 101.383;
15 ; 16 ; 14 ; 0.0155988 ; 0.00610542 ; 0.0120821 ; 101.306;
16 ; 16 ; 14 ; 0.011624 ; 0.00140503 ; 0.00474104 ; 101.992;
17 ; 16 ; 14 ; -0.00186159 ; 0.0142497 ; 0.0208668 ; 102.027;
18 ; 16 ; 14 ; -0.00693176 ; 0.0132192 ; 0.00178787 ; 101.595;
19 ; 16 ; 14 ; -0.0141448 ; 0.00637021 ; 0.00754862 ; 101.685;
20 ; 16 ; 14 ; -0.00724026 ; -0.000869473 ; -7.40772e-05 ; 101.201;
21 ; 16 ; 14 ; -0.00582995 ; -0.00174034 ; 0.00709932 ; 101.332;
22 ; 16 ; 14 ; -0.011988 ; 0.00183278 ; 0.00674935 ; 101.896;
23 ; 16 ; 14 ; -0.0079995 ; 0.0045392 ; 0.000913567 ; 101.452;
24 ; 16 ; 14 ; -0.025555 ; -4.75468e-05 ; 0.00238828 ; 101.675;
25 ; 16 ; 14 ; -0.0254093 ; 0.00534331 ; 0.0131966 ; 101.913;
26 ; 16 ; 14 ; -0.0178374 ; -0.0129839 ; 0.0046138 ; 102.047;
27 ; 16 ; 14 ; -0.0233554 ; 0.00569858 ; 0.00205454 ; 102.196;
28 ; 16 ; 14 ; -0.0233275 ; -0.00365623 ; 0.0138669 ; 102.38;
29 ; 16 ; 14 ; -0.0224207 ; -0.00499456 ; 0.0163004 ; 102.2;
30 ; 16 ; 14 ; -0.0362179 ; -0.00393559 ; 0.0100335 ; 102.296;
31 ; 16 ; 14 ; -0.0193875 ; -0.0123242 ; 0.0131877 ; 102.017;
32 ; 16 ; 14 ; -0.0227754 ; -0.00123887 ; 0.00337406 ; 102.068;
33 ; 16 ; 14 ; -0.0109785 ; 0.00118996 ; 0.00414913 ; 102.108;
4 ; 17 ; 14 ; 0.00647738 ; 0.0020272 ; 0.0118211 ; 101.855;
5 ; 17 ; 14 ; 0.0109229 ; -0.00164746 ; 0.00985931 ; 102.239;
6 ; 17 ; 14 ; 0.021647 ; -0.00199353 ; -0.000536993 ; 101.93;
7 ; 17 ; 14 ; 0.0318668 ; -0.00588121 ; 0.00703016 ; 102.311;
8 ; 17 ; 14 ; 0.025721 ; 0.00395294 ; 0.00079746 ; 102.551;
9 ; 17 ; 14 ; 0.0238645 ; 0.00244367 ; 0.00467475 ; 102.381;
10 ; 17 ; 14 ; 0.0340298 ; 0.0139754 ; 0.0101757 ; 102.22;
11 ; 17 ; 14 ; 0.0129033 ; 0.00722301 ; 0.00442369 ; 101.997;
12 ; 17 ; 14 ; 0.0169131 ; 0.00318363 ; 0.00936836 ; 101.43;
13 ; 17 ; 14 ; 0.00446133 ; -0.0118644 ; -0.00126021 ; 101.755;
14 ; 17 ; 14 ; 0.00191931 ; 0.0134704 ; 0.000791707 ; 102.183;
15 ; 17 ; 14 ; 0.0245534 ; 0.00388026 ; 0.012279 ; 101.326;
16 ; 17 ; 14 ; -0.000896117 ; -0.00673793 ; 0.0137564 ; 101.918;
17 ; 17 ; 14 ; 0.0025564 ; 0.0122122 ; 0.0196928 ; 101.958;
18 ; 17 ; 14 ; -0.00175835 ; 0.0103762 ; 0.0102605 ; 101.292;
19 ; 17 ; 14 ; -0.00999037 ; -0.00926867 ; 0.00493644 ; 101.865;
20 ; 17 ; 14 ; 0.00316472 ; 0.0009758 ; 0.0040116 ; 102.248;
21 ; 17 ; 14 ; -0.00295907 ; 0.00338635 ; 0.00868268 ; 101.525;
22 ; 17 ; 14 ; -0.0034406 ; 0.00523554 ; 0.0153373 ; 101.863;
23 ; 17 ; 14 ; -0.0112628 ; 0.00667193 ; 0.00935573 ; 101.876;
24 ; 17 ; 14 ; -0.0145963 ; -0.00531414 ; 0.0153753 ; 101.825;
25 ; 17 ; 14 ; -0.0164042 ; 0.0128629 ; 0.0186251 ; 101.529;
26 ; 17 ; 14 ; -0.0230061 ; 0.0104235 ; 0.0043205 ; 102.27;
27 ; 17 ; 14 ; -0.0164775 ; -0.00116531 ; 0.0106894 ; 102.482;
28 ; 17 ; 14 ; -0.0270466 ; -0.0126756 ; -0.00216767 ; 102.189;
29 ; 17 ; 14 ; -0.0249449 ; -0.00738915 ; -0.00622316 ; 102.332;
30 ; 17 ; 14 ; -0.0121588 ; -0.00114579 ; -0.0168342 ; 102.26;
31 ; 17 ; 14 ; -0.00953872 ; -0.00433982 ; 0.00604777 ; 101.719;
32 ; 17 ; 14 ; -0.00830707 ; 0.00541016 ; 0.00818287 ; 101.909;
33 ; 17 ; 14 ; -0.0118148 ; 0.00317192 ; 0.0127907 ; 101.472;
4 ; 18 ; 14 ; 0.00879125 ; 0.0127635 ; 0.00102725 ; 102.341;
5 ; 18 ; 14 ; 0.0166633 ; -0.00249294 ; -6.56923e-05 ; 102.316;
6 ; 18 ; 14 ; 0.0322651 ; 0.0074548 ; -0.00358484 ; 102.362;
7 ; 18 ; 14 ; 0.0363334 ; -0.0131741 ; 0.0173704 ; 102.03;
8 ; 18 ; 14 ; 0.0114913 ; -0.0121911 ; -0.00165295 ; 102.52;
9 ; 18 ; 14 ; 0.0214237 ; -0.00622087 ; 0.00392267 ; 102.021;
10 ; 18 ; 14 ; 0.0283358 ; 0.00306242 ; 0.0178085 ; 101.883;
11 ; 18 ; 14 ; 0.0177851 ; -0.00253463 ; 0.0123125 ; 101.637;
12 ; 18 ; 14 ; 0.0134214 ; -0.00500956 ; 0.00544904 ; 101.751;
13 ; 18 ; 14 ; 0.016208 ; -0.0160467 ; 0.00975156 ; 101.626;
14 ; 18 ; 14 ; 0.0164956 ; 0.00760852 ; 0.0176583 ; 101.409;
15 ; 18 ; 14 ; 0.00831308 ; -0.000305005 ; -0.00294653 ; 101.425;
16 ; 18 ; 14 ; 0.013539 ; 0.00798153 ; 0.0178449 ; 101.192;
17 ; 18 ; 14 ; -0.0177991 ; -0.00334787 ; 0.000966042 ; 101.795;
18 ; 18 ; 14 ; -0.000438204 ; -0.00120963 ; 0.0165855 ; 101.661;
19 ; 18 ; 14 ; -0.0162503 ; -0.0164328 ; 0.0111389 ; 102.032;
20 ; 18 ; 14 ; -0.00407921 ; 0.00151352 ; 0.0188997 ; 101.88;
21 ; 18 ; 14 ; -0.00858614 ; -0.00295214 ; 0.00322388 ; 101.507;
22 ; 18 ; 14 ; -0.00834143 ; 0.00482685 ; 0.00668453 ; 101.136;
23 ; 18 ; 14 ; 0.0060873 ; -0.00367291 ; 0.0175213 ; 101.641;
24 ; 18 ; 14 ; -0.0105661 ; -0.0011347 ; 0.00258022 ; 102.048;
25 ; 18 ; 14 ; -0.016256 ; 0.00938843 ; 0.0222216 ; 101.688;
26 ; 18 ; 14 ; -0.0285895 ; 0.00221818 ; 0.00158065 ; 102.052;
27 ; 18 ; 14 ; -0.0282579 ; -0.00511481 ; 0.0141862 ; 101.785;
28 ; 18 ; 14 ; -0.0264954 ; -0.0120369 ; 0.00348926 ; 102.006;
29 ; 18 ; 14 ; -0.0196849 ; 0.00460925 ; -0.00152318 ; 102.312;
30 ; 18 ; 14 ; -0.034577 ; -0.00433324 ; -0.00138769 ; 102.281;
31 ; 18 ; 14 ; -0.0178207 ; -0.00142697 ; 0.0189794 ; 101.997;
32 ; 18 ; 14 ; -0.0243265 ; -0.00730455 ; 0.0161983 ; 102.327;
33 ; 18 ; 14 ; -0.00485482 ; -0.0132886 ; 0.0100947 ; 101.9;
4 ; 19 ; 14 ; 0.00271795 ; 0.00553349 ; 0.0169749 ; 102.105;
5 ; 19 ; 14 ; 0.0172546 ; 0.00497779 ; 0.00213844 ; 101.466;
6 ; 19 ; 14 ; 0.0340799 ; -0.0116147 ; -0.0028878 ; 101.957;
7 ; 19 ; 14 ; 0.0289986 ; -0.00837565 ; 0.00435828 ; 102.304;
8 ; 19 ; 14 ; 0.0336205 ; -0.0170396 ; 0.012448 ; 101.735;
9 ; 19 ; 14 ; 0.0261166 ; -0.000436875 ; 0.0171696 ; 102.078;
10 ; 19 ; 14 ; 0.0274471 ; 0.00576643 ; 0.0125229 ; 102.156;
11 ; 19 ; 14 ; 0.00701445 ; 0.000263172 ; 0.0196654 ; 101.879;
12 ; 19 ; 14 ; 0.0147845 ; -0.00569555 ; -0.00272817 ; 101.841;
13 ; 19 ; 14 ; 0.0135379 ; -0.00371057 ; 0.00489143 ; 101.455;
14 ; 19 ; 14 ; 0.00972355 ; -0.0012455 ; 0.00966333 ; 101.675;
15 ; 19 ; 14 ; 0.00357495 ; 0.00631039 ; -0.0114273 ; 101.525;
16 ; 19 ; 14 ; -0.00505411 ; 4.52353e-05 ; 0.0110228 ; 101.41;
17 ; 19 ; 14 ; 0.00952352 ; -9.86102e-06 ; 0.0100554 ; 101.862;
18 ; 19 ; 14 ; 0.00330058 ; 0.00308482 ; 0.00730616 ; 101.948;
19 ; 19 ; 14 ; 0.00744037 ; -0.00694112 ; 0.0206821 ; 101.827;
20 ; 19 ; 14 ; 0.000685681 ; 0.00212531 ; -0.00335884 ; 101.743;
21 ; 19 ; 14 ; 0.00151492 ; 0.00991912 ; -0.00350779 ; 101.926;
22 ; 19 ; 14 ; -0.00145418 ; 0.00759955 ; 0.000751884 ; 101.605;
23 ; 19 ; 14 ; -0.00254364 ; 0.00505084 ; 0.0116801 ; 101.889;
24 ; 19 ; 14 ; -0.0275916 ; 0.0101492 ; 0.00143737 ; 101.867;
25 ; 19 ; 14 ; -0.03066 ; 0.00105624 ; 0.0023571 ; 101.905;
26 ; 19 ; 14 ; -0.0227942 ; -0.000280067 ; 0.00110692 ; 102.163;
27 ; 19 ; 14 ; -0.00562174 ; 0.00378294 ; 0.00849502 ; 102.021;
28 ; 19 ; 14 ; -0.0224117 ; -0.00588702 ; -0.00547277 ; 102.276;
29 ; 19 ; 14 ; -0.0216502 ; -0.000289571 ; 0.00248394 ; 102.219;
30 ; 19 ; 14 ; -0.0240898 ; -0.0140549 ; 0.0059354 ; 102.108;
31 ; 19 ; 14 ; -0.0181337 ; 0.012037 ; 0.00701357 ; 101.637;
32 ; 19 ; 14 ; -0.00775585 ; -0.0123692 ; 0.014128 ; 101.879;
33 ; 19 ; 14 ; -0.00196142 ; -0.0100488 ; -0.00749624 ; 102.386;
4 ; 20 ; 14 ; -0.00190694 ; 0.0103536 ; 0.00374913 ; 101.801;
5 ; 20 ; 14 ; 0.00614843 ; 0.000580299 ; 0.0158171 ; 102.147;
6 ; 20 ; 14 ; 0.0155099 ; 0.00180691 ; 0.00304759 ; 102.635;
7 ; 20 ; 14 ; 0.0338369 ; 0.000565309 ; 0.00619744 ; 101.397;
8 ; 20 ; 14 ; 0.0236255 ; -0.00560474 ; 0.0185313 ; 102.197;
9 ; 20 ; 14 ; 0.0355246 ; 0.0063971 ; 0.0168594 ; 101.965;
10 ; 20 ; 14 ; 0.0197803 ; 0.000228688 ; -0.0151865 ; 102.145;
11 ; 20 ; 14 ; 0.0170604 ; -0.0120723 ; 0.00972721 ; 101.731;
12 ; 20 ; 14 ; 0.00666623 ; -0.00100097 ; 0.000355463 ; 101.815;
13 ; 20 ; 14 ; 0.0107634 ; 8.49368e-06 ; 0.00735548 ; 101.513;
14 ; 20 ; 14 ; 0.010673 ; 0.00784729 ; 0.0100408 ; 101.899;
15 ; 20 ; 14 ; 0.00347185 ; 0.00344495 ; -0.00807825 ; 101.861;
16 ; 20 ; 14 ; 0.00215779 ; 0.0079445 ; 0.0161432 ; 101.6;
17 ; 20 ; 14 ; -0.00180066 ; -0.018544 ; 0.00397815 ; 101.314;
18 ; 20 ; 14 ; -0.0046188 ; -0.00161691 ; 0.00911646 ; 101.637;
19 ; 20 ; 14 ; -0.00808682 ; -0.00210582 ; 0.00417684 ; 102.022;
20 ; 20 ; 14 ; 0.00485084 ; 0.00252532 ; 0.0150791 ; 101.685;
21 ; 20 ; 14 ; -0.00859542 ; 0.00833753 ; 0.0167629 ; 101.579;
22 ; 20 ; 14 ; 0.00165454 ; 0.0012634 ; 0.00867132 ; 101.558;
23 ; 20 ; 14 ; 0.0112554 ; 0.00190029 ; 0.00172031 ; 101.8;
24 ; 20 ; 14 ; -0.00726344 ; -0.000827436 ; -0.0064119 ; 101.583;
25 ; 20 ; 14 ; -0.0115452 ; 0.00351589 ; 0.00577535 ; 101.82;
26 ; 20 ; 14 ; -0.0166577 ; 0.00166964 ; 0.0129086 ; 101.771;
27 ; 20 ; 14 ; -0.0300688 ; -0.00720154 ; 0.00932144 ; 102.102;
28 ; 20 ; 14 ; -0.0344545 ; 0.00662739 ; 0.0101984 ; 102.028;
29 ; 20 ; 14 ; -0.017358 ; 0.0102345 ; -0.00292774 ; 102.553;
30 ; 20 ; 14 ; -0.0248743 ; 0.00232193 ; 0.00565783 ; 102.058;
31 ; 20 ; 14 ; -0.00960482 ; -0.00884862 ; 0.000606261 ; 102.313;
32 ; 20 ; 14 ; -0.0192585 ; -6.78538e-05 ; 0.00712025 ; 102.441;
33 ; 20 ; 14 ; 0.0124519 ; 0.00941572 ; -0.00136069 ; 101.553;
4 ; 21 ; 14 ; 0.0133356 ; -0.000216035 ; -0.00840829 ; 102.38;
5 ; 21 ; 14 ; 0.0172361 ; -0.00247251 ; -0.00484141 ; 101.903;
6 ; 21 ; 14 ; 0.0229061 ; -0.00552658 ; 0.0102218 ; 102.215;
7 ; 21 ; 14 ; 0.0253673 ; -0.000337782 ; 0.0121721 ; 102.357;
8 ; 21 ; 14 ; 0.0336267 ; 0.00236979 ; 0.00696575 ; 102.235;
9 ; 21 ; 14 ; 0.022608 ; -0.005395 ; 0.00409733 ; 102.439;
10 ; 21 ; 14 ; 0.0183865 ; -0.00257431 ; 0.00372317 ; 102.31;
11 ; 21 ; 14 ; 0.0161477 ; -0.000277908 ; 0.000974727 ; 101.98;
12 ; 21 ; 14 ; 0.019334 ; 0.00150826 ; 0.0113274 ; 102.258;
13 ; 21 ; 14 ; 0.0155044 ; 0.0063825 ; 0.00552786 ; 101.61;
14 ; 21 ; 14 ; 0.0173622 ; -0.0103501 ; 0.00682734 ; 102.14;
15 ; 21 ; 14 ; 0.000365542 ; 0.00364005 ; 0.0094652 ; 102.487;
16 ; 21 ; 14 ; 0.00449804 ; -7.90631e-05 ; 0.00241343 ; 101.633;
17 ; 21 ; 14 ; 0.0147173 ; -0.0170336 ; 0.00846975 ; 101.663;
18 ; 21 ; 14 ; -0.0140814 ; -0.00665937 ; 0.00189172 ; 101.706;
19 ; 21 ; 14 ; -0.00757163 ; 0.00862085 ; 0.00445274 ; 101.971;
20 ; 21 ; 14 ; -0.00692575 ; -0.00680336 ; 0.020282 ; 101.691;
21 ; 21 ; 14 ; 0.0102854 ; -0.00239236 ; 0.0161722 ; 101.499;
22 ; 21 ; 14 ; -0.00674181 ; -0.00468859 ; 0.00462184 ; 102.221;
23 ; 21 ; 14 ; -0.00229539 ; -0.00575016 ; 0.0131509 ; 101.846;
24 ; 21 ; 14 ; -0.0198541 ; -0.00568348 ; 0.0017915 ; 101.716;
25 ; 21 ; 14 ; -0.00652681 ; 0.00436437 ; 0.00616769 ; 101.933;
26 ; 21 ; 14 ; -0.00279989 ; 0.00856188 ; 0.00795928 ; 102.295;
27 ; 21 ; 14 ; -0.028472 ; 0.00440645 ; -0.0096174 ; 101.775;
28 ; 21 ; 14 ; -0.0168775 ; -0.00279526 ; 0.0157148 ; 102.303;
29 ; 21 ; 14 ; -0.0191612 ; -0.0121632 ; -0.00134713 ; 102.259;
30 ; 21 ; 14 ; -0.0163044 ; 0.00364849 ; 0.00130206 ; 102.419;
31 ; 21 ; 14 ; -0.0232245 ; -0.00389208 ; -0.00716457 ; 102.169;
32 ; 21 ; 14 ; -0.00475845 ; -0.0122105 ; 0.00200903 ; 102.075;
33 ; 21 ; 14 ; -0.00589007 ; 0.0105343 ; 0.00104932 ; 101.989;
4 ; 22 ; 14 ; 0.00780746 ; 0.0039193 ; 0.00218087 ; 101.723;
5 ; 22 ; 14 ; 0.0261716 ; 0.0089702 ; -0.00219631 ; 102.133;
6 ; 22 ; 14 ; 0.0247129 ; 0.0115059 ; 0.0110105 ; 102.192;
7 ; 22 ; 14 ; 0.00644189 ; -0.00713087 ; 0.0223335 ; 101.848;
8 ; 22 ; 14 ; 0.0233504 ; 0.0131787 ; 0.0162688 ; 101.886;
9 ; 22 ; 14 ; 0.0328779 ; -0.00371402 ; 0.00162935 ; 101.831;
10 ; 22 ; 14 ; 0.0114981 ; -0.00208124 ; 0.00532205 ; 102.059;
11 ; 22 ; 14 ; 0.0179674 ; -0.00408802 ; -0.000489486 ; 101.869;
12 ; 22 ; 14 ; 0.0161821 ; 0.00260006 ; 0.00350996 ; 102.268;
13 ; 22 ; 14 ; 0.0108696 ; 0.00801538 ; 0.00744963 ; 101.899;
14 ; 22 ; 14 ; 0.00993866 ; -0.0101809 ; 0.00237663 ; 101.952;
15 ; 22 ; 14 ; 0.00857415 ; -0.000692545 ; -0.000837212 ; 101.867;
16 ; 22 ; 14 ; -0.00239316 ; -0.00378242 ; -0.00357987 ; 101.564;
17 ; 22 ; 14 ; 0.00444541 ; -0.0107866 ; 0.0107641 ; 101.76;
18 ; 22 ; 14 ; -0.00101656 ; 0.00398763 ; 0.0176319 ; 101.979;
19 ; 22 ; 14 ; 0.000140019 ; -0.00047427 ; -0.00251749 ; 101.676;
20 ; 22 ; 14 ; 0.00668115 ; 0.00215225 ; 0.012227 ; 101.28;
21 ; 22 ; 14 ; -0.0114969 ; -0.010086 ; 0.00038399 ; 101.658;
22 ; 22 ; 14 ; -0.0165943 ; -0.00545161 ; 0.0291626 ; 101.819;
23 ; 22 ; 14 ; -4.97419e-05 ; 0.00633753 ; 0.00240235 ; 102.206;
24 ; 22 ; 14 ; -0.00552495 ; -0.00988817 ; 0.00963745 ; 101.905;
25 ; 22 ; 14 ; -0.00664764 ; -0.00409402 ; 0.0092229 ; 101.811;
26 ; 22 ; 14 ; -0.0285418 ; -0.0114929 ; 0.000422845 ; 102.249;
27 ; 22 ; 14 ; -0.0279547 ; -0.00571551 ; 0.000338481 ; 101.983;
28 ; 22 ; 14 ; -0.0166467 ; -0.00791306 ; 0.0058066 ; 102.442;
29 ; 22 ; 14 ; -0.022499 ; -0.0019288 ; 0.00756096 ; 102.585;
30 ; 22 ; 14 ; -0.03493 ; -0.0173208 ; 0.00880228 ; 102.124;
31 ; 22 ; 14 ; -0.0334403 ; -0.0142731 ; 0.00621247 ; 101.863;
32 ; 22 ; 14 ; -0.00817733 ; -0.00170832 ; -0.011754 ; 102.021;
33 ; 22 ; 14 ; 0.00361648 ; 0.00327722 ; 0.00224136 ; 102.023;
4 ; 23 ; 14 ; 0.00114895 ; -0.00227162 ; -0.00765244 ; 102.322;
5 ; 23 ; 14 ; 0.0173476 ; 0.00346786 ; -0.000147275 ; 102.314;
6 ; 23 ; 14 ; 0.0135121 ; 0.00599651 ; 0.00904982 ; 102.011;
7 ; 23 ; 14 ; 0.0217911 ; 0.0135841 ; 0.00675752 ; 102.211;
8 ; 23 ; 14 ; 0.0224587 ; -0.000375658 ; 0.0193351 ; 102.421;
9 ; 23 ; 14 ; 0.0257462 ; -0.00518085 ; 0.00884182 ; 102.095;
10 ; 23 ; 14 ; 0.021014 ; -0.00510775 ; 0.0100684 ; 102.363;
11 ; 23 ; 14 ; 0.00539026 ; 0.00709591 ; 0.00126261 ; 102.369;
12 ; 23 ; 14 ; 0.021163 ; 0.00624442 ; 0.0119847 ; 102.203;
13 ; 23 ; 14 ; 0.00979034 ; -0.00665879 ; 0.0138238 ; 101.906;
14 ; 23 ; 14 ; -0.0103585 ; 0.00187008 ; 0.0107501 ; 101.605;
15 ; 23 ; 14 ; 0.000866082 ; -0.0154931 ; -0.00439502 ; 101.823;
16 ; 23 ; 14 ; 0.00584231 ; -0.0123982 ; 0.00657458 ; 101.527;
17 ; 23 ; 14 ; 0.0103325 ; -0.00568493 ; 0.00904494 ; 101.945;
18 ; 23 ; 14 ; 0.00174993 ; -0.0156386 ; -0.00298299 ; 101.946;
19 ; 23 ; 14 ; 0.00691896 ; -0.0104229 ; 0.00593124 ; 101.916;
20 ; 23 ; 14 ; 0.00312715 ; -0.00999139 ; 0.00857084 ; 101.905;
21 ; 23 ; 14 ; -0.000666671 ; -0.00825239 ; 0.00752815 ; 102.146;
22 ; 23 ; 14 ; -0.00060692 ; 0.00202606 ; -0.00799055 ; 102.029;
23 ; 23 ; 14 ; -0.01249 ; -0.00789169 ; 0.00513617 ; 101.764;
24 ; 23 ; 14 ; -0.00581189 ; -0.0112062 ; 0.00922678 ; 102.028;
25 ; 23 ; 14 ; -0.00871979 ; -0.00271106 ; 0.0139387 ; 102.192;
26 ; 23 ; 14 ; -0.0179334 ; -0.00229985 ; -0.00151094 ; 102.021;
27 ; 23 ; 14 ; -0.0273689 ; -0.0173754 ; 0.00305512 ; 102.47;
28 ; 23 ; 14 ; -0.0303813 ; -0.00472569 ; 0.00738321 ; 102.454;
29 ; 23 ; 14 ; -0.029841 ; -0.00223398 ; 0.00158749 ; 102.415;
30 ; 23 ; 14 ; -0.0256107 ; -0.0178339 ; 0.00782867 ; 101.943;
31 ; 23 ; 14 ; -0.0134009 ; -0.00957722 ; -0.00667132 ; 101.986;
32 ; 23 ; 14 ; 0.00075848 ; 0.00283351 ; -0.00372751 ; 102.167;
33 ; 23 ; 14 ; -0.000163129 ; -0.00585697 ; 0.00283565 ; 101.97;
4 ; 24 ; 14 ; 0.0187715 ; 0.00160474 ; 0.00569198 ; 102.368;
5 ; 24 ; 14 ; 0.0239712 ; -0.00177786 ; -0.00297404 ; 102.221;
6 ; 24 ; 14 ; 0.0202429 ; -0.00481947 ; 0.00216619 ; 102.273;
7 ; 24 ; 14 ; 0.0217157 ; -0.0165054 ; 0.00676935 ; 102.4;
8 ; 24 ; 14 ; 0.0198858 ; -0.0133756 ; -0.00026432 ; 102.131;
9 ; 24 ; 14 ; 0.016229 ; 0.00390794 ; 0.00465021 ; 101.916;
10 ; 24 ; 14 ; 0.0214865 ; -0.00471457 ; 0.00290482 ; 102.49;
11 ; 24 ; 14 ; 0.0309786 ; -0.00245129 ; 0.00524709 ; 101.735;
12 ; 24 ; 14 ; 0.0103461 ; -0.0118296 ; 0.00246475 ; 101.971;
13 ; 24 ; 14 ; 0.0158913 ; -0.0180336 ; 0.00393166 ; 102.216;
14 ; 24 ; 14 ; 0.0124113 ; -0.0166611 ; 0.0138322 ; 102.065;
15 ; 24 ; 14 ; 0.00645249 ; -0.0027171 ; 0.0127593 ; 102.063;
16 ; 24 ; 14 ; -0.00055763 ; -0.0046227 ; 0.000164639 ; 102.022;
17 ; 24 ; 14 ; 0.00602079 ; -0.0115401 ; 0.00697526 ; 101.735;
18 ; 24 ; 14 ; -0.000941439 ; -0.0170597 ; 0.00946854 ; 101.988;
19 ; 24 ; 14 ; 0.00263953 ; -0.00188004 ; -0.00942462 ; 101.884;
20 ; 24 ; 14 ; -0.00483557 ; -0.00381794 ; 0.0221754 ; 101.395;
21 ; 24 ; 14 ; 0.00508299 ; -0.0152426 ; 0.012343 ; 101.851;
22 ; 24 ; 14 ; -0.00101001 ; -0.0127642 ; 0.00611842 ; 101.83;
23 ; 24 ; 14 ; -0.00887247 ; 0.000738518 ; 0.00131604 ; 102.165;
24 ; 24 ; 14 ; -0.0298582 ; -0.00705567 ; 3.00803e-05 ; 101.766;
25 ; 24 ; 14 ; -0.00995045 ; -0.0200178 ; 0.00598131 ; 101.896;
26 ; 24 ; 14 ; -0.0212792 ; -0.00477238 ; 0.00568337 ; 102.191;
27 ; 24 ; 14 ; -0.0220714 ; -0.0129766 ; 0.0044907 ; 101.721;
28 ; 24 ; 14 ; -0.0136731 ; 0.000172441 ; 0.00636273 ; 102.593;
29 ; 24 ; 14 ; -0.0252406 ; -0.00927338 ; 0.00644707 ; 102.319;
30 ; 24 ; 14 ; -0.0246507 ; -0.0159388 ; 0.0141318 ; 102.581;
31 ; 24 ; 14 ; -0.0103399 ; -0.0103795 ; 0.00975736 ; 102.51;
32 ; 24 ; 14 ; -0.0100474 ; -0.00827965 ; -0.00354261 ; 102.394;
33 ; 24 ; 14 ; 0.00102094 ; -0.00813609 ; 0.00230186 ; 101.817;
4 ; 25 ; 14 ; 0.0130892 ; -0.0108904 ; -0.00378896 ; 102.614;
5 ; 25 ; 14 ; 0.0126089 ; 0.00292566 ; 0.00187822 ; 102.634;
6 ; 25 ; 14 ; 0.0328913 ; -0.0175899 ; 0.0117242 ; 102.151;
7 ; 25 ; 14 ; 0.0146102 ; -0.0167963 ; 0.00313941 ; 102.2;
8 ; 25 ; 14 ; 0.0212052 ; -0.0125097 ; 0.00252297 ; 102.596;
9 ; 25 ; 14 ; 0.0179359 ; -0.0214238 ; 0.00420646 ; 101.955;
10 ; 25 ; 14 ; 0.00980476 ; -0.0116984 ; -0.000131407 ; 102.245;
11 ; 25 ; 14 ; 0.0176397 ; -0.011891 ; 0.0019934 ; 102.401;
12 ; 25 ; 14 ; 0.0200178 ; -0.0164053 ; -0.00543363 ; 101.639;
13 ; 25 ; 14 ; 0.00428469 ; -0.0213922 ; 0.0108383 ; 101.774;
14 ; 25 ; 14 ; 0.00822833 ; -0.0156945 ; 0.0119127 ; 102.305;
15 ; 25 ; 14 ; 0.00614612 ; -0.018665 ; -0.00304087 ; 101.869;
16 ; 25 ; 14 ; 0.00559852 ; -0.012071 ; 0.000703022 ; 101.534;
17 ; 25 ; 14 ; -0.00998925 ; -0.0300191 ; 0.021958 ; 101.352;
18 ; 25 ; 14 ; -0.00390934 ; -0.0208599 ; 0.0168728 ; 102.112;
19 ; 25 ; 14 ; -0.000198672 ; -0.0136406 ; 0.00655965 ; 101.385;
20 ; 25 ; 14 ; 0.00273647 ; -0.0146874 ; 0.0121584 ; 101.416;
21 ; 25 ; 14 ; -0.00878421 ; -0.0232745 ; -0.00871916 ; 102.267;
22 ; 25 ; 14 ; -0.000750193 ; -0.00591192 ; 0.00418849 ; 101.75;
23 ; 25 ; 14 ; -0.00823913 ; -0.0120736 ; 0.00493507 ; 102.244;
24 ; 25 ; 14 ; -0.0217838 ; -0.0185187 ; 0.00278416 ; 102.234;
25 ; 25 ; 14 ; -0.0262625 ; -0.0252036 ; 0.0145721 ; 101.795;
26 ; 25 ; 14 ; -0.0224082 ; -0.00757457 ; -0.00201872 ; 102.504;
27 ; 25 ; 14 ; -0.0237354 ; -0.0218958 ; 0.00661462 ; 102.296;
28 ; 25 ; 14 ; -0.0286054 ; -0.00776448 ; 0.000948745 ; 102.471;
29 ; 25 ; 14 ; -0.0244712 ; -0.000762686 ; 0.00216906 ; 102.325;
30 ; 25 ; 14 ; -0.0105476 ; -0.00492736 ; 0.00877739 ; 102.483;
31 ; 25 ; 14 ; -0.00755836 ; -0.00502096 ; 0.00561483 ; 102.519;
32 ; 25 ; 14 ; -0.00896815 ; -0.00864969 ; -0.0164945 ; 102.527;
33 ; 25 ; 14 ; -0.0186265 ; -0.0145207 ; -0.00198165 ; 102.431;
4 ; 26 ; 14 ; -0.00108092 ; -0.0115932 ; -0.00230975 ; 102.605;
5 ; 26 ; 14 ; 0.000344718 ; -0.000473329 ; 0.00097789 ; 102.184;
6 ; 26 ; 14 ; 0.0233302 ; -0.0205583 ; 0.0166312 ; 102.555;
7 ; 26 ; 14 ; 0.0155131 ; -0.0105042 ; 0.0167296 ; 102.4;
8 ; 26 ; 14 ; 0.0170212 ; -0.0126264 ; 0.00329492 ; 102.519;
9 ; 26 ; 14 ; 0.0215855 ; -0.0211703 ; 0.00144668 ; 102.267;
10 ; 26 ; 14 ; 0.0252713 ; -0.0107024 ; -0.0118383 ; 102.103;
11 ; 26 ; 14 ; 0.0284176 ; -0.0172427 ; 0.0106981 ; 102.534;
12 ; 26 ; 14 ; 0.0141059 ; -0.0218167 ; -0.0140115 ; 102.606;
13 ; 26 ; 14 ; 0.00191912 ; -0.0152509 ; 0.0100628 ; 101.714;
14 ; 26 ; 14 ; -0.00233469 ; -0.021564 ; 0.015839 ; 102.308;
15 ; 26 ; 14 ; 0.001145 ; -0.0269697 ; -1.84731e-06 ; 102.009;
16 ; 26 ; 14 ; -0.00490466 ; -0.015387 ; 0.0119591 ; 102.172;
17 ; 26 ; 14 ; -0.00318214 ; -0.0220723 ; 0.00234061 ; 101.825;
18 ; 26 ; 14 ; 0.00163326 ; -0.0237275 ; 0.0118015 ; 102.219;
19 ; 26 ; 14 ; 0.00853047 ; -0.0270814 ; 0.00872794 ; 102.464;
20 ; 26 ; 14 ; -0.00453249 ; -0.0181538 ; 0.00737923 ; 101.783;
21 ; 26 ; 14 ; -0.00506289 ; -0.0192874 ; 0.006724 ; 101.893;
22 ; 26 ; 14 ; -0.00885988 ; -0.0319449 ; 0.0135805 ; 102.397;
23 ; 26 ; 14 ; -0.0183406 ; -0.0270412 ; 0.0161843 ; 102.13;
24 ; 26 ; 14 ; -0.00866366 ; -0.0205805 ; 0.00273865 ; 102.37;
25 ; 26 ; 14 ; -0.00466223 ; -0.0234068 ; 0.0100864 ; 102.451;
26 ; 26 ; 14 ; -0.0246787 ; -0.0132667 ; 0.0064182 ; 102.419;
27 ; 26 ; 14 ; -0.0239873 ; -0.0233566 ; 0.00845136 ; 101.799;
28 ; 26 ; 14 ; -0.0231214 ; -0.0233503 ; 0.012455 ; 102.65;
29 ; 26 ; 14 ; -0.0274179 ; -0.0223518 ; 0.0205378 ; 102.152;
30 ; 26 ; 14 ; -0.0172851 ; -0.0216906 ; -0.0041504 ; 102.511;
31 ; 26 ; 14 ; -0.0100445 ; -0.016878 ; 0.00676963 ; 102.256;
32 ; 26 ; 14 ; -0.00390554 ; -0.012228 ; 0.0195753 ; 102.38;
33 ; 26 ; 14 ; 0.000793643 ; -0.00748234 ; 0.00543635 ; 102.162;
4 ; 27 ; 14 ; -0.00668278 ; -0.0132986 ; -0.00754033 ; 102.415;
5 ; 27 ; 14 ; 0.00833328 ; -0.024257 ; -0.0141104 ; 102.424;
6 ; 27 ; 14 ; 0.0127622 ; -0.0155687 ; 0.0114165 ; 102.258;
7 ; 27 ; 14 ; 0.0151083 ; -0.0224131 ; -0.0191791 ; 102.756;
8 ; 27 ; 14 ; 0.0182167 ; -0.0243832 ; -0.000137027 ; 102.762;
9 ; 27 ; 14 ; 0.0149944 ; -0.0310257 ; 0.00334699 ; 102.038;
10 ; 27 ; 14 ; 0.0389822 ; -0.0147166 ; 0.00908828 ; 102.254;
11 ; 27 ; 14 ; 0.0201102 ; -0.0170112 ; 0.00592057 ; 102.347;
12 ; 27 ; 14 ; 0.0123259 ; -0.0300055 ; -0.00454168 ; 102.265;
13 ; 27 ; 14 ; 0.0119544 ; -0.0239018 ; 0.0204261 ; 101.865;
14 ; 27 ; 14 ; 0.00296322 ; -0.0202911 ; 0.00978541 ; 102.349;
15 ; 27 ; 14 ; -0.0139449 ; -0.0315387 ; 0.00761974 ; 101.952;
16 ; 27 ; 14 ; 0.00395564 ; -0.0190712 ; 0.00192333 ; 102.036;
17 ; 27 ; 14 ; 0.00216761 ; -0.0193403 ; 0.00751191 ; 102.3;
18 ; 27 ; 14 ; 0.000791948 ; -0.0284719 ; 0.0104638 ; 102.171;
19 ; 27 ; 14 ; -0.00171044 ; -0.00134887 ; -0.00281266 ; 102.037;
20 ; 27 ; 14 ; 0.00246981 ; -0.0179908 ; 0.00195674 ; 102.063;
21 ; 27 ; 14 ; 0.00209855 ; -0.0162305 ; 0.0218333 ; 102.081;
22 ; 27 ; 14 ; -0.008149 ; -0.0250147 ; 0.00556328 ; 101.764;
23 ; 27 ; 14 ; -0.00330143 ; -0.0163332 ; 0.00929188 ; 102.29;
24 ; 27 ; 14 ; 0.000663732 ; -0.0262274 ; 0.0018464 ; 102.23;
25 ; 27 ; 14 ; -0.0174022 ; -0.0280596 ; 0.00577082 ; 102.449;
26 ; 27 ; 14 ; -0.00211728 ; -0.02236 ; 0.00480868 ; 102.745;
27 ; 27 ; 14 ; -0.0282899 ; -0.022508 ; 0.00112011 ; 102.347;
28 ; 27 ; 14 ; -0.0173768 ; -0.0270193 ; -0.00230913 ; 102.772;
29 ; 27 ; 14 ; -0.0186352 ; -0.013199 ; 0.0101829 ; 102.518;
30 ; 27 ; 14 ; -0.0105535 ; -0.0119054 ; 0.0043101 ; 102.462;
31 ; 27 ; 14 ; -0.0111555 ; -0.00717297 ; -0.00598602 ; 102.226;
32 ; 27 ; 14 ; -0.0093547 ; -0.0166089 ; -0.0104234 ; 101.709;
33 ; 27 ; 14 ; -0.000426444 ; -0.00440534 ; -0.000926207 ; 102.071;
4 ; 28 ; 14 ; 0.00336069 ; -0.00525576 ; -0.00285565 ; 101.963;
5 ; 28 ; 14 ; 0.0110804 ; -0.0147159 ; -0.00820917 ; 102.867;
6 ; 28 ; 14 ; 0.0122954 ; -0.0128102 ; -0.00201812 ; 102.619;
7 ; 28 ; 14 ; 0.0227246 ; -0.0117636 ; -0.00278888 ; 102.887;
8 ; 28 ; 14 ; 0.0149933 ; -0.0206078 ; 0.000928805 ; 102.735;
9 ; 28 ; 14 ; 0.0187983 ; -0.0385928 ; 0.00281401 ; 102.509;
10 ; 28 ; 14 ; 0.0164512 ; -0.0134311 ; 0.0111718 ; 102.717;
11 ; 28 ; 14 ; 0.0194729 ; -0.0193081 ; 0.0173413 ; 102.139;
12 ; 28 ; 14 ; 0.0192758 ; -0.0152281 ; 0.0142073 ; 102.415;
13 ; 28 ; 14 ; 0.013178 ; -0.031818 ; 0.00338425 ; 102.403;
14 ; 28 ; 14 ; 0.0111321 ; -0.015293 ; 0.0104502 ; 102.138;
15 ; 28 ; 14 ; -0.00325646 ; -0.0280775 ; 0.011016 ; 102.43;
16 ; 28 ; 14 ; -0.00638776 ; -0.0398268 ; 0.0106401 ; 102.384;
17 ; 28 ; 14 ; 0.0145734 ; -0.0298382 ; 0.00521273 ; 101.932;
18 ; 28 ; 14 ; 0.00147837 ; -0.0222451 ; 0.0118114 ; 101.813;
19 ; 28 ; 14 ; 0.00140091 ; -0.0208358 ; 0.00470092 ; 101.928;
20 ; 28 ; 14 ; 0.00216046 ; -0.0268927 ; -0.0129692 ; 102.13;
21 ; 28 ; 14 ; -0.00392031 ; -0.029366 ; 0.0152633 ; 101.95;
22 ; 28 ; 14 ; -0.00293651 ; -0.025284 ; -0.00324182 ; 102.188;
23 ; 28 ; 14 ; -0.00159255 ; -0.0311347 ; 0.021496 ; 102.351;
24 ; 28 ; 14 ; -0.00356301 ; -0.0319681 ; -0.00129826 ; 102.347;
25 ; 28 ; 14 ; -0.0114436 ; -0.0321515 ; 0.00269497 ; 102.242;
26 ; 28 ; 14 ; -0.0092922 ; -0.0168237 ; -0.00449627 ; 102.482;
27 ; 28 ; 14 ; -0.0115169 ; -0.0179018 ; 0.0119527 ; 102.425;
28 ; 28 ; 14 ; -0.0189389 ; -0.0289074 ; -0.00228564 ; 102.899;
29 ; 28 ; 14 ; -0.0164678 ; -0.00723666 ; 0.00121543 ; 102.414;
30 ; 28 ; 14 ; -0.0156812 ; -0.0288044 ; 0.0116613 ; 102.77;
31 ; 28 ; 14 ; 0.00499107 ; -0.0218902 ; 0.00492441 ; 102.432;
32 ; 28 ; 14 ; -0.027392 ; -0.0205261 ; 0.00347616 ; 102.27;
33 ; 28 ; 14 ; -0.01115 ; -0.00601899 ; 0.0012673 ; 102.204;
4 ; 29 ; 14 ; 0.00111843 ; -0.0263764 ; 0.0105734 ; 102.809;
5 ; 29 ; 14 ; 0.00479754 ; -0.0172307 ; 0.0030679 ; 102.635;
6 ; 29 ; 14 ; 0.0196152 ; -0.0209382 ; -0.00924516 ; 102.371;
7 ; 29 ; 14 ; 0.00735006 ; -0.0326612 ; 0.00137138 ; 102.38;
8 ; 29 ; 14 ; 0.0246212 ; -0.0225165 ; 0.00888271 ; 102.864;
9 ; 29 ; 14 ; 0.0274124 ; -0.0197907 ; 0.00185034 ; 102.579;
10 ; 29 ; 14 ; 0.021418 ; -0.00871621 ; -0.00491194 ; 102.492;
11 ; 29 ; 14 ; -0.00412621 ; -0.0289347 ; 0.00937481 ; 102.975;
12 ; 29 ; 14 ; 0.00656429 ; -0.0223241 ; 0.00373786 ; 102.495;
13 ; 29 ; 14 ; 0.00294534 ; -0.0301017 ; 0.00971325 ; 102.319;
14 ; 29 ; 14 ; 0.00647427 ; -0.0177892 ; 0.00276871 ; 102.436;
15 ; 29 ; 14 ; 0.00219728 ; -0.0236354 ; 0.00937949 ; 102.53;
16 ; 29 ; 14 ; 0.00580807 ; -0.0327088 ; 0.0156477 ; 102.275;
17 ; 29 ; 14 ; 0.0204292 ; -0.0247095 ; 0.0158399 ; 102.049;
18 ; 29 ; 14 ; 0.0109261 ; -0.0199688 ; 0.0182669 ; 102.12;
19 ; 29 ; 14 ; 0.00357763 ; -0.0298633 ; 0.0176847 ; 101.734;
20 ; 29 ; 14 ; 0.00424526 ; -0.02097 ; -0.00161761 ; 102.256;
21 ; 29 ; 14 ; -0.00611064 ; -0.0293441 ; -0.00198353 ; 101.994;
22 ; 29 ; 14 ; 0.00515109 ; -0.0232354 ; 0.000774885 ; 102.009;
23 ; 29 ; 14 ; -0.00624833 ; -0.00850565 ; 0.00612165 ; 102.168;
24 ; 29 ; 14 ; -0.00937375 ; -0.0325143 ; -0.00801844 ; 102.418;
25 ; 29 ; 14 ; -0.0136003 ; -0.0264656 ; 0.00626316 ; 102.239;
26 ; 29 ; 14 ; -0.0257434 ; -0.0190842 ; 0.00251997 ; 103.122;
27 ; 29 ; 14 ; -0.00491106 ; -0.0277605 ; -0.00172267 ; 102.708;
28 ; 29 ; 14 ; -0.0284365 ; -0.0211597 ; 0.0115009 ; 102.805;
29 ; 29 ; 14 ; -0.0283274 ; -0.0176063 ; 0.00459712 ; 102.818;
30 ; 29 ; 14 ; -0.0157647 ; -0.0246704 ; 0.00212421 ; 102.934;
31 ; 29 ; 14 ; -0.0223089 ; -0.0145795 ; 0.00209727 ; 102.244;
32 ; 29 ; 14 ; -0.00107106 ; -0.00502457 ; -0.0099189 ; 102.225;
33 ; 29 ; 14 ; 0.00243356 ; -0.01765 ; -0.00654323 ; 102.51;
4 ; 30 ; 14 ; 0.00970321 ; -0.025702 ; -0.00220124 ; 102.931;
5 ; 30 ; 14 ; 0.00812183 ; -0.0306442 ; 0.00553462 ; 102.859;
6 ; 30 ; 14 ; 0.00726855 ; -0.017028 ; -0.000528423 ; 102.232;
7 ; 30 ; 14 ; 0.0230303 ; -0.0255694 ; -0.00350145 ; 102.66;
8 ; 30 ; 14 ; 0.0216937 ; -0.0153621 ; -0.00663274 ; 102.556;
9 ; 30 ; 14 ; 0.00420163 ; -0.0143129 ; 0.0113412 ; 102.817;
10 ; 30 ; 14 ; 0.0131767 ; -0.00487631 ; 0.00819662 ; 102.43;
11 ; 30 ; 14 ; 0.0205377 ; -0.0227871 ; -0.00566591 ; 102.092;
12 ; 30 ; 14 ; 0.00580943 ; -0.028706 ; 0.00777793 ; 102.182;
13 ; 30 ; 14 ; 0.00547696 ; -0.0282127 ; 0.00375906 ; 102.668;
14 ; 30 ; 14 ; 0.0116339 ; -0.0242284 ; 0.0134222 ; 102.191;
15 ; 30 ; 14 ; 0.00876409 ; -0.0129252 ; 0.0137065 ; 102.189;
16 ; 30 ; 14 ; -0.00999407 ; -0.012258 ; 0.0108003 ; 101.976;
17 ; 30 ; 14 ; 0.00636978 ; -0.0199885 ; 0.0090184 ; 102.075;
18 ; 30 ; 14 ; -0.00155007 ; -0.0151868 ; -0.00830673 ; 101.589;
19 ; 30 ; 14 ; -0.00138188 ; -0.0192837 ; 0.0287421 ; 102.086;
20 ; 30 ; 14 ; 0.0124288 ; -0.0161368 ; 0.00512783 ; 102.02;
21 ; 30 ; 14 ; 0.0104201 ; -0.0260445 ; 0.00585188 ; 101.838;
22 ; 30 ; 14 ; 0.00341791 ; -0.0168042 ; 0.00568096 ; 102.099;
23 ; 30 ; 14 ; 0.00821009 ; -0.0191309 ; 0.00994821 ; 101.855;
24 ; 30 ; 14 ; -0.0139679 ; -0.0172798 ; 0.00909092 ; 102.297;
25 ; 30 ; 14 ; -0.0115029 ; -0.024081 ; 0.0161446 ; 102.212;
26 ; 30 ; 14 ; -0.0231794 ; -0.0139198 ; -0.00472413 ; 101.95;
27 ; 30 ; 14 ; -0.0085799 ; -0.0157012 ; 0.00532414 ; 102.845;
28 ; 30 ; 14 ; -0.0236135 ; -0.0200273 ; 0.0148225 ; 102.603;
29 ; 30 ; 14 ; -0.0199682 ; -0.00585693 ; 0.0143773 ; 102.396;
30 ; 30 ; 14 ; -0.00464395 ; -0.0160461 ; -0.00014003 ; 102.378;
31 ; 30 ; 14 ; -0.00906125 ; -0.0119774 ; -0.0011019 ; 102.827;
32 ; 30 ; 14 ; -0.00526728 ; -0.00460302 ; 0.000375808 ; 103.012;
33 ; 30 ; 14 ; -0.00867657 ; 0.00323589 ; -0.0106404 ; 102.238;
4 ; 31 ; 14 ; 0.00664952 ; -0.01136 ; -0.000393319 ; 102.815;
5 ; 31 ; 14 ; 0.00636553 ; -0.0137811 ; -0.00369532 ; 102.66;
6 ; 31 ; 14 ; 0.0203151 ; -0.0317975 ; -0.00390149 ; 102.649;
7 ; 31 ; 14 ; 0.0205245 ; -0.00455767 ; -0.00695824 ; 102.545;
8 ; 31 ; 14 ; 0.0116963 ; -0.0039839 ; -0.00382758 ; 102.158;
9 ; 31 ; 14 ; 0.000822526 ; -0.00971768 ; -0.0116874 ; 102.353;
10 ; 31 ; 14 ; 0.0113589 ; -0.0239752 ; -0.00431632 ; 102.6;
11 ; 31 ; 14 ; 0.014244 ; -0.0121518 ; 0.00332621 ; 102.852;
12 ; 31 ; 14 ; 0.0143212 ; -0.0216403 ; 0.0131093 ; 102.221;
13 ; 31 ; 14 ; 0.00359693 ; -0.0216971 ; 0.0103575 ; 101.94;
14 ; 31 ; 14 ; -0.0152313 ; -0.000513812 ; -0.000590294 ; 101.873;
15 ; 31 ; 14 ; 0.00304858 ; -0.00259839 ; 0.000610337 ; 102.315;
16 ; 31 ; 14 ; 0.00816087 ; -0.0156663 ; -0.00762448 ; 101.902;
17 ; 31 ; 14 ; -0.00423269 ; -0.0308082 ; -0.00117247 ; 102.635;
18 ; 31 ; 14 ; 0.020541 ; -0.0133491 ; 0.00762097 ; 102.453;
19 ; 31 ; 14 ; 0.00681901 ; -0.00427992 ; 0.0119936 ; 102.211;
20 ; 31 ; 14 ; 0.0100081 ; -0.0079656 ; 0.00844333 ; 102.315;
21 ; 31 ; 14 ; -0.00162615 ; -0.00992811 ; -0.000805607 ; 102.073;
22 ; 31 ; 14 ; -0.0116094 ; -0.0312544 ; 0.00822304 ; 102.406;
23 ; 31 ; 14 ; -0.0123868 ; -0.0226047 ; 0.00761402 ; 102.275;
24 ; 31 ; 14 ; -0.0129788 ; -0.0149829 ; 0.00337906 ; 102.295;
25 ; 31 ; 14 ; -0.00140682 ; -0.0305516 ; 0.00886431 ; 102.161;
26 ; 31 ; 14 ; -0.0164645 ; -0.0254998 ; 0.00591161 ; 102.521;
27 ; 31 ; 14 ; -0.0146513 ; -0.0161744 ; 0.00934375 ; 102.664;
28 ; 31 ; 14 ; -0.0125778 ; -0.0131781 ; 0.0011613 ; 102.573;
29 ; 31 ; 14 ; -0.0231772 ; -0.0135731 ; 0.00710153 ; 102.545;
30 ; 31 ; 14 ; -0.0186777 ; -0.00819959 ; -0.00301807 ; 102.573;
31 ; 31 ; 14 ; -0.0176724 ; -0.0176009 ; -0.000732511 ; 102.403;
32 ; 31 ; 14 ; -0.0294374 ; -0.0169255 ; -0.00172891 ; 102.855;
33 ; 31 ; 14 ; -0.000921256 ; -0.0222936 ; -0.00593415 ; 103.08;
4 ; 32 ; 14 ; -0.000331365 ; -0.00938144 ; -0.00911823 ; 102.55;
5 ; 32 ; 14 ; 0.00833462 ; -0.00172881 ; -0.00292069 ; 102.856;
6 ; 32 ; 14 ; 0.0279324 ; -0.0136915 ; -0.00156296 ; 102.558;
7 ; 32 ; 14 ; 0.013974 ; -0.0166263 ; 0.00400704 ; 102.501;
8 ; 32 ; 14 ; 0.0248695 ; -0.00280946 ; -0.00484088 ; 102.621;
9 ; 32 ; 14 ; 0.0232068 ; -0.00806489 ; -0.0176587 ; 102.948;
10 ; 32 ; 14 ; 0.000650546 ; -0.00456253 ; -0.00633002 ; 102.598;
11 ; 32 ; 14 ; 0.0115674 ; -0.0150478 ; 0.000387615 ; 102.25;
12 ; 32 ; 14 ; 0.0120882 ; -0.00847997 ; -0.00123832 ; 102.283;
13 ; 32 ; 14 ; 0.0181536 ; -0.014246 ; -0.00535214 ; 102.163;
14 ; 32 ; 14 ; -0.00148524 ; -0.00739243 ; 0.00882923 ; 102.252;
15 ; 32 ; 14 ; -0.0101267 ; -0.0178504 ; 0.0114117 ; 101.888;
16 ; 32 ; 14 ; 0.00359703 ; -0.0185408 ; 0.0108136 ; 102.118;
17 ; 32 ; 14 ; -0.00296563 ; -0.0153787 ; 0.017676 ; 102.066;
18 ; 32 ; 14 ; -0.00936632 ; -0.00134764 ; 0.00936937 ; 102.14;
19 ; 32 ; 14 ; -0.0157109 ; -0.0293995 ; -0.00113483 ; 102.2;
20 ; 32 ; 14 ; -0.00800011 ; -0.0171533 ; 0.00341471 ; 102.028;
21 ; 32 ; 14 ; 0.00487804 ; -0.0127434 ; 0.012177 ; 102.133;
22 ; 32 ; 14 ; 0.00201657 ; -0.0175264 ; 0.00863351 ; 102.486;
23 ; 32 ; 14 ; -0.00722568 ; -0.00938004 ; -0.00223693 ; 102.047;
24 ; 32 ; 14 ; -0.0119527 ; -0.0100591 ; 0.00084563 ; 102.119;
25 ; 32 ; 14 ; -0.00976943 ; -0.0235714 ; -0.00972972 ; 102.164;
26 ; 32 ; 14 ; -0.0184833 ; -0.0135466 ; -0.0072957 ; 102.405;
27 ; 32 ; 14 ; -0.0218584 ; -0.0138394 ; 0.00186997 ; 102.536;
28 ; 32 ; 14 ; -0.0172753 ; -0.0143182 ; 0.00853296 ; 102.277;
29 ; 32 ; 14 ; -0.0166407 ; -0.0190376 ; -0.00218726 ; 102.627;
30 ; 32 ; 14 ; -0.00457445 ; -0.00622215 ; 0.00463047 ; 102.472;
31 ; 32 ; 14 ; -0.0167551 ; -0.00893521 ; -0.000431681 ; 102.507;
32 ; 32 ; 14 ; -0.016882 ; -0.0121281 ; -0.00828883 ; 102.872;
33 ; 32 ; 14 ; -0.0104699 ; -0.0121928 ; -0.000235217 ; 102.491;
4 ; 33 ; 14 ; 0.00453556 ; -0.00527099 ; -0.0162814 ; 102.64;
5 ; 33 ; 14 ; 0.0163706 ; -0.00600938 ; -0.000965514 ; 102.156;
6 ; 33 ; 14 ; 0.0185563 ; -0.00932677 ; -0.00685262 ; 102.583;
7 ; 33 ; 14 ; 0.00331616 ; -0.0100737 ; -0.0093669 ; 102.609;
8 ; 33 ; 14 ; 0.0276915 ; -0.00622638 ; 0.00135628 ; 102.478;
9 ; 33 ; 14 ; 0.0166832 ; -0.0012155 ; -0.0139719 ; 102.466;
10 ; 33 ; 14 ; 0.0168035 ; -0.00312881 ; -0.00063086 ; 102.472;
11 ; 33 ; 14 ; 0.00188537 ; -0.00491783 ; -8.14368e-05 ; 102.577;
12 ; 33 ; 14 ; -0.00434753 ; -0.00842625 ; -0.000747438 ; 102.107;
13 ; 33 ; 14 ; -0.00148057 ; 0.00538032 ; 0.0168382 ; 102.583;
14 ; 33 ; 14 ; -0.00636037 ; 0.00942501 ; 0.0011149 ; 102.579;
15 ; 33 ; 14 ; -0.0025068 ; 0.00285384 ; -0.00106689 ; 101.845;
16 ; 33 ; 14 ; -0.00340499 ; -0.0101112 ; 0.0108713 ; 102.077;
17 ; 33 ; 14 ; 0.00174692 ; -0.0131346 ; 0.0111016 ; 102.307;
18 ; 33 ; 14 ; 0.0100188 ; -0.00807211 ; -0.000375664 ; 102.215;
19 ; 33 ; 14 ; 0.0121488 ; -0.00255041 ; -0.00130442 ; 101.611;
20 ; 33 ; 14 ; 0.00500039 ; -0.00700204 ; 0.0214546 ; 101.937;
21 ; 33 ; 14 ; 0.00429645 ; -0.0100859 ; -0.0120024 ; 102.205;
22 ; 33 ; 14 ; -0.00794848 ; -0.00166964 ; 0.010386 ; 102.158;
23 ; 33 ; 14 ; -0.00246917 ; -0.00624078 ; 0.00724134 ; 102.749;
24 ; 33 ; 14 ; 0.000151206 ; -0.0012665 ; 0.00952634 ; 102.488;
25 ; 33 ; 14 ; -0.005473 ; -0.0120346 ; 0.00478053 ; 102.113;
26 ; 33 ; 14 ; -0.012443 ; -0.012496 ; 0.0127579 ; 102.585;
27 ; 33 ; 14 ; -0.0217649 ; -0.00843509 ; -0.000374393 ; 102.849;
28 ; 33 ; 14 ; -0.0210325 ; 0.00855869 ; 0.00598804 ; 102.39;
29 ; 33 ; 14 ; -0.0189123 ; 0.00029639 ; 0.00239474 ; 103.035;
30 ; 33 ; 14 ; -0.0139673 ; -0.0182238 ; -0.00139126 ; 102.983;
31 ; 33 ; 14 ; -0.0136766 ; -0.0056505 ; -0.00877309 ; 102.526;
32 ; 33 ; 14 ; -0.00965073 ; -0.00704324 ; 0.00679073 ; 102.39;
33 ; 33 ; 14 ; -0.00026554 ; -0.013178 ; -0.00473856 ; 102.912;
4 ; 4 ; 15 ; 0.00613081 ; 0.0028584 ; 0.00734945 ; 102.585;
5 ; 4 ; 15 ; 0.00589815 ; -0.00397345 ; -0.016861 ; 102.359;
6 ; 4 ; 15 ; 0.0183785 ; -0.000194617 ; 0.00724499 ; 102.71;
7 ; 4 ; 15 ; 0.0147998 ; -0.00222471 ; -0.0165468 ; 102.315;
8 ; 4 ; 15 ; 0.0204931 ; 0.0110572 ; -0.00768751 ; 102.588;
9 ; 4 ; 15 ; 0.0219636 ; 0.00228789 ; -0.0189447 ; 102.687;
10 ; 4 ; 15 ; 0.0153815 ; 0.00666936 ; -0.0061361 ; 102.241;
11 ; 4 ; 15 ; 0.00476135 ; 0.00150347 ; -0.015831 ; 102.617;
12 ; 4 ; 15 ; 0.0273387 ; 0.0076665 ; 0.0103592 ; 101.891;
13 ; 4 ; 15 ; 0.0127595 ; 0.00301052 ; 0.00764011 ; 102.144;
14 ; 4 ; 15 ; 0.00176194 ; 0.0150654 ; -0.0089993 ; 101.845;
15 ; 4 ; 15 ; 0.00433652 ; 0.00318109 ; 0.00446194 ; 102.438;
16 ; 4 ; 15 ; -0.00695461 ; -0.00271794 ; -0.00648839 ; 102.083;
17 ; 4 ; 15 ; -0.00979823 ; 0.0150303 ; -0.00082633 ; 102.142;
18 ; 4 ; 15 ; -0.00225871 ; 0.00533559 ; -0.000744442 ; 102.485;
19 ; 4 ; 15 ; -0.00440471 ; -0.000662494 ; -0.00216718 ; 101.772;
20 ; 4 ; 15 ; 0.00998128 ; 0.00216575 ; -0.00618912 ; 102.441;
21 ; 4 ; 15 ; 0.0114274 ; -0.000423082 ; -0.0111831 ; 101.92;
22 ; 4 ; 15 ; 0.00963113 ; 0.00057076 ; 0.00886065 ; 102.481;
23 ; 4 ; 15 ; 0.00457929 ; 0.00292262 ; 0.00651869 ; 102.2;
24 ; 4 ; 15 ; 0.00112866 ; 0.00356561 ; -0.0153961 ; 101.816;
25 ; 4 ; 15 ; -0.00021636 ; 0.00445477 ; -0.0104894 ; 101.981;
26 ; 4 ; 15 ; -0.00609278 ; 0.00651132 ; -0.00281932 ; 102.322;
27 ; 4 ; 15 ; -0.00287965 ; -0.00156766 ; -0.00392892 ; 102.232;
28 ; 4 ; 15 ; -0.00789362 ; -0.000833228 ; 0.00352363 ; 102.511;
29 ; 4 ; 15 ; -0.0227295 ; 0.00187436 ; -0.00349917 ; 102.359;
30 ; 4 ; 15 ; -0.0166048 ; 0.000866871 ; -0.00932675 ; 102.998;
31 ; 4 ; 15 ; -0.0176479 ; -0.00315281 ; 0.00438918 ; 102.606;
32 ; 4 ; 15 ; -0.00165029 ; 0.00815732 ; 0.0130404 ; 102.622;
33 ; 4 ; 15 ; -0.0103237 ; 0.00645759 ; 0.0063951 ; 102.713;
4 ; 5 ; 15 ; 0.0152769 ; 0.00208234 ; -0.00526 ; 102.598;
5 ; 5 ; 15 ; 0.00828074 ; -0.00381678 ; -0.0146739 ; 102.493;
6 ; 5 ; 15 ; 0.00259522 ; 0.0219952 ; -0.00627149 ; 102.075;
7 ; 5 ; 15 ; 0.0267746 ; 0.00676509 ; 0.0110506 ; 102.435;
8 ; 5 ; 15 ; 0.017303 ; 0.00452312 ; -0.00386552 ; 102.582;
9 ; 5 ; 15 ; 0.00835472 ; 0.00116143 ; 0.000616846 ; 102.112;
10 ; 5 ; 15 ; 0.0277667 ; 0.01661 ; -0.00797294 ; 102.349;
11 ; 5 ; 15 ; 0.0137105 ; 0.00157716 ; -0.000169396 ; 102.36;
12 ; 5 ; 15 ; 0.016373 ; 0.0192913 ; -0.00486116 ; 101.867;
13 ; 5 ; 15 ; 0.00115699 ; 0.00951194 ; -0.00749693 ; 102.139;
14 ; 5 ; 15 ; 0.00628246 ; 0.0186445 ; -0.00818498 ; 101.954;
15 ; 5 ; 15 ; 0.0172968 ; 0.0100563 ; -0.012997 ; 102.438;
16 ; 5 ; 15 ; 0.00504473 ; 0.00301115 ; 0.0051505 ; 101.866;
17 ; 5 ; 15 ; -0.0109815 ; 0.00824865 ; -0.00700962 ; 102.08;
18 ; 5 ; 15 ; 0.00630571 ; 0.00781703 ; -0.0041908 ; 102.281;
19 ; 5 ; 15 ; 0.00134095 ; 0.0222097 ; 0.00300088 ; 101.633;
20 ; 5 ; 15 ; 0.00506547 ; 0.0188295 ; 0.000184854 ; 102.046;
21 ; 5 ; 15 ; 0.00490381 ; 0.0131858 ; -0.0133875 ; 101.968;
22 ; 5 ; 15 ; 0.00560474 ; 0.0149337 ; -0.00793496 ; 102.068;
23 ; 5 ; 15 ; -0.00736104 ; 0.00132196 ; -0.0146292 ; 102.363;
24 ; 5 ; 15 ; -0.00494845 ; 0.00930261 ; -0.00482336 ; 102.065;
25 ; 5 ; 15 ; -0.0125423 ; 0.0177137 ; 0.00392818 ; 102.036;
26 ; 5 ; 15 ; -0.00616637 ; 0.00548429 ; 0.00697142 ; 102.813;
27 ; 5 ; 15 ; -0.0112049 ; 0.000379126 ; -0.00449487 ; 102.256;
28 ; 5 ; 15 ; -0.00734239 ; 0.0095089 ; 0.00144104 ; 102.619;
29 ; 5 ; 15 ; -0.0281756 ; -0.00379846 ; -0.0156728 ; 102.448;
30 ; 5 ; 15 ; -0.0256203 ; 0.00150145 ; -0.00073355 ; 102.227;
31 ; 5 ; 15 ; -0.0139775 ; 0.00725267 ; -0.00456087 ; 102.773;
32 ; 5 ; 15 ; 0.000937677 ; 0.00390283 ; 0.0122621 ; 102.629;
33 ; 5 ; 15 ; 0.0115389 ; 0.00987953 ; 0.00224157 ; 102.561;
4 ; 6 ; 15 ; -0.00219205 ; 0.0130532 ; 0.00584709 ; 102.951;
5 ; 6 ; 15 ; 0.0115311 ; 0.0165054 ; -0.0113603 ; 102.809;
6 ; 6 ; 15 ; 0.0128558 ; 0.0118676 ; 0.00590473 ; 102.259;
7 ; 6 ; 15 ; 0.00890131 ; 0.00618139 ; 0.0128485 ; 102.599;
8 ; 6 ; 15 ; 0.026172 ; 0.00145148 ; -0.00754726 ; 102.603;
9 ; 6 ; 15 ; 0.0175314 ; 0.0110408 ; 6.26315e-06 ; 102.785;
10 ; 6 ; 15 ; 0.0233177 ; 0.0200095 ; -0.00493298 ; 102.624;
11 ; 6 ; 15 ; 0.00512703 ; 0.00882111 ; 0.00447268 ; 102.744;
12 ; 6 ; 15 ; 0.0210073 ; 0.00824637 ; 0.000197106 ; 102.47;
13 ; 6 ; 15 ; 0.00897716 ; 0.0190727 ; -3.88647e-05 ; 102.368;
14 ; 6 ; 15 ; 0.0051585 ; 0.00410418 ; -0.00331766 ; 102.267;
15 ; 6 ; 15 ; 0.00196931 ; 0.022392 ; 0.00185658 ; 102.316;
16 ; 6 ; 15 ; -0.00580156 ; 0.0183715 ; 0.00867727 ; 102.276;
17 ; 6 ; 15 ; 0.000452895 ; 0.0191423 ; -0.00582652 ; 102.087;
18 ; 6 ; 15 ; 0.00130952 ; 0.0343827 ; 0.00118269 ; 102.079;
19 ; 6 ; 15 ; 0.0109174 ; 0.00652438 ; 0.0138116 ; 102.253;
20 ; 6 ; 15 ; -0.00142852 ; 0.010917 ; 0.00776126 ; 102.104;
21 ; 6 ; 15 ; -0.0218852 ; 0.0168448 ; 0.00321575 ; 102.181;
22 ; 6 ; 15 ; -0.00114859 ; 0.0151248 ; -0.00333101 ; 101.948;
23 ; 6 ; 15 ; -0.0113192 ; 0.0169353 ; -0.00602551 ; 102.252;
24 ; 6 ; 15 ; -0.0202174 ; 0.0181209 ; 0.00708752 ; 102.264;
25 ; 6 ; 15 ; -0.0184033 ; 0.0157015 ; 0.0133904 ; 102.863;
26 ; 6 ; 15 ; -0.0174956 ; 0.022602 ; -0.0116277 ; 102.811;
27 ; 6 ; 15 ; -0.0204303 ; 0.0110604 ; -0.0106384 ; 102.564;
28 ; 6 ; 15 ; -0.0322679 ; 0.0132588 ; -0.00452022 ; 102.292;
29 ; 6 ; 15 ; -0.0256227 ; 0.0156091 ; -0.00120712 ; 102.217;
30 ; 6 ; 15 ; -0.0264654 ; 0.0143623 ; 0.00124727 ; 102.531;
31 ; 6 ; 15 ; -0.0108109 ; 0.0146994 ; -0.00907353 ; 102.856;
32 ; 6 ; 15 ; 0.00520281 ; 0.0214723 ; -0.00841892 ; 102.65;
33 ; 6 ; 15 ; 0.00273764 ; 0.00897358 ; -0.000512857 ; 102.783;
4 ; 7 ; 15 ; 0.00905318 ; 0.0147196 ; -0.000813391 ; 102.753;
5 ; 7 ; 15 ; 0.00197658 ; 0.0220524 ; -0.0108539 ; 102.683;
6 ; 7 ; 15 ; 0.00862182 ; 0.00675361 ; -0.003836 ; 102.446;
7 ; 7 ; 15 ; 0.0108415 ; 0.0064511 ; -0.0116229 ; 102.603;
8 ; 7 ; 15 ; 0.0206374 ; 0.00856958 ; 0.00133099 ; 102.358;
9 ; 7 ; 15 ; 0.0171681 ; 0.00434668 ; -0.00264102 ; 102.82;
10 ; 7 ; 15 ; 0.0159767 ; 0.0202234 ; -0.00399048 ; 102.547;
11 ; 7 ; 15 ; 0.0151318 ; 0.0248172 ; -0.00229467 ; 102.479;
12 ; 7 ; 15 ; 0.017563 ; 0.0319642 ; 0.0113843 ; 102.561;
13 ; 7 ; 15 ; 0.00689557 ; 0.0347233 ; 0.00699587 ; 102.308;
14 ; 7 ; 15 ; -0.000695999 ; 0.018663 ; 0.0059601 ; 102.175;
15 ; 7 ; 15 ; 0.00422876 ; 0.0234259 ; 0.00393047 ; 102.188;
16 ; 7 ; 15 ; -0.00148797 ; 0.0195854 ; 0.000847657 ; 102.441;
17 ; 7 ; 15 ; -0.00107319 ; 0.0158075 ; 0.0117384 ; 101.54;
18 ; 7 ; 15 ; 0.00551726 ; 0.0262255 ; 0.00865912 ; 102.121;
19 ; 7 ; 15 ; 0.00489793 ; 0.0224378 ; 0.0107264 ; 102.023;
20 ; 7 ; 15 ; 0.000959457 ; 0.0236545 ; -0.0152232 ; 101.547;
21 ; 7 ; 15 ; -0.00215669 ; 0.036192 ; 0.00183226 ; 101.951;
22 ; 7 ; 15 ; -0.00382393 ; 0.0138679 ; -0.00602534 ; 101.745;
23 ; 7 ; 15 ; 0.00517692 ; 0.0238864 ; 0.00458141 ; 102.21;
24 ; 7 ; 15 ; 0.00145768 ; 0.0147203 ; -0.0102182 ; 102.369;
25 ; 7 ; 15 ; -0.0173938 ; 0.00528777 ; 0.00238976 ; 102.624;
26 ; 7 ; 15 ; -0.00338806 ; 0.0219335 ; 0.00263338 ; 101.953;
27 ; 7 ; 15 ; -0.0243597 ; 0.0159844 ; 0.0048153 ; 102.782;
28 ; 7 ; 15 ; -0.0143969 ; 0.00403166 ; 0.000865349 ; 102.895;
29 ; 7 ; 15 ; -0.0132083 ; 0.00808654 ; -0.00779973 ; 102.619;
30 ; 7 ; 15 ; -0.0222624 ; 0.00556658 ; -0.000203955 ; 102.961;
31 ; 7 ; 15 ; -0.0206405 ; 0.019666 ; -0.00729075 ; 102.545;
32 ; 7 ; 15 ; -0.011991 ; 0.0314581 ; -0.0121291 ; 102.754;
33 ; 7 ; 15 ; 0.00519232 ; 0.00587248 ; 0.00457768 ; 102.686;
4 ; 8 ; 15 ; 0.00837177 ; 0.0132498 ; 0.00385088 ; 102.631;
5 ; 8 ; 15 ; 0.0112167 ; 0.0240765 ; -0.00582511 ; 102.412;
6 ; 8 ; 15 ; 0.0139883 ; -0.00247324 ; -0.0107909 ; 102.405;
7 ; 8 ; 15 ; 0.0202953 ; 0.0297205 ; -0.00222094 ; 103;
8 ; 8 ; 15 ; 0.0192632 ; 0.014872 ; -0.00903151 ; 102.592;
9 ; 8 ; 15 ; 0.0216446 ; -4.51062e-05 ; 0.00530633 ; 102.911;
10 ; 8 ; 15 ; 0.0116654 ; 0.0187425 ; -0.000630469 ; 102.303;
11 ; 8 ; 15 ; 0.0282447 ; 0.0196257 ; 0.00305098 ; 102.137;
12 ; 8 ; 15 ; 0.0218807 ; 0.022859 ; -0.0102312 ; 102.402;
13 ; 8 ; 15 ; 0.0062561 ; 0.032678 ; -0.0130533 ; 102.506;
14 ; 8 ; 15 ; 0.00479231 ; 0.0174686 ; -0.00648469 ; 102.064;
15 ; 8 ; 15 ; 0.00591581 ; 0.0236894 ; 0.00521931 ; 102.333;
16 ; 8 ; 15 ; -0.004927 ; 0.0208195 ; 0.00543082 ; 102.18;
17 ; 8 ; 15 ; 0.0041873 ; 0.0268616 ; -0.0035798 ; 101.724;
18 ; 8 ; 15 ; 0.000456023 ; 0.0314212 ; -0.00637039 ; 101.736;
19 ; 8 ; 15 ; 0.00124658 ; 0.0369799 ; 0.00549681 ; 101.9;
20 ; 8 ; 15 ; 0.00194553 ; 0.0272669 ; -0.00396425 ; 101.955;
21 ; 8 ; 15 ; -0.00515307 ; 0.0275882 ; 0.0147651 ; 102.282;
22 ; 8 ; 15 ; 0.00416903 ; 0.0261076 ; -0.0237505 ; 102.502;
23 ; 8 ; 15 ; 0.0028606 ; 0.0199997 ; 0.00642279 ; 102.189;
24 ; 8 ; 15 ; -0.0169755 ; 0.0166546 ; 0.00512106 ; 102.274;
25 ; 8 ; 15 ; -0.0122716 ; 0.0128793 ; 0.00473982 ; 102.333;
26 ; 8 ; 15 ; -0.021627 ; 0.0218456 ; 0.00344209 ; 102.409;
27 ; 8 ; 15 ; -0.0266758 ; 0.0178581 ; -0.00353473 ; 102.766;
28 ; 8 ; 15 ; -0.0244035 ; 0.0121619 ; -0.0104668 ; 102.902;
29 ; 8 ; 15 ; -0.0354102 ; 0.0200306 ; 0.0002781 ; 102.452;
30 ; 8 ; 15 ; -0.0254429 ; 0.0188714 ; 0.00134364 ; 102.304;
31 ; 8 ; 15 ; -0.022155 ; 0.0241233 ; 0.00888174 ; 102.519;
32 ; 8 ; 15 ; -0.0124683 ; 0.0155843 ; 0.00263387 ; 102.815;
33 ; 8 ; 15 ; -0.00845306 ; 0.0187952 ; 0.000127152 ; 102.632;
4 ; 9 ; 15 ; -0.00176056 ; 0.0213553 ; -0.010077 ; 102.817;
5 ; 9 ; 15 ; 0.0184985 ; 0.00928717 ; 0.0135234 ; 102.538;
6 ; 9 ; 15 ; 0.0185 ; 0.0198052 ; 0.00868963 ; 102.064;
7 ; 9 ; 15 ; 0.0278201 ; 0.0297362 ; -0.00421387 ; 102.68;
8 ; 9 ; 15 ; 0.0228466 ; 0.0143252 ; 0.000325191 ; 102.434;
9 ; 9 ; 15 ; 0.0274774 ; 0.0188386 ; 0.00414933 ; 102.681;
10 ; 9 ; 15 ; 0.0178747 ; 0.0280762 ; -0.000515031 ; 102.401;
11 ; 9 ; 15 ; 0.00474977 ; 0.0304245 ; 0.00490794 ; 102.309;
12 ; 9 ; 15 ; 0.0154665 ; 0.0290169 ; -0.0117774 ; 102.766;
13 ; 9 ; 15 ; 0.0112033 ; 0.00872009 ; -0.00391744 ; 102.184;
14 ; 9 ; 15 ; 0.0115034 ; 0.0205943 ; -0.00949503 ; 102.156;
15 ; 9 ; 15 ; 0.00212752 ; 0.0377771 ; 0.00965776 ; 102.03;
16 ; 9 ; 15 ; 0.00230369 ; 0.0361732 ; -0.0129772 ; 102.204;
17 ; 9 ; 15 ; 0.0111489 ; 0.0276386 ; -0.0115706 ; 101.744;
18 ; 9 ; 15 ; 0.0073773 ; 0.0253472 ; 0.0126706 ; 102.269;
19 ; 9 ; 15 ; -0.0037399 ; 0.027584 ; -0.00277823 ; 101.773;
20 ; 9 ; 15 ; -0.00035259 ; 0.0212633 ; 0.00435373 ; 101.965;
21 ; 9 ; 15 ; -0.00839476 ; 0.0291986 ; -0.00186896 ; 102.311;
22 ; 9 ; 15 ; -0.00425818 ; 0.0393341 ; 0.00238931 ; 102.178;
23 ; 9 ; 15 ; -0.00159923 ; 0.0334627 ; 8.15121e-05 ; 102.354;
24 ; 9 ; 15 ; -0.011413 ; 0.034205 ; 0.00269424 ; 102.087;
25 ; 9 ; 15 ; -0.00979552 ; 0.0344134 ; 0.00357794 ; 102.58;
26 ; 9 ; 15 ; -0.00227922 ; 0.0247481 ; 0.00267356 ; 101.958;
27 ; 9 ; 15 ; -0.013403 ; 0.0195766 ; -0.00412307 ; 102.46;
28 ; 9 ; 15 ; -0.002838 ; 0.0105883 ; 0.00719319 ; 102.634;
29 ; 9 ; 15 ; -0.0211127 ; 0.0244228 ; -0.00400526 ; 102.481;
30 ; 9 ; 15 ; -0.028215 ; 0.0178947 ; -0.000469792 ; 102.349;
31 ; 9 ; 15 ; -0.0184272 ; 0.0189539 ; -0.00251825 ; 102.154;
32 ; 9 ; 15 ; -0.0225699 ; 0.0128063 ; 0.00175155 ; 102.025;
33 ; 9 ; 15 ; -0.0177967 ; 0.00754013 ; -0.000624226 ; 102.206;
4 ; 10 ; 15 ; 0.0149966 ; 0.0186536 ; 0.00176406 ; 101.883;
5 ; 10 ; 15 ; 0.00889499 ; 0.0128065 ; 0.00801841 ; 102.376;
6 ; 10 ; 15 ; 0.0113116 ; 0.0216154 ; -0.00813255 ; 102.667;
7 ; 10 ; 15 ; -4.02115e-05 ; 0.0153229 ; 0.00472196 ; 102.766;
8 ; 10 ; 15 ; 0.0222383 ; 0.0220772 ; -0.014493 ; 102.326;
9 ; 10 ; 15 ; 0.0176354 ; 0.0129789 ; -0.000982053 ; 102.594;
10 ; 10 ; 15 ; 0.0256049 ; 0.0142469 ; -0.0137583 ; 101.932;
11 ; 10 ; 15 ; 0.0150012 ; 0.0358052 ; -0.00949216 ; 102.647;
12 ; 10 ; 15 ; 0.0175979 ; 0.0300472 ; 0.0132366 ; 102.395;
13 ; 10 ; 15 ; 0.0178684 ; 0.0251496 ; 0.0026101 ; 102.464;
14 ; 10 ; 15 ; 0.000541469 ; 0.0174433 ; 0.00473927 ; 101.938;
15 ; 10 ; 15 ; 0.0108049 ; 0.0314824 ; -0.00102545 ; 102.487;
16 ; 10 ; 15 ; -0.00325127 ; 0.0305281 ; -0.00528973 ; 101.641;
17 ; 10 ; 15 ; -0.00657081 ; 0.0361313 ; -0.00596678 ; 102.279;
18 ; 10 ; 15 ; -0.00365332 ; 0.0271952 ; 0.00203465 ; 101.891;
19 ; 10 ; 15 ; 0.0100956 ; 0.0270623 ; -0.00546887 ; 102.606;
20 ; 10 ; 15 ; 0.011132 ; 0.0208821 ; -0.00431314 ; 101.573;
21 ; 10 ; 15 ; -0.00778273 ; 0.0271098 ; -0.00982063 ; 101.893;
22 ; 10 ; 15 ; 0.00629399 ; 0.0261343 ; -0.00445595 ; 101.867;
23 ; 10 ; 15 ; -0.0206552 ; 0.0238836 ; 0.00431723 ; 101.912;
24 ; 10 ; 15 ; -0.0139739 ; 0.0245274 ; -0.0145459 ; 101.916;
25 ; 10 ; 15 ; -0.00905078 ; 0.0231158 ; 0.00789957 ; 102.664;
26 ; 10 ; 15 ; -0.0102722 ; 0.0297987 ; 0.00456907 ; 102.753;
27 ; 10 ; 15 ; -0.017605 ; 0.0188583 ; 0.00665601 ; 101.885;
28 ; 10 ; 15 ; -0.0168941 ; 0.0090919 ; -0.0057057 ; 102.84;
29 ; 10 ; 15 ; -0.0268731 ; 0.0335191 ; 0.00608807 ; 102.586;
30 ; 10 ; 15 ; -0.0297478 ; 0.015383 ; 0.00124387 ; 102.296;
31 ; 10 ; 15 ; -0.0134954 ; 0.0299361 ; 0.00263015 ; 102.742;
32 ; 10 ; 15 ; -0.0141363 ; 0.0161601 ; 0.0103594 ; 102.411;
33 ; 10 ; 15 ; -0.0066987 ; 0.0149763 ; -0.0013314 ; 102.486;
4 ; 11 ; 15 ; 0.0108097 ; -0.00327447 ; -0.00665743 ; 102.465;
5 ; 11 ; 15 ; 0.00915754 ; 0.0205212 ; -0.00439969 ; 102.976;
6 ; 11 ; 15 ; 0.0116296 ; 0.0109733 ; -0.0150132 ; 101.996;
7 ; 11 ; 15 ; 0.0132222 ; 0.0248695 ; -0.00459913 ; 102.839;
8 ; 11 ; 15 ; 0.0107288 ; 0.0304181 ; -0.0100728 ; 102.351;
9 ; 11 ; 15 ; 0.0256731 ; 0.0175016 ; 0.00997443 ; 102.759;
10 ; 11 ; 15 ; 0.0235744 ; 0.0202252 ; 0.00434569 ; 102.253;
11 ; 11 ; 15 ; 0.0201886 ; 0.0135032 ; 0.00607684 ; 102.648;
12 ; 11 ; 15 ; 0.0177526 ; 0.0266887 ; -0.00199487 ; 102.397;
13 ; 11 ; 15 ; 0.00629431 ; 0.0180376 ; 0.00683034 ; 102.246;
14 ; 11 ; 15 ; -0.000934195 ; 0.01223 ; -2.53298e-05 ; 101.727;
15 ; 11 ; 15 ; 0.00579314 ; 0.0225579 ; 0.000258246 ; 102.312;
16 ; 11 ; 15 ; 0.00654745 ; 0.0194577 ; -0.00513661 ; 102.06;
17 ; 11 ; 15 ; 0.000199198 ; 0.0221407 ; 0.0158662 ; 102.276;
18 ; 11 ; 15 ; -0.00216901 ; 0.0109844 ; 0.00390266 ; 101.741;
19 ; 11 ; 15 ; 0.000444565 ; 0.0206322 ; 0.00871476 ; 101.694;
20 ; 11 ; 15 ; -0.00661629 ; 0.0156942 ; 0.0113553 ; 101.82;
21 ; 11 ; 15 ; 0.0100628 ; 0.0197329 ; 0.00654973 ; 102.293;
22 ; 11 ; 15 ; -0.00955941 ; 0.0308863 ; -0.00312159 ; 102.294;
23 ; 11 ; 15 ; -0.0091621 ; 0.019167 ; -0.00772415 ; 102.274;
24 ; 11 ; 15 ; -0.00358089 ; 0.0241629 ; -0.0088233 ; 101.924;
25 ; 11 ; 15 ; -0.0141824 ; 0.0158116 ; -0.00105073 ; 102.456;
26 ; 11 ; 15 ; -0.00718148 ; 0.0314346 ; -0.00654138 ; 101.944;
27 ; 11 ; 15 ; -0.0237136 ; 0.0227528 ; 0.00155018 ; 102.684;
28 ; 11 ; 15 ; -0.0113748 ; 0.0264958 ; 0.0155307 ; 102.035;
29 ; 11 ; 15 ; -0.0208858 ; 0.0089333 ; -0.00116526 ; 102.519;
30 ; 11 ; 15 ; -0.0208474 ; 0.0196391 ; 0.0105825 ; 102.168;
31 ; 11 ; 15 ; -0.0147748 ; 0.0330879 ; -0.0135981 ; 102.787;
32 ; 11 ; 15 ; -0.0111073 ; 0.022257 ; 0.000141306 ; 102.241;
33 ; 11 ; 15 ; -0.00560341 ; 0.0144098 ; -0.00995518 ; 102.485;
4 ; 12 ; 15 ; -0.00396237 ; 0.0084428 ; -0.00113483 ; 102.866;
5 ; 12 ; 15 ; 0.0241987 ; 0.0131096 ; 0.00397118 ; 102.561;
6 ; 12 ; 15 ; 0.0189823 ; 0.0124019 ; -0.00339104 ; 102.227;
7 ; 12 ; 15 ; 0.0152203 ; 0.0173837 ; -0.00983078 ; 102.362;
8 ; 12 ; 15 ; 0.0130908 ; 0.0218363 ; -0.00310988 ; 102.665;
9 ; 12 ; 15 ; 0.0201223 ; 0.0161419 ; 0.0088292 ; 102.047;
10 ; 12 ; 15 ; 0.0176567 ; 0.0178744 ; -0.00338821 ; 102.215;
11 ; 12 ; 15 ; 0.0292538 ; 0.0108432 ; 0.0145934 ; 102.196;
12 ; 12 ; 15 ; 0.0162704 ; 0.0322758 ; -0.000163941 ; 102.312;
13 ; 12 ; 15 ; 0.00473675 ; 0.0059242 ; 0.00141165 ; 102.691;
14 ; 12 ; 15 ; 0.0174974 ; 0.0122147 ; 0.0214544 ; 101.714;
15 ; 12 ; 15 ; 0.00902365 ; 0.00433418 ; 0.000951808 ; 101.758;
16 ; 12 ; 15 ; 0.00234795 ; 0.00869456 ; 0.00834519 ; 101.65;
17 ; 12 ; 15 ; 0.00340016 ; 0.0103971 ; 0.0040471 ; 101.768;
18 ; 12 ; 15 ; 0.00450091 ; -0.00182406 ; 0.00672179 ; 101.736;
19 ; 12 ; 15 ; -0.00608612 ; 0.0138312 ; 0.00178938 ; 101.682;
20 ; 12 ; 15 ; -0.00669557 ; 0.00310934 ; -0.00352658 ; 101.89;
21 ; 12 ; 15 ; -0.0208626 ; 0.00858136 ; 0.00607669 ; 102.013;
22 ; 12 ; 15 ; -0.01278 ; 0.018155 ; 0.00677895 ; 101.364;
23 ; 12 ; 15 ; 0.0080335 ; 0.00996915 ; 0.00509559 ; 102.085;
24 ; 12 ; 15 ; -0.00895202 ; 0.0213463 ; 0.0044533 ; 101.912;
25 ; 12 ; 15 ; -0.016112 ; 0.0211669 ; -0.00115273 ; 102.217;
26 ; 12 ; 15 ; -0.00800559 ; 0.0183941 ; -0.00205549 ; 102.466;
27 ; 12 ; 15 ; -0.00704177 ; 0.0146911 ; 0.0162354 ; 101.911;
28 ; 12 ; 15 ; -0.00574008 ; 0.00781961 ; -0.00517836 ; 102.29;
29 ; 12 ; 15 ; -0.0158839 ; -0.00112506 ; 0.000287979 ; 102.223;
30 ; 12 ; 15 ; -0.0169056 ; 0.00267102 ; -0.00345486 ; 102.142;
31 ; 12 ; 15 ; -0.00698523 ; 0.0082365 ; 0.0130721 ; 102.417;
32 ; 12 ; 15 ; -0.00803425 ; 0.00874695 ; 0.0049781 ; 102.509;
33 ; 12 ; 15 ; -0.00922198 ; 0.0107431 ; 0.0110864 ; 102.133;
4 ; 13 ; 15 ; 0.0111974 ; 0.0113753 ; 0.000812143 ; 102.016;
5 ; 13 ; 15 ; 0.0200559 ; -0.00552943 ; 0.0117007 ; 102.029;
6 ; 13 ; 15 ; 0.0227447 ; 0.0092808 ; 0.00482039 ; 102.203;
7 ; 13 ; 15 ; 0.0125569 ; 0.00673312 ; 0.0123226 ; 102.206;
8 ; 13 ; 15 ; 0.022954 ; 0.012146 ; 0.00361563 ; 102.615;
9 ; 13 ; 15 ; 0.012997 ; 0.00604959 ; -0.00547702 ; 102.328;
10 ; 13 ; 15 ; 0.0237193 ; -0.00863083 ; -0.00843492 ; 102.144;
11 ; 13 ; 15 ; 0.0137511 ; 0.00730928 ; 0.00156302 ; 102.064;
12 ; 13 ; 15 ; 0.00715866 ; 0.019398 ; 0.00783854 ; 102.156;
13 ; 13 ; 15 ; 0.0171936 ; -0.00490711 ; 0.0175437 ; 101.218;
14 ; 13 ; 15 ; 0.00432217 ; 0.00795183 ; 0.00109588 ; 101.625;
15 ; 13 ; 15 ; 0.00561265 ; 0.00603288 ; 2.36022e-05 ; 101.78;
16 ; 13 ; 15 ; 0.00637767 ; 0.0206079 ; -0.00116207 ; 102.151;
17 ; 13 ; 15 ; -0.00147378 ; 0.0126496 ; 0.00879383 ; 101.058;
18 ; 13 ; 15 ; -0.00509325 ; 0.0162585 ; -0.00179307 ; 101.831;
19 ; 13 ; 15 ; -0.00147994 ; 0.0137494 ; -0.00445964 ; 101.453;
20 ; 13 ; 15 ; 0.00379259 ; 0.0157014 ; -0.00625256 ; 102.106;
21 ; 13 ; 15 ; -0.00142407 ; 0.0168291 ; 0.00411417 ; 101.897;
22 ; 13 ; 15 ; -0.00282883 ; 0.0171757 ; 0.00284548 ; 102.221;
23 ; 13 ; 15 ; -0.00502608 ; 0.0136933 ; 0.00401742 ; 102.093;
24 ; 13 ; 15 ; -0.00998614 ; 0.0186446 ; 0.0045867 ; 102.038;
25 ; 13 ; 15 ; -0.00296277 ; 0.00487761 ; 0.0104109 ; 101.79;
26 ; 13 ; 15 ; -0.0227485 ; 0.0103795 ; 0.0103955 ; 102.049;
27 ; 13 ; 15 ; -0.0299514 ; 0.00970828 ; -0.00668806 ; 102.439;
28 ; 13 ; 15 ; -0.0244913 ; 0.00589213 ; 0.00744148 ; 101.924;
29 ; 13 ; 15 ; -0.0177265 ; 0.00265704 ; 0.0121682 ; 102.767;
30 ; 13 ; 15 ; -0.00944351 ; 0.013559 ; 0.0137503 ; 102.514;
31 ; 13 ; 15 ; -0.0158545 ; 0.0124308 ; 0.00337775 ; 102.08;
32 ; 13 ; 15 ; -0.0221417 ; 0.00715411 ; -0.00794215 ; 101.674;
33 ; 13 ; 15 ; -0.00438536 ; 0.00209073 ; -0.000851436 ; 102.347;
4 ; 14 ; 15 ; 0.00819442 ; 0.00148351 ; -0.00211572 ; 102.016;
5 ; 14 ; 15 ; 0.00656938 ; 7.44767e-05 ; -0.00898895 ; 102.113;
6 ; 14 ; 15 ; 0.0273419 ; 0.00373054 ; -0.00875838 ; 102.475;
7 ; 14 ; 15 ; 0.0240089 ; 0.00463269 ; -0.00388586 ; 102.225;
8 ; 14 ; 15 ; 0.0236647 ; 0.0127889 ; 0.00136393 ; 102.015;
9 ; 14 ; 15 ; 0.0134156 ; 0.00609772 ; 0.0109964 ; 101.947;
10 ; 14 ; 15 ; 0.0249789 ; -0.00638545 ; 0.00578111 ; 102.018;
11 ; 14 ; 15 ; 0.0190218 ; 0.00658782 ; 0.00882221 ; 102.199;
12 ; 14 ; 15 ; 0.00274785 ; 0.0042599 ; 0.00490921 ; 102.017;
13 ; 14 ; 15 ; 0.00553344 ; 0.00577057 ; 0.0131876 ; 101.58;
14 ; 14 ; 15 ; -0.00191664 ; -0.000172395 ; 0.00889606 ; 101.472;
15 ; 14 ; 15 ; -0.000467465 ; 0.0222897 ; 0.00572136 ; 101.952;
16 ; 14 ; 15 ; -0.000170962 ; 0.00941457 ; 0.00889476 ; 101.704;
17 ; 14 ; 15 ; -0.00174944 ; -0.0073619 ; 0.00226074 ; 101.96;
18 ; 14 ; 15 ; 0.00350093 ; 0.0213623 ; 0.0129318 ; 101.438;
19 ; 14 ; 15 ; 0.00570944 ; 0.0190878 ; 0.00863517 ; 101.999;
20 ; 14 ; 15 ; -0.000907151 ; 0.00882939 ; -0.00567084 ; 101.578;
21 ; 14 ; 15 ; -0.00573995 ; 0.0103939 ; -0.0127326 ; 101.52;
22 ; 14 ; 15 ; -0.0202591 ; 0.00980927 ; -0.00267745 ; 101.483;
23 ; 14 ; 15 ; -0.00330356 ; 0.0115544 ; 0.00844097 ; 101.725;
24 ; 14 ; 15 ; 0.00600802 ; 0.00723082 ; 0.0058765 ; 102.099;
25 ; 14 ; 15 ; -0.0122452 ; 0.0129107 ; -0.000986147 ; 101.727;
26 ; 14 ; 15 ; -0.0245313 ; 0.0115755 ; 0.00311161 ; 102.091;
27 ; 14 ; 15 ; -0.0216245 ; -0.00542282 ; 0.00966775 ; 102.299;
28 ; 14 ; 15 ; -0.0116677 ; 0.0176602 ; -0.00795691 ; 102.043;
29 ; 14 ; 15 ; -0.0202695 ; -0.00721133 ; 0.00151538 ; 102.115;
30 ; 14 ; 15 ; -0.0286739 ; -0.00439512 ; 0.0173196 ; 102.265;
31 ; 14 ; 15 ; -0.00631911 ; 0.00562223 ; -0.00493569 ; 102.214;
32 ; 14 ; 15 ; -0.000674 ; 0.0052685 ; 0.00406357 ; 102.481;
33 ; 14 ; 15 ; 0.00274467 ; -0.00150508 ; -0.00241288 ; 102.094;
4 ; 15 ; 15 ; -0.00117138 ; -0.0038228 ; -0.00216497 ; 101.543;
5 ; 15 ; 15 ; 0.0121598 ; -0.00100611 ; -0.00237106 ; 102.137;
6 ; 15 ; 15 ; 0.0100249 ; -0.000140903 ; 0.00859305 ; 101.892;
7 ; 15 ; 15 ; 0.0130611 ; 0.000952295 ; -0.000847004 ; 102.137;
8 ; 15 ; 15 ; 0.025861 ; 0.00307089 ; 0.00886437 ; 102.638;
9 ; 15 ; 15 ; 0.0267292 ; 0.0130987 ; -0.00270042 ; 101.909;
10 ; 15 ; 15 ; 0.0237475 ; -0.00320116 ; -0.00249589 ; 101.737;
11 ; 15 ; 15 ; 0.0391641 ; 0.0112377 ; 0.00729746 ; 101.933;
12 ; 15 ; 15 ; 0.0239878 ; -0.00136877 ; 0.016379 ; 102.34;
13 ; 15 ; 15 ; 0.0178357 ; 0.00280497 ; 0.00354557 ; 101.479;
14 ; 15 ; 15 ; 0.00930553 ; -0.00127829 ; 0.000855746 ; 101.819;
15 ; 15 ; 15 ; 0.00745091 ; 0.0106342 ; 0.000354396 ; 102.191;
16 ; 15 ; 15 ; 0.00223419 ; 0.0108194 ; 0.00147918 ; 101.299;
17 ; 15 ; 15 ; 0.000783776 ; 0.00379362 ; 0.00803751 ; 101.784;
18 ; 15 ; 15 ; 0.00545466 ; -0.000619798 ; 0.00176012 ; 101.55;
19 ; 15 ; 15 ; 0.00680829 ; 0.00102296 ; 0.000847992 ; 101.855;
20 ; 15 ; 15 ; -0.00128896 ; -0.000257002 ; -0.00235533 ; 101.496;
21 ; 15 ; 15 ; -0.011961 ; -0.00533312 ; 0.0278024 ; 102.093;
22 ; 15 ; 15 ; -0.00815139 ; 0.0127545 ; 0.0114814 ; 101.719;
23 ; 15 ; 15 ; 0.00346127 ; 0.0132721 ; 0.000632122 ; 101.799;
24 ; 15 ; 15 ; -0.013496 ; 0.00467548 ; 0.015295 ; 101.586;
25 ; 15 ; 15 ; -0.0092577 ; -0.000640225 ; 0.00125938 ; 101.707;
26 ; 15 ; 15 ; -0.0259133 ; 0.00473712 ; -0.00534523 ; 102.271;
27 ; 15 ; 15 ; -0.0238472 ; 0.00579924 ; 0.00465061 ; 102.061;
28 ; 15 ; 15 ; -0.0478457 ; -0.00760976 ; 0.00362542 ; 102.411;
29 ; 15 ; 15 ; -0.0159163 ; -0.0140297 ; -0.00157069 ; 102.077;
30 ; 15 ; 15 ; -0.0230572 ; -0.00356686 ; -0.00310597 ; 102.309;
31 ; 15 ; 15 ; -0.0264751 ; 0.000617534 ; -0.00544693 ; 102.072;
32 ; 15 ; 15 ; -0.0082255 ; 0.00396682 ; -0.00921475 ; 102.266;
33 ; 15 ; 15 ; -0.0169601 ; -0.000404187 ; 0.00184389 ; 102.139;
4 ; 16 ; 15 ; 0.00806652 ; -0.00271695 ; 0.0140473 ; 102.373;
5 ; 16 ; 15 ; 0.0209905 ; 0.00370396 ; -0.0102976 ; 101.826;
6 ; 16 ; 15 ; 0.0291618 ; -0.0100349 ; -0.0018302 ; 102.153;
7 ; 16 ; 15 ; 0.00616285 ; -0.00669059 ; 0.00610383 ; 102.435;
8 ; 16 ; 15 ; 0.0404556 ; 0.00407646 ; 0.0107932 ; 101.824;
9 ; 16 ; 15 ; 0.0345006 ; 0.00465332 ; 0.0038077 ; 102.58;
10 ; 16 ; 15 ; 0.0323221 ; 0.0154826 ; -0.00670884 ; 101.92;
11 ; 16 ; 15 ; 0.0138763 ; 0.00204656 ; -0.00545647 ; 102.305;
12 ; 16 ; 15 ; 0.0224326 ; -0.00885114 ; -0.00863854 ; 102.337;
13 ; 16 ; 15 ; 0.0108926 ; 0.0307187 ; 0.00799206 ; 102.035;
14 ; 16 ; 15 ; 0.0123672 ; 0.000837398 ; 0.00357872 ; 101.962;
15 ; 16 ; 15 ; -0.000252629 ; 0.0161428 ; 0.00650856 ; 101.754;
16 ; 16 ; 15 ; 0.000668535 ; -0.00543993 ; 0.000546289 ; 101.784;
17 ; 16 ; 15 ; 0.00660311 ; 0.0137682 ; 0.0101449 ; 101.417;
18 ; 16 ; 15 ; 0.003343 ; 0.00225868 ; -0.00259684 ; 101.74;
19 ; 16 ; 15 ; 0.00334635 ; -0.0053627 ; 0.00275066 ; 101.5;
20 ; 16 ; 15 ; 0.00436961 ; 0.00973561 ; 0.00653577 ; 101.749;
21 ; 16 ; 15 ; -0.00294041 ; 0.00604588 ; 0.00239949 ; 101.682;
22 ; 16 ; 15 ; -0.00618963 ; 0.00662288 ; 0.0126972 ; 101.395;
23 ; 16 ; 15 ; -0.0133781 ; 0.00458853 ; 0.0019679 ; 101.614;
24 ; 16 ; 15 ; -0.0191559 ; -0.00537802 ; 0.0183686 ; 102.456;
25 ; 16 ; 15 ; -0.00563453 ; 0.00322753 ; -0.00202727 ; 101.696;
26 ; 16 ; 15 ; -0.0183006 ; -0.00711268 ; 0.00367813 ; 101.654;
27 ; 16 ; 15 ; -0.0422384 ; -0.00613326 ; -0.000288651 ; 101.728;
28 ; 16 ; 15 ; -0.029847 ; 0.00441751 ; 0.00341056 ; 102.12;
29 ; 16 ; 15 ; -0.0194577 ; -0.00641161 ; 0.0122933 ; 102.33;
30 ; 16 ; 15 ; -0.0241034 ; 0.00249683 ; 0.0120533 ; 101.643;
31 ; 16 ; 15 ; -0.0221857 ; -0.00413056 ; -0.00263819 ; 102.659;
32 ; 16 ; 15 ; -0.0166289 ; -0.00236998 ; -0.0181921 ; 102.034;
33 ; 16 ; 15 ; -0.00637557 ; 0.0013332 ; -0.0164511 ; 102.302;
4 ; 17 ; 15 ; 0.0149485 ; -0.00521132 ; -0.000684591 ; 102.283;
5 ; 17 ; 15 ; 0.0154211 ; -0.00446679 ; 0.00446695 ; 101.798;
6 ; 17 ; 15 ; 0.0145509 ; -0.00689857 ; 0.00883993 ; 102.074;
7 ; 17 ; 15 ; 0.0332311 ; 0.0107075 ; -0.000255746 ; 101.752;
8 ; 17 ; 15 ; 0.0414549 ; 0.00316766 ; 0.00383575 ; 102.321;
9 ; 17 ; 15 ; 0.0219057 ; -0.00065309 ; 0.0119327 ; 102.236;
10 ; 17 ; 15 ; 0.0258513 ; 0.0108229 ; 0.007979 ; 102.635;
11 ; 17 ; 15 ; 0.0177784 ; 0.0131166 ; 0.0138573 ; 101.921;
12 ; 17 ; 15 ; 0.00985599 ; 0.00464723 ; -0.000501336 ; 101.743;
13 ; 17 ; 15 ; 0.00928187 ; 0.0101102 ; 0.00110367 ; 101.688;
14 ; 17 ; 15 ; -0.000576306 ; -0.0065573 ; 0.00498859 ; 101.901;
15 ; 17 ; 15 ; -0.00481594 ; 0.0122946 ; 0.0062592 ; 101.483;
16 ; 17 ; 15 ; -0.00113135 ; 0.00116546 ; -0.000753466 ; 101.875;
17 ; 17 ; 15 ; 0.00371682 ; -0.00111912 ; 0.0113861 ; 101.384;
18 ; 17 ; 15 ; 0.00351338 ; 0.00483973 ; -0.00121557 ; 101.559;
19 ; 17 ; 15 ; -0.0102212 ; -0.00859036 ; -0.00542542 ; 101.503;
20 ; 17 ; 15 ; 0.0022217 ; 0.0177687 ; 0.0161507 ; 101.184;
21 ; 17 ; 15 ; 0.00176464 ; 0.0128918 ; 0.00928728 ; 101.79;
22 ; 17 ; 15 ; -0.00326603 ; 0.00672467 ; -0.00409315 ; 101.258;
23 ; 17 ; 15 ; -0.0218383 ; 0.00701581 ; -0.00815007 ; 101.801;
24 ; 17 ; 15 ; -0.00647996 ; -0.00238899 ; -6.37365e-05 ; 102.137;
25 ; 17 ; 15 ; -0.0063903 ; 0.0114775 ; -0.00578674 ; 102.001;
26 ; 17 ; 15 ; -0.0164973 ; -0.000182586 ; 0.00261182 ; 101.996;
27 ; 17 ; 15 ; -0.0292841 ; -0.00928976 ; 0.00706494 ; 101.829;
28 ; 17 ; 15 ; -0.0359662 ; -0.00337667 ; 0.0148476 ; 102.47;
29 ; 17 ; 15 ; -0.0266735 ; -0.00177286 ; -0.00402658 ; 102.452;
30 ; 17 ; 15 ; -0.0199187 ; -0.00420369 ; -0.0106867 ; 102.271;
31 ; 17 ; 15 ; -0.0195881 ; 0.0165247 ; 0.0029907 ; 102.159;
32 ; 17 ; 15 ; -0.00789925 ; 0.0058876 ; 0.0154867 ; 102.171;
33 ; 17 ; 15 ; -0.00769666 ; -0.0127428 ; -0.00105262 ; 102.115;
4 ; 18 ; 15 ; 0.0120761 ; -0.00088024 ; -0.00134507 ; 101.989;
5 ; 18 ; 15 ; 0.0115534 ; 0.00481217 ; 0.00556899 ; 101.96;
6 ; 18 ; 15 ; 0.0313033 ; -0.00405982 ; -0.0078463 ; 101.852;
7 ; 18 ; 15 ; 0.0333679 ; 0.00272119 ; 0.00125125 ; 101.802;
8 ; 18 ; 15 ; 0.0104441 ; -0.00577732 ; -0.00313776 ; 102.146;
9 ; 18 ; 15 ; 0.0345087 ; -0.00316721 ; 0.00188852 ; 101.851;
10 ; 18 ; 15 ; 0.0292074 ; 0.00105735 ; 0.00429092 ; 102.176;
11 ; 18 ; 15 ; 0.0193143 ; 0.00478314 ; -0.00481612 ; 101.993;
12 ; 18 ; 15 ; 0.0236329 ; -0.000874767 ; -0.0132127 ; 101.746;
13 ; 18 ; 15 ; 0.0147945 ; 0.010282 ; -0.00610655 ; 101.654;
14 ; 18 ; 15 ; 0.00563816 ; 0.00272733 ; 0.011621 ; 102.118;
15 ; 18 ; 15 ; 0.00279232 ; -0.00268021 ; 0.00436896 ; 101.048;
16 ; 18 ; 15 ; 0.000550803 ; 0.00776689 ; -0.00287464 ; 101.427;
17 ; 18 ; 15 ; 0.00521827 ; -0.00939387 ; -0.00399263 ; 102.304;
18 ; 18 ; 15 ; 0.0164022 ; 0.00311403 ; -0.0163718 ; 101.425;
19 ; 18 ; 15 ; 0.00286943 ; 0.000993106 ; 0.00473106 ; 101.798;
20 ; 18 ; 15 ; -6.24782e-05 ; -0.00759385 ; 0.00444595 ; 102.172;
21 ; 18 ; 15 ; 0.00086409 ; -0.0148905 ; 0.00482564 ; 101.557;
22 ; 18 ; 15 ; -0.00713558 ; 0.0102919 ; 0.00308192 ; 101.638;
23 ; 18 ; 15 ; -0.0156018 ; 0.00580151 ; 0.00456127 ; 101.574;
24 ; 18 ; 15 ; -0.0157575 ; -0.0100822 ; 0.00232451 ; 102.108;
25 ; 18 ; 15 ; -0.00816065 ; -0.0046128 ; 0.00306905 ; 101.505;
26 ; 18 ; 15 ; -0.0272184 ; -0.00458887 ; 0.000214496 ; 102.211;
27 ; 18 ; 15 ; -0.0213822 ; 0.00993831 ; 0.00286574 ; 102.104;
28 ; 18 ; 15 ; -0.0252478 ; -0.00955809 ; 0.00182184 ; 102.17;
29 ; 18 ; 15 ; -0.0306256 ; 0.0160332 ; 0.00819193 ; 101.754;
30 ; 18 ; 15 ; -0.0233827 ; -0.00203183 ; -0.00425029 ; 101.868;
31 ; 18 ; 15 ; -0.0251133 ; 0.00707201 ; 0.00457507 ; 101.904;
32 ; 18 ; 15 ; -0.018729 ; 0.0032673 ; 0.00258677 ; 102.416;
33 ; 18 ; 15 ; 0.00889506 ; -0.00626658 ; 0.0163841 ; 101.71;
4 ; 19 ; 15 ; 0.00470652 ; -0.0157687 ; 0.00854216 ; 102.305;
5 ; 19 ; 15 ; 0.0162728 ; 0.00827291 ; 0.00786629 ; 102.354;
6 ; 19 ; 15 ; 0.0120892 ; 0.00154216 ; 0.0061417 ; 101.958;
7 ; 19 ; 15 ; 0.0245592 ; 0.00279342 ; 0.000628769 ; 101.692;
8 ; 19 ; 15 ; 0.025227 ; -0.0041866 ; 0.00887285 ; 102.201;
9 ; 19 ; 15 ; 0.0148701 ; 0.00239905 ; 0.0201863 ; 102.006;
10 ; 19 ; 15 ; 0.0361933 ; 0.0204038 ; 0.0123152 ; 101.86;
11 ; 19 ; 15 ; 0.0249745 ; -0.00371661 ; -0.00426978 ; 102.308;
12 ; 19 ; 15 ; 0.00567086 ; -0.00337426 ; 0.0044124 ; 101.985;
13 ; 19 ; 15 ; 0.0258987 ; -0.00807944 ; -0.00392631 ; 101.81;
14 ; 19 ; 15 ; 0.0166799 ; 0.00260879 ; 0.00825841 ; 100.773;
15 ; 19 ; 15 ; 0.0138194 ; -0.0146103 ; -0.0018549 ; 102.08;
16 ; 19 ; 15 ; 0.000441724 ; 0.0182175 ; 0.0135424 ; 101.526;
17 ; 19 ; 15 ; -0.00411193 ; 0.00268756 ; 0.0105753 ; 101.766;
18 ; 19 ; 15 ; -0.000887573 ; -0.000437909 ; -0.00669203 ; 101.483;
19 ; 19 ; 15 ; -0.00848192 ; 0.00963388 ; -0.00748487 ; 101.534;
20 ; 19 ; 15 ; -0.00262532 ; -0.00729973 ; -0.0107978 ; 101.126;
21 ; 19 ; 15 ; 0.00168807 ; -0.0147265 ; 0.00505986 ; 101.584;
22 ; 19 ; 15 ; -0.0016354 ; -1.4136e-05 ; 0.00344663 ; 101.308;
23 ; 19 ; 15 ; -0.0164051 ; -0.00681405 ; 0.0077059 ; 101.32;
24 ; 19 ; 15 ; -0.0126312 ; -0.00111489 ; 0.0112609 ; 101.909;
25 ; 19 ; 15 ; -0.0243649 ; -0.00543102 ; -0.00130984 ; 101.608;
26 ; 19 ; 15 ; -0.022126 ; -0.00589688 ; 0.0194379 ; 101.849;
27 ; 19 ; 15 ; -0.0202637 ; 0.0164589 ; 0.00335937 ; 102.247;
28 ; 19 ; 15 ; -0.0227779 ; -0.00131865 ; 0.0038147 ; 102.045;
29 ; 19 ; 15 ; -0.0151686 ; 0.00950264 ; -0.00220828 ; 102.143;
30 ; 19 ; 15 ; -0.016353 ; 0.00884427 ; 0.010597 ; 102.051;
31 ; 19 ; 15 ; -0.0211144 ; 0.0133743 ; -0.00442176 ; 102.039;
32 ; 19 ; 15 ; -0.0118943 ; 0.00552809 ; 0.00602584 ; 101.677;
33 ; 19 ; 15 ; -0.00700696 ; -0.00408345 ; -0.00211478 ; 102.099;
4 ; 20 ; 15 ; 0.0111367 ; -0.00483586 ; -0.000202946 ; 102.377;
5 ; 20 ; 15 ; 0.0312737 ; 0.00490958 ; 0.000926917 ; 102.082;
6 ; 20 ; 15 ; 0.0141237 ; -0.00129701 ; 0.00445042 ; 102.177;
7 ; 20 ; 15 ; 0.0194356 ; 0.00192199 ; 0.00212117 ; 101.888;
8 ; 20 ; 15 ; 0.0292811 ; -0.00589926 ; 0.000899601 ; 101.642;
9 ; 20 ; 15 ; 0.0344253 ; 0.0102117 ; 0.00765506 ; 102.411;
10 ; 20 ; 15 ; 0.0217549 ; 0.00262317 ; -0.00706314 ; 101.945;
11 ; 20 ; 15 ; 0.0267427 ; 0.0122931 ; 0.00333176 ; 101.513;
12 ; 20 ; 15 ; 0.0153574 ; 0.00905725 ; 0.00127821 ; 102.28;
13 ; 20 ; 15 ; 0.0105823 ; 0.00419098 ; 0.00684237 ; 101.832;
14 ; 20 ; 15 ; -0.000221278 ; -0.00318744 ; 0.00641317 ; 101.666;
15 ; 20 ; 15 ; 0.00668233 ; -0.0138501 ; 0.010766 ; 101.76;
16 ; 20 ; 15 ; 0.0207223 ; -0.00326941 ; -0.00406198 ; 101.677;
17 ; 20 ; 15 ; -0.00606654 ; -0.0107765 ; 0.00190354 ; 101.726;
18 ; 20 ; 15 ; -0.00597825 ; -0.0185723 ; 0.00429061 ; 101.524;
19 ; 20 ; 15 ; 0.0034338 ; 0.0114592 ; 0.00845668 ; 101.519;
20 ; 20 ; 15 ; -0.00921926 ; 0.0088258 ; 0.00712264 ; 101.814;
21 ; 20 ; 15 ; 0.00481101 ; -0.00737653 ; -0.00282619 ; 102.001;
22 ; 20 ; 15 ; 0.00686105 ; -0.00338898 ; 0.00720859 ; 101.926;
23 ; 20 ; 15 ; -0.0161416 ; -0.00668877 ; 0.00115255 ; 101.479;
24 ; 20 ; 15 ; -0.0143636 ; 0.00483626 ; 0.00443761 ; 101.6;
25 ; 20 ; 15 ; -0.023305 ; 0.00713035 ; -0.000850094 ; 101.811;
26 ; 20 ; 15 ; -0.0319398 ; 0.000315645 ; 0.0063299 ; 102.099;
27 ; 20 ; 15 ; -0.0279359 ; 0.00112453 ; -0.00443428 ; 101.7;
28 ; 20 ; 15 ; -0.0244101 ; -0.0193193 ; 0.0120593 ; 101.931;
29 ; 20 ; 15 ; -0.0215957 ; 0.010185 ; -0.00298119 ; 102.09;
30 ; 20 ; 15 ; -0.0177509 ; -0.0022852 ; 0.00253694 ; 102.177;
31 ; 20 ; 15 ; -0.0245081 ; 0.0026671 ; -0.00906436 ; 101.744;
32 ; 20 ; 15 ; -0.0108098 ; 0.00454517 ; -0.00931946 ; 102.224;
33 ; 20 ; 15 ; -0.00155637 ; 0.00228631 ; 0.00409127 ; 101.856;
4 ; 21 ; 15 ; 0.00182989 ; 0.00739763 ; -0.00743833 ; 101.693;
5 ; 21 ; 15 ; 0.0153155 ; 0.00680845 ; 0.00685909 ; 102.27;
6 ; 21 ; 15 ; 0.0244752 ; -0.00118889 ; 0.0120054 ; 102.384;
7 ; 21 ; 15 ; 0.0195748 ; 0.00928683 ; 0.000328661 ; 102.177;
8 ; 21 ; 15 ; 0.0357037 ; -0.00550044 ; 0.00773379 ; 102.101;
9 ; 21 ; 15 ; 0.0348086 ; -0.00275003 ; 0.00321625 ; 102.132;
10 ; 21 ; 15 ; 0.0303907 ; -0.00170997 ; 0.000215383 ; 101.986;
11 ; 21 ; 15 ; 0.0256181 ; -0.00760652 ; 0.00588918 ; 102.185;
12 ; 21 ; 15 ; 0.0169357 ; -0.0150742 ; -0.00944468 ; 101.735;
13 ; 21 ; 15 ; 0.0173462 ; -0.00196156 ; 0.00683361 ; 102.083;
14 ; 21 ; 15 ; 0.00500982 ; -0.0038029 ; -0.0067664 ; 101.387;
15 ; 21 ; 15 ; 0.00601939 ; -0.0136217 ; 0.000124124 ; 101.908;
16 ; 21 ; 15 ; 0.000516656 ; -0.00219398 ; -0.00355982 ; 101.672;
17 ; 21 ; 15 ; -0.0105119 ; -0.0139515 ; 0.00246882 ; 101.626;
18 ; 21 ; 15 ; 0.010432 ; -0.00729435 ; 0.00879659 ; 101.593;
19 ; 21 ; 15 ; 0.00315006 ; 0.00854272 ; 0.000337156 ; 101.224;
20 ; 21 ; 15 ; -0.00495797 ; -0.00859006 ; -0.00369907 ; 101.512;
21 ; 21 ; 15 ; 0.0101143 ; 0.00825274 ; 0.00766941 ; 102.049;
22 ; 21 ; 15 ; 0.00819502 ; -0.00718523 ; 0.00640252 ; 101.545;
23 ; 21 ; 15 ; -9.21972e-05 ; -0.01018 ; 0.00377861 ; 101.697;
24 ; 21 ; 15 ; -0.0136982 ; -0.0146055 ; 0.00267656 ; 101.768;
25 ; 21 ; 15 ; -0.0119993 ; -0.00120553 ; 0.005223 ; 101.96;
26 ; 21 ; 15 ; -0.00926019 ; 0.00226226 ; 0.003297 ; 101.904;
27 ; 21 ; 15 ; -0.029034 ; -0.00136946 ; 0.000728509 ; 102.1;
28 ; 21 ; 15 ; -0.025571 ; 0.00291821 ; -0.00177801 ; 101.749;
29 ; 21 ; 15 ; -0.0294811 ; -0.00349839 ; -0.00768682 ; 102.072;
30 ; 21 ; 15 ; -0.016108 ; -0.0121598 ; -0.00433576 ; 101.284;
31 ; 21 ; 15 ; -0.00740401 ; 0.00869734 ; 0.0119015 ; 102.106;
32 ; 21 ; 15 ; -0.00670613 ; -0.00602682 ; -0.00356671 ; 102.474;
33 ; 21 ; 15 ; -0.00670888 ; 0.00585773 ; -0.0107517 ; 101.981;
4 ; 22 ; 15 ; 0.00628769 ; 0.00144234 ; 0.00637598 ; 101.968;
5 ; 22 ; 15 ; 0.0206817 ; 0.0013835 ; 0.00105205 ; 102.217;
6 ; 22 ; 15 ; 0.018132 ; 0.00777722 ; -0.0028465 ; 102.073;
7 ; 22 ; 15 ; 0.0197323 ; -0.000385646 ; 0.00395744 ; 101.889;
8 ; 22 ; 15 ; 0.0293566 ; -0.0189096 ; 0.0145205 ; 102.191;
9 ; 22 ; 15 ; 0.030645 ; -0.000674473 ; 0.00491423 ; 102.513;
10 ; 22 ; 15 ; 0.0235247 ; -0.0132274 ; -0.00162582 ; 102.158;
11 ; 22 ; 15 ; 0.0216051 ; -0.012163 ; 0.00426954 ; 102.017;
12 ; 22 ; 15 ; 0.0245229 ; 0.000772097 ; -0.00130234 ; 101.713;
13 ; 22 ; 15 ; 0.0102358 ; 0.000931409 ; -0.00591069 ; 101.231;
14 ; 22 ; 15 ; 0.0131488 ; -0.0145813 ; 0.0122206 ; 101.822;
15 ; 22 ; 15 ; 0.0216553 ; -0.00380143 ; 0.0108329 ; 101.934;
16 ; 22 ; 15 ; -0.00464319 ; -0.00697148 ; 0.0109246 ; 101.391;
17 ; 22 ; 15 ; -0.0127543 ; 0.00217075 ; 0.0057663 ; 101.716;
18 ; 22 ; 15 ; -0.00774904 ; -0.00645474 ; 0.00553733 ; 101.388;
19 ; 22 ; 15 ; -0.00557891 ; 0.00137053 ; 0.00933014 ; 101.797;
20 ; 22 ; 15 ; -0.00179215 ; -0.0140413 ; 0.00288194 ; 101.537;
21 ; 22 ; 15 ; -0.0124258 ; -0.0108611 ; 0.00422031 ; 101.242;
22 ; 22 ; 15 ; -0.0174268 ; -0.0011137 ; 0.00535481 ; 101.294;
23 ; 22 ; 15 ; -0.0124166 ; -0.00586969 ; 0.00590296 ; 102.183;
24 ; 22 ; 15 ; -0.0100447 ; -0.00922942 ; 0.0102005 ; 102.156;
25 ; 22 ; 15 ; -0.0168712 ; -0.0127869 ; 0.00129132 ; 102.087;
26 ; 22 ; 15 ; -0.0177802 ; -0.00861696 ; 0.0050406 ; 102.138;
27 ; 22 ; 15 ; -0.0422386 ; -0.0123028 ; -0.000134943 ; 101.792;
28 ; 22 ; 15 ; -0.0158515 ; -0.00264678 ; -0.00137459 ; 102.059;
29 ; 22 ; 15 ; -0.0176373 ; -0.00224457 ; -0.00259775 ; 102.152;
30 ; 22 ; 15 ; -0.0123937 ; -0.00803148 ; 0.0101101 ; 102.347;
31 ; 22 ; 15 ; -0.0115443 ; 0.0040554 ; 0.00488274 ; 102.14;
32 ; 22 ; 15 ; -0.00419374 ; -0.00257151 ; -0.00309169 ; 101.834;
33 ; 22 ; 15 ; -0.00811309 ; 0.013929 ; -0.000581826 ; 102.084;
4 ; 23 ; 15 ; 0.00462774 ; -0.00406818 ; -0.00260254 ; 102.366;
5 ; 23 ; 15 ; 0.011787 ; 0.00467319 ; 0.00765703 ; 102.263;
6 ; 23 ; 15 ; 0.00958491 ; 0.00495685 ; 7.51877e-06 ; 102.388;
7 ; 23 ; 15 ; 0.0335921 ; 0.00680973 ; -0.0135074 ; 101.988;
8 ; 23 ; 15 ; 0.0279786 ; -0.00777587 ; 0.0142727 ; 101.885;
9 ; 23 ; 15 ; 0.0286293 ; -0.00188206 ; -0.00813243 ; 101.884;
10 ; 23 ; 15 ; 0.0233235 ; -0.0148699 ; 0.00734517 ; 102.155;
11 ; 23 ; 15 ; 0.0167862 ; -0.000703605 ; 0.0102723 ; 102.039;
12 ; 23 ; 15 ; 0.0186189 ; 0.00467049 ; 0.021436 ; 101.847;
13 ; 23 ; 15 ; 0.0133507 ; -0.0158873 ; 0.00227408 ; 102.079;
14 ; 23 ; 15 ; 0.00648499 ; -0.0134684 ; -0.000298096 ; 101.591;
15 ; 23 ; 15 ; 0.0135271 ; -0.00293725 ; -0.00459451 ; 101.535;
16 ; 23 ; 15 ; 0.00758475 ; -0.0138228 ; -0.0049621 ; 101.685;
17 ; 23 ; 15 ; -0.0046945 ; -0.0165463 ; 0.00896958 ; 101.852;
18 ; 23 ; 15 ; -0.0187068 ; -0.00943551 ; 0.00725898 ; 102.202;
19 ; 23 ; 15 ; -0.00318301 ; -0.0096181 ; -0.00372193 ; 101.79;
20 ; 23 ; 15 ; 0.00392337 ; -0.00458744 ; 0.00636046 ; 101.983;
21 ; 23 ; 15 ; 0.00238044 ; -0.0035263 ; 0.00795903 ; 101.727;
22 ; 23 ; 15 ; -0.0131882 ; -0.0192284 ; -0.00763595 ; 101.711;
23 ; 23 ; 15 ; 0.00287433 ; -0.01311 ; 0.00787425 ; 102.192;
24 ; 23 ; 15 ; -0.00850693 ; -0.015842 ; 0.00479488 ; 101.469;
25 ; 23 ; 15 ; 0.00164163 ; -0.00817356 ; 0.00593766 ; 102.18;
26 ; 23 ; 15 ; -0.00308144 ; -0.00640641 ; 0.00453833 ; 101.585;
27 ; 23 ; 15 ; -0.0289075 ; -0.00503599 ; 0.00830316 ; 102.216;
28 ; 23 ; 15 ; -0.0221864 ; 0.00738125 ; -0.00337623 ; 101.902;
29 ; 23 ; 15 ; -0.0256351 ; -0.00316247 ; -0.00250223 ; 102.211;
30 ; 23 ; 15 ; -0.0223363 ; -0.0130555 ; 0.0118433 ; 102.484;
31 ; 23 ; 15 ; -0.0245858 ; 0.00124045 ; -0.00622449 ; 102.091;
32 ; 23 ; 15 ; -0.00836027 ; 0.00797154 ; 0.0107067 ; 102.056;
33 ; 23 ; 15 ; 0.00983 ; -0.00317774 ; 0.0024927 ; 102.516;
4 ; 24 ; 15 ; 0.00365745 ; -0.00496788 ; 0.00326955 ; 102.746;
5 ; 24 ; 15 ; 0.0201039 ; 0.00227664 ; -0.0112779 ; 102.345;
6 ; 24 ; 15 ; 0.0197148 ; -0.00605664 ; 0.0145199 ; 102.041;
7 ; 24 ; 15 ; 0.0099562 ; -0.00706061 ; 0.0078245 ; 101.992;
8 ; 24 ; 15 ; 0.0318995 ; -0.0240171 ; 0.00692369 ; 102.281;
9 ; 24 ; 15 ; 0.0250835 ; -0.0168536 ; 0.00583818 ; 102.036;
10 ; 24 ; 15 ; 0.0193335 ; 0.00463463 ; 0.00239908 ; 102.084;
11 ; 24 ; 15 ; 0.0262936 ; -0.0212346 ; -0.0055337 ; 101.706;
12 ; 24 ; 15 ; 0.0153156 ; 0.00163346 ; 0.00842562 ; 102.201;
13 ; 24 ; 15 ; 0.00948559 ; -0.0204793 ; 0.00786785 ; 101.643;
14 ; 24 ; 15 ; 0.0086766 ; -0.0223931 ; 0.00347757 ; 101.849;
15 ; 24 ; 15 ; -0.00105004 ; -0.0206267 ; 0.00856141 ; 101.95;
16 ; 24 ; 15 ; 0.00396859 ; -0.0214706 ; 0.00200098 ; 101.772;
17 ; 24 ; 15 ; -0.00490697 ; -0.017243 ; 0.0157988 ; 101.755;
18 ; 24 ; 15 ; 0.00423815 ; -0.0219988 ; 0.002797 ; 102.145;
19 ; 24 ; 15 ; -0.010174 ; -0.015433 ; 0.00788155 ; 101.563;
20 ; 24 ; 15 ; 0.00665787 ; -0.0212323 ; 0.00221513 ; 101.237;
21 ; 24 ; 15 ; 0.00313602 ; -0.00206424 ; -0.0091044 ; 101.736;
22 ; 24 ; 15 ; -0.00677932 ; -0.0186973 ; 0.00446148 ; 102.003;
23 ; 24 ; 15 ; -0.00640493 ; -0.0139919 ; 0.00195785 ; 101.902;
24 ; 24 ; 15 ; -0.0121153 ; 0.00136179 ; 0.00936604 ; 101.646;
25 ; 24 ; 15 ; -0.0185502 ; -0.00159804 ; 0.0041197 ; 101.82;
26 ; 24 ; 15 ; -0.0142639 ; -0.0126987 ; 0.0119969 ; 102.745;
27 ; 24 ; 15 ; -0.0280348 ; -0.00449775 ; -0.00394168 ; 102.526;
28 ; 24 ; 15 ; -0.0271589 ; -0.0100979 ; -0.00624241 ; 102.216;
29 ; 24 ; 15 ; -0.0158654 ; -0.00703904 ; 0.00159754 ; 102.372;
30 ; 24 ; 15 ; -0.0316883 ; -0.0101968 ; 0.0105791 ; 102.239;
31 ; 24 ; 15 ; -0.0143828 ; 0.000557974 ; -0.00274217 ; 102.448;
32 ; 24 ; 15 ; -0.00455019 ; 0.00724444 ; 0.00201193 ; 102.229;
33 ; 24 ; 15 ; 0.00865949 ; 0.00355176 ; -0.000644406 ; 102.615;
4 ; 25 ; 15 ; 0.00926461 ; -0.00915273 ; -0.00906183 ; 101.951;
5 ; 25 ; 15 ; 0.0106818 ; -0.0148281 ; -0.014077 ; 102.553;
6 ; 25 ; 15 ; 0.0106866 ; -0.00869423 ; -0.00120482 ; 102.626;
7 ; 25 ; 15 ; 0.0233124 ; -0.0159014 ; -0.00406005 ; 102.69;
8 ; 25 ; 15 ; 0.0123818 ; -0.0332031 ; -0.00813203 ; 101.973;
9 ; 25 ; 15 ; 0.0275301 ; -0.00976748 ; 0.0018648 ; 101.987;
10 ; 25 ; 15 ; 0.0290517 ; -0.011475 ; 0.00489755 ; 102.607;
11 ; 25 ; 15 ; 0.0214459 ; -0.0261106 ; -0.00209789 ; 102.204;
12 ; 25 ; 15 ; 0.0333428 ; -0.025803 ; 0.00555216 ; 101.908;
13 ; 25 ; 15 ; 0.0104899 ; -0.0178642 ; -0.00370021 ; 102.075;
14 ; 25 ; 15 ; 0.00658774 ; -0.0286573 ; 0.0162157 ; 101.798;
15 ; 25 ; 15 ; 0.00482219 ; -0.0121467 ; -0.00511723 ; 101.723;
16 ; 25 ; 15 ; -0.000996331 ; -0.018102 ; -0.00725466 ; 101.741;
17 ; 25 ; 15 ; 0.00739283 ; -0.0222687 ; 0.00476631 ; 101.72;
18 ; 25 ; 15 ; 0.00590971 ; -0.0169324 ; 0.00148386 ; 101.704;
19 ; 25 ; 15 ; -0.00938701 ; -0.0161014 ; 0.00344317 ; 101.441;
20 ; 25 ; 15 ; 0.0015997 ; -0.0231998 ; 0.00197808 ; 101.807;
21 ; 25 ; 15 ; -0.00974192 ; -0.0140418 ; 0.00805675 ; 101.748;
22 ; 25 ; 15 ; 0.00707769 ; 0.00751744 ; 0.00379376 ; 102.145;
23 ; 25 ; 15 ; 0.00563772 ; -0.00241273 ; 0.0204095 ; 102.065;
24 ; 25 ; 15 ; -0.00914968 ; 0.00318503 ; 0.0123494 ; 102.14;
25 ; 25 ; 15 ; -0.0190786 ; -0.0153291 ; -0.00981266 ; 102.184;
26 ; 25 ; 15 ; -0.0222473 ; -0.00814701 ; -0.00460127 ; 101.746;
27 ; 25 ; 15 ; -0.0166609 ; -0.0135679 ; -0.00891418 ; 102.218;
28 ; 25 ; 15 ; -0.0152184 ; -0.0290184 ; -0.00560872 ; 102.545;
29 ; 25 ; 15 ; -0.0271701 ; -0.0102973 ; 0.0094933 ; 102.283;
30 ; 25 ; 15 ; -0.0396546 ; -0.0149779 ; -0.0108107 ; 102.853;
31 ; 25 ; 15 ; -0.0114898 ; -0.00773436 ; 0.00624753 ; 102.317;
32 ; 25 ; 15 ; 0.00756292 ; -0.00422912 ; -0.00216668 ; 102.089;
33 ; 25 ; 15 ; -0.00771886 ; -0.00968021 ; -0.00486173 ; 101.742;
4 ; 26 ; 15 ; -0.00315811 ; -0.0165094 ; -0.0136208 ; 102.496;
5 ; 26 ; 15 ; 0.0112785 ; -0.00338936 ; -0.00391021 ; 102.551;
6 ; 26 ; 15 ; 0.0260852 ; -0.0136577 ; -0.00509319 ; 102.309;
7 ; 26 ; 15 ; 0.0143749 ; -0.00839368 ; -0.0042396 ; 102.329;
8 ; 26 ; 15 ; 0.0105789 ; -0.0231676 ; 0.00476132 ; 102.658;
9 ; 26 ; 15 ; 0.0187262 ; -0.0304018 ; 0.00592876 ; 102.208;
10 ; 26 ; 15 ; 0.0249924 ; -0.0230067 ; 0.00903479 ; 102.558;
11 ; 26 ; 15 ; 0.0151911 ; -0.0191274 ; -0.000522743 ; 102.471;
12 ; 26 ; 15 ; 0.0111271 ; -0.0259739 ; -0.00423745 ; 101.944;
13 ; 26 ; 15 ; 0.000704015 ; -0.0257851 ; 0.0132041 ; 102.297;
14 ; 26 ; 15 ; -0.00258028 ; -0.0169867 ; 0.00450273 ; 102.325;
15 ; 26 ; 15 ; -0.00198787 ; -0.0139166 ; -0.0028769 ; 102.325;
16 ; 26 ; 15 ; -0.00483914 ; -0.00558018 ; -0.00392138 ; 101.903;
17 ; 26 ; 15 ; 0.00375388 ; -0.0182582 ; -0.000914585 ; 102.023;
18 ; 26 ; 15 ; 0.000577158 ; -0.0227253 ; 0.000244997 ; 101.376;
19 ; 26 ; 15 ; -0.0105102 ; -0.0170169 ; -0.000729459 ; 101.96;
20 ; 26 ; 15 ; -0.0110929 ; -0.0234902 ; 0.0189197 ; 102.133;
21 ; 26 ; 15 ; -0.0020946 ; -0.0184693 ; 0.00531251 ; 102.075;
22 ; 26 ; 15 ; -0.00960741 ; -0.0267699 ; 0.0103678 ; 102.192;
23 ; 26 ; 15 ; -0.00819596 ; -0.0282286 ; 0.00648109 ; 102.196;
24 ; 26 ; 15 ; -0.0191567 ; -0.0128035 ; 0.00185038 ; 102.166;
25 ; 26 ; 15 ; -0.0134395 ; -0.0155359 ; -0.00246632 ; 102.089;
26 ; 26 ; 15 ; -0.0145443 ; -0.0156079 ; -0.00450763 ; 102.241;
27 ; 26 ; 15 ; -0.013755 ; -0.0237001 ; 0.000430686 ; 102.76;
28 ; 26 ; 15 ; -0.0400821 ; -0.0184134 ; -0.00398158 ; 102.33;
29 ; 26 ; 15 ; -0.0268911 ; -0.0189228 ; -0.00683405 ; 102.52;
30 ; 26 ; 15 ; -0.0296307 ; -0.0201958 ; -0.00736199 ; 102.243;
31 ; 26 ; 15 ; -0.0120607 ; -0.0184473 ; 0.00256434 ; 102.695;
32 ; 26 ; 15 ; 0.00348502 ; -0.0109536 ; -0.000971128 ; 102.127;
33 ; 26 ; 15 ; 0.00462258 ; -0.0204867 ; 0.000150278 ; 102.46;
4 ; 27 ; 15 ; -0.00472539 ; -0.0145257 ; 0.00507542 ; 102.479;
5 ; 27 ; 15 ; 0.00571183 ; -0.0114889 ; 0.00119619 ; 102.41;
6 ; 27 ; 15 ; 0.0253435 ; -0.0196284 ; 0.00279323 ; 102.677;
7 ; 27 ; 15 ; 0.0150368 ; -0.0194834 ; -0.00323896 ; 102.402;
8 ; 27 ; 15 ; 0.023932 ; -0.0194343 ; -0.00501344 ; 102.618;
9 ; 27 ; 15 ; 0.0313215 ; -0.0174227 ; -0.00335603 ; 102.434;
10 ; 27 ; 15 ; 0.017032 ; -0.0167234 ; -0.00851858 ; 102.541;
11 ; 27 ; 15 ; 0.0226381 ; -0.0123768 ; 0.00553031 ; 102.22;
12 ; 27 ; 15 ; 0.00956479 ; -0.0228127 ; 0.00360057 ; 102.199;
13 ; 27 ; 15 ; 0.0139544 ; -0.0104036 ; 0.00657425 ; 102.518;
14 ; 27 ; 15 ; -0.00116641 ; -0.0241128 ; -0.00545785 ; 101.898;
15 ; 27 ; 15 ; 0.0033656 ; -0.0158376 ; 0.00472407 ; 101.957;
16 ; 27 ; 15 ; 0.0111511 ; -0.0182887 ; 0.00834055 ; 101.838;
17 ; 27 ; 15 ; 0.0025903 ; -0.0402212 ; 0.00126496 ; 102.051;
18 ; 27 ; 15 ; -0.0156679 ; -0.0136062 ; 0.0116402 ; 102.328;
19 ; 27 ; 15 ; -0.0108544 ; -0.0305445 ; 0.00467031 ; 102.649;
20 ; 27 ; 15 ; -0.0125428 ; -0.017644 ; -0.00729253 ; 102.518;
21 ; 27 ; 15 ; -0.00747363 ; -0.0280738 ; -0.000410799 ; 101.72;
22 ; 27 ; 15 ; -0.0138541 ; -0.0484434 ; 0.00797277 ; 102.142;
23 ; 27 ; 15 ; -0.00906807 ; -0.0208795 ; -0.00343387 ; 101.904;
24 ; 27 ; 15 ; -0.00736608 ; -0.0118756 ; -0.0110095 ; 101.847;
25 ; 27 ; 15 ; -0.0187105 ; -0.0237362 ; -0.016968 ; 101.856;
26 ; 27 ; 15 ; -0.00858233 ; -0.0179204 ; 0.0137385 ; 102.446;
27 ; 27 ; 15 ; -0.0169717 ; -0.0191517 ; 0.00694786 ; 102.21;
28 ; 27 ; 15 ; -0.0206794 ; -0.0148128 ; 0.000852398 ; 102.318;
29 ; 27 ; 15 ; -0.0190402 ; -0.0154075 ; -0.00461387 ; 102.476;
30 ; 27 ; 15 ; -0.0200172 ; -0.0129214 ; -0.000450011 ; 102.202;
31 ; 27 ; 15 ; -0.0157448 ; -0.0134452 ; -0.0032517 ; 102.659;
32 ; 27 ; 15 ; -0.011715 ; -0.0151342 ; 0.0145185 ; 102.254;
33 ; 27 ; 15 ; -0.00308837 ; -0.0216082 ; -0.00138528 ; 102.413;
4 ; 28 ; 15 ; -0.00739579 ; -0.0136419 ; 0.014327 ; 102.712;
5 ; 28 ; 15 ; 0.00454875 ; -0.0210894 ; -0.0144512 ; 102.916;
6 ; 28 ; 15 ; 0.0201161 ; -0.0172591 ; 0.00619288 ; 102.522;
7 ; 28 ; 15 ; 0.0146605 ; -0.0108344 ; -0.00460112 ; 102.716;
8 ; 28 ; 15 ; 0.0211954 ; -0.0190214 ; -0.0114652 ; 102.791;
9 ; 28 ; 15 ; 0.0198268 ; -0.0183996 ; 0.00191163 ; 102.492;
10 ; 28 ; 15 ; 0.017876 ; -0.017828 ; -0.0251267 ; 102.788;
11 ; 28 ; 15 ; 0.0231882 ; -0.0175557 ; 0.00908111 ; 102.239;
12 ; 28 ; 15 ; 0.0150759 ; -0.0228704 ; -0.0121505 ; 101.955;
13 ; 28 ; 15 ; -0.00142619 ; -0.0144455 ; -0.00239301 ; 102.196;
14 ; 28 ; 15 ; 0.00127412 ; -0.0408067 ; 0.00810037 ; 102.387;
15 ; 28 ; 15 ; 0.00596018 ; -0.0152862 ; 0.0053753 ; 101.83;
16 ; 28 ; 15 ; -0.00574272 ; -0.0235067 ; -0.00603105 ; 101.947;
17 ; 28 ; 15 ; -0.0117467 ; -0.031719 ; 0.0149084 ; 102.503;
18 ; 28 ; 15 ; 0.000990926 ; -0.0291139 ; 0.00308452 ; 102.103;
19 ; 28 ; 15 ; -0.00631168 ; -0.0158068 ; -0.00664708 ; 102.03;
20 ; 28 ; 15 ; 0.00409963 ; -0.0226085 ; 0.00907565 ; 102.067;
21 ; 28 ; 15 ; -0.00828813 ; -0.0349424 ; 0.0065546 ; 101.936;
22 ; 28 ; 15 ; -0.0052913 ; -0.0308589 ; -0.00742242 ; 101.791;
23 ; 28 ; 15 ; 0.00367202 ; -0.0386283 ; 0.0138696 ; 102.434;
24 ; 28 ; 15 ; -0.00624883 ; -0.013369 ; -0.00678643 ; 102.216;
25 ; 28 ; 15 ; -0.0216162 ; -0.0254517 ; 0.00657232 ; 102.159;
26 ; 28 ; 15 ; -0.0154597 ; -0.0187772 ; 0.00765262 ; 102.555;
27 ; 28 ; 15 ; -0.0233221 ; -0.0178834 ; 0.0105004 ; 102.587;
28 ; 28 ; 15 ; -0.0257022 ; -0.020559 ; 0.00386867 ; 102.751;
29 ; 28 ; 15 ; -0.0100013 ; -0.0177965 ; -0.00618627 ; 102.505;
30 ; 28 ; 15 ; -0.0232374 ; -0.0210442 ; 0.00510158 ; 102.422;
31 ; 28 ; 15 ; -0.0150507 ; -0.0140916 ; 0.00143737 ; 102.236;
32 ; 28 ; 15 ; -0.00497788 ; -0.01551 ; 0.00485334 ; 102.512;
33 ; 28 ; 15 ; -0.000951449 ; -0.0165382 ; -0.0122724 ; 102.212;
4 ; 29 ; 15 ; 0.00611447 ; -0.00742594 ; 0.009109 ; 102.647;
5 ; 29 ; 15 ; 0.0156081 ; -0.0314689 ; -0.010224 ; 102.469;
6 ; 29 ; 15 ; 0.0183403 ; -0.0100605 ; 0.00236695 ; 102.598;
7 ; 29 ; 15 ; 0.00587797 ; -0.0120113 ; 0.00157028 ; 102.746;
8 ; 29 ; 15 ; 0.0179624 ; -0.0202515 ; 2.94829e-05 ; 102.753;
9 ; 29 ; 15 ; 0.0227997 ; -0.021224 ; -0.000260448 ; 102.139;
10 ; 29 ; 15 ; 0.0111645 ; -0.00268113 ; -0.0107659 ; 102.161;
11 ; 29 ; 15 ; 0.0179382 ; -0.016874 ; 0.0168194 ; 102.92;
12 ; 29 ; 15 ; 0.0261046 ; -0.0150933 ; 0.00296799 ; 102.561;
13 ; 29 ; 15 ; 0.0156301 ; -0.00780594 ; 0.00170331 ; 102.589;
14 ; 29 ; 15 ; 0.0104046 ; -0.0185701 ; 0.0136061 ; 102.528;
15 ; 29 ; 15 ; -0.00313312 ; -0.0297146 ; 0.00326252 ; 102.655;
16 ; 29 ; 15 ; -0.0146951 ; -0.0329197 ; -0.0024454 ; 102.003;
17 ; 29 ; 15 ; -0.00279375 ; -0.027539 ; 0.00180312 ; 101.974;
18 ; 29 ; 15 ; 0.000678356 ; -0.027348 ; 0.00939287 ; 102.162;
19 ; 29 ; 15 ; -0.00787766 ; -0.0339336 ; 0.00323958 ; 102.078;
20 ; 29 ; 15 ; -0.00261941 ; -0.0293043 ; 0.00376556 ; 102.004;
21 ; 29 ; 15 ; -0.00983302 ; -0.0454109 ; 0.00779403 ; 102.454;
22 ; 29 ; 15 ; -0.00769899 ; -0.0288596 ; 0.0144621 ; 102.283;
23 ; 29 ; 15 ; -0.00187005 ; -0.0260428 ; 0.00253828 ; 102.533;
24 ; 29 ; 15 ; -0.0138987 ; -0.0307009 ; 0.00221108 ; 101.969;
25 ; 29 ; 15 ; -0.0337354 ; -0.0261361 ; -0.00044598 ; 102.52;
26 ; 29 ; 15 ; -0.0264268 ; -0.0111148 ; 0.00695296 ; 102.583;
27 ; 29 ; 15 ; -0.0127721 ; -0.0194476 ; -0.00774955 ; 102.628;
28 ; 29 ; 15 ; -0.0197571 ; -0.0230189 ; 0.0043585 ; 102.55;
29 ; 29 ; 15 ; -0.0185909 ; -0.00447038 ; -0.0094858 ; 102.882;
30 ; 29 ; 15 ; -0.0204148 ; -0.0114469 ; 0.00758866 ; 102.426;
31 ; 29 ; 15 ; -0.00457375 ; -0.018736 ; 0.00649799 ; 102.503;
32 ; 29 ; 15 ; -0.0117106 ; 0.00146507 ; 0.00457595 ; 102.302;
33 ; 29 ; 15 ; -0.00237372 ; -0.0191321 ; -0.00805598 ; 102.266;
4 ; 30 ; 15 ; 0.00269088 ; -0.0108809 ; -0.00894612 ; 102.997;
5 ; 30 ; 15 ; 0.00492629 ; -0.00736809 ; -0.0017724 ; 102.548;
6 ; 30 ; 15 ; -0.0044364 ; -0.0221713 ; -0.00603566 ; 101.876;
7 ; 30 ; 15 ; 0.0203011 ; -0.014312 ; -0.00295903 ; 102.45;
8 ; 30 ; 15 ; 0.0162479 ; -0.0179186 ; -0.00600148 ; 102.531;
9 ; 30 ; 15 ; 0.0299372 ; -0.00814397 ; 0.00158895 ; 102.818;
10 ; 30 ; 15 ; 0.024543 ; -0.0184314 ; 0.0105736 ; 102.976;
11 ; 30 ; 15 ; 0.0214074 ; -0.0135602 ; 0.00346252 ; 102.324;
12 ; 30 ; 15 ; 0.0194507 ; -0.033821 ; 0.00942941 ; 102.208;
13 ; 30 ; 15 ; 0.0157737 ; -0.0198114 ; 0.013578 ; 101.969;
14 ; 30 ; 15 ; -0.0011231 ; -0.0181841 ; 0.00780816 ; 102.275;
15 ; 30 ; 15 ; -0.00138568 ; -0.0277905 ; 0.00675162 ; 102.425;
16 ; 30 ; 15 ; -0.00239921 ; -0.0249185 ; -0.00248377 ; 101.945;
17 ; 30 ; 15 ; -0.00226122 ; -0.0193161 ; 0.00593994 ; 102.562;
18 ; 30 ; 15 ; 0.00425348 ; -0.0223632 ; 0.0105466 ; 102.364;
19 ; 30 ; 15 ; 0.00652386 ; -0.0393233 ; 0.0091748 ; 102.013;
20 ; 30 ; 15 ; 0.00226995 ; -0.0331733 ; -0.00189364 ; 102.239;
21 ; 30 ; 15 ; 0.00241172 ; -0.0245758 ; 0.015349 ; 101.942;
22 ; 30 ; 15 ; -0.00699508 ; -0.0296606 ; 0.0108576 ; 102.293;
23 ; 30 ; 15 ; 0.000307431 ; -0.0194588 ; 0.00444964 ; 102.421;
24 ; 30 ; 15 ; -0.000227605 ; -0.0212406 ; 0.00638571 ; 102.572;
25 ; 30 ; 15 ; -0.0112629 ; -0.0281982 ; -0.00424092 ; 102.136;
26 ; 30 ; 15 ; -0.0120697 ; -0.0165497 ; 0.00403781 ; 102.577;
27 ; 30 ; 15 ; -0.0110574 ; -0.0309137 ; 0.00481351 ; 102.557;
28 ; 30 ; 15 ; -0.0159708 ; -0.0223256 ; 0.0152317 ; 102.203;
29 ; 30 ; 15 ; -0.0178754 ; -0.0102799 ; 0.00382019 ; 102.779;
30 ; 30 ; 15 ; -0.0162288 ; -0.0191102 ; 0.0106899 ; 102.768;
31 ; 30 ; 15 ; -0.00991761 ; -0.0138535 ; -0.00875077 ; 102.744;
32 ; 30 ; 15 ; -0.00998042 ; -0.0110538 ; 0.00931036 ; 102.663;
33 ; 30 ; 15 ; -0.0102693 ; -0.0142148 ; -0.00451827 ; 102.258;
4 ; 31 ; 15 ; -0.00481318 ; -0.0125059 ; -0.00278753 ; 102.42;
5 ; 31 ; 15 ; -0.000912129 ; -0.0162341 ; 0.00395236 ; 102.521;
6 ; 31 ; 15 ; 0.0164221 ; -0.0130756 ; -0.00431876 ; 102.426;
7 ; 31 ; 15 ; 0.0103674 ; -0.0205275 ; 0.00687022 ; 102.693;
8 ; 31 ; 15 ; 0.0072318 ; -0.0160309 ; 0.00547597 ; 102.797;
9 ; 31 ; 15 ; 0.0175091 ; -0.0112556 ; -0.00138757 ; 102.417;
10 ; 31 ; 15 ; 0.0128232 ; 0.0050798 ; 0.00441023 ; 102.438;
11 ; 31 ; 15 ; 0.0204694 ; -0.0149893 ; 0.0165618 ; 102.112;
12 ; 31 ; 15 ; 0.0246188 ; -0.00634824 ; 0.00125027 ; 102.498;
13 ; 31 ; 15 ; 0.0248659 ; -0.0234287 ; 0.00633491 ; 101.987;
14 ; 31 ; 15 ; -0.00057892 ; -0.0198576 ; 0.00528895 ; 102.062;
15 ; 31 ; 15 ; 0.00848599 ; -0.029442 ; 0.00361539 ; 101.804;
16 ; 31 ; 15 ; 0.00920952 ; -0.02699 ; -0.00665317 ; 102.253;
17 ; 31 ; 15 ; -0.00927554 ; -0.0156308 ; -0.00837223 ; 101.563;
18 ; 31 ; 15 ; -0.00697894 ; -0.0163122 ; 0.00892073 ; 102.113;
19 ; 31 ; 15 ; 0.00584682 ; -0.00945672 ; 0.0175679 ; 101.589;
20 ; 31 ; 15 ; 0.00401181 ; -0.023597 ; -0.0140155 ; 102.266;
21 ; 31 ; 15 ; -0.00916819 ; -0.0159203 ; 0.0107553 ; 102.214;
22 ; 31 ; 15 ; 0.000801728 ; -0.0305702 ; 0.00555958 ; 102.249;
23 ; 31 ; 15 ; -0.00349212 ; -0.0264172 ; 0.000658179 ; 102.455;
24 ; 31 ; 15 ; 0.00459289 ; -0.0186442 ; -0.00382598 ; 102.265;
25 ; 31 ; 15 ; -0.00716578 ; -0.0299257 ; 0.00487211 ; 102.12;
26 ; 31 ; 15 ; -0.0186263 ; -0.0159939 ; -0.00044579 ; 102.538;
27 ; 31 ; 15 ; -0.00981781 ; -0.0179142 ; -0.00481569 ; 102.621;
28 ; 31 ; 15 ; -0.0171468 ; -0.016693 ; -0.00442142 ; 101.936;
29 ; 31 ; 15 ; -0.0194663 ; -0.0133923 ; -0.0165017 ; 102.608;
30 ; 31 ; 15 ; -0.0265428 ; -0.00890681 ; 0.00188582 ; 102.437;
31 ; 31 ; 15 ; -0.0145347 ; -0.0293028 ; -0.0019093 ; 102.659;
32 ; 31 ; 15 ; -0.0107145 ; -0.0124513 ; 0.00425965 ; 102.976;
33 ; 31 ; 15 ; -0.00845767 ; -0.0211656 ; -0.00599156 ; 102.352;
4 ; 32 ; 15 ; 0.0147382 ; -0.00958377 ; -0.00352715 ; 102.941;
5 ; 32 ; 15 ; 0.00779504 ; -0.0134401 ; -0.000651001 ; 102.46;
6 ; 32 ; 15 ; 0.0142056 ; -0.0166229 ; 0.00895726 ; 102.638;
7 ; 32 ; 15 ; 0.0037579 ; 0.00216242 ; 0.0106905 ; 102.823;
8 ; 32 ; 15 ; 0.01879 ; -0.0175198 ; -0.00118937 ; 102.547;
9 ; 32 ; 15 ; 0.00457903 ; -0.00731916 ; 0.0035788 ; 102.674;
10 ; 32 ; 15 ; 0.00570174 ; -0.00157302 ; 0.00483155 ; 102.338;
11 ; 32 ; 15 ; 0.00154934 ; -0.017504 ; 0.00456351 ; 101.514;
12 ; 32 ; 15 ; 0.0108358 ; -0.0131727 ; -0.00789476 ; 102.206;
13 ; 32 ; 15 ; 0.00507475 ; -0.0356394 ; 0.000903752 ; 102.604;
14 ; 32 ; 15 ; 0.0177451 ; 3.75483e-05 ; 0.00581653 ; 102.036;
15 ; 32 ; 15 ; -0.00290827 ; -0.00314338 ; 0.00438798 ; 102.281;
16 ; 32 ; 15 ; -0.00771559 ; -0.0149828 ; 0.0111048 ; 102.458;
17 ; 32 ; 15 ; -0.00687517 ; -0.0180064 ; 0.00455391 ; 101.881;
18 ; 32 ; 15 ; 0.00360057 ; -0.00826341 ; 0.0100443 ; 102.068;
19 ; 32 ; 15 ; 0.00223311 ; -0.0115114 ; -0.00281625 ; 102.068;
20 ; 32 ; 15 ; -0.000382161 ; -0.0282925 ; 0.00917118 ; 101.894;
21 ; 32 ; 15 ; 0.00448128 ; -0.0251818 ; -0.00867634 ; 102.11;
22 ; 32 ; 15 ; 0.0144254 ; -0.0131438 ; 0.000490645 ; 101.941;
23 ; 32 ; 15 ; -0.00827224 ; -0.0174274 ; -0.0173356 ; 102.162;
24 ; 32 ; 15 ; -0.0150482 ; -0.0174804 ; 0.00755773 ; 102.246;
25 ; 32 ; 15 ; -0.00602915 ; -0.00906658 ; -0.00822056 ; 102.355;
26 ; 32 ; 15 ; -0.0327533 ; -0.010365 ; 0.0107115 ; 102.352;
27 ; 32 ; 15 ; -0.00976324 ; -0.00739344 ; -0.000208313 ; 102.164;
28 ; 32 ; 15 ; -0.0197622 ; -0.00121413 ; 0.00742384 ; 102.506;
29 ; 32 ; 15 ; -0.0310324 ; 0.00315094 ; -0.00248164 ; 102.891;
30 ; 32 ; 15 ; -0.0105129 ; -0.0214472 ; -0.00144263 ; 102.482;
31 ; 32 ; 15 ; -0.0169775 ; -0.0177019 ; -0.00493938 ; 102.317;
32 ; 32 ; 15 ; -0.0124339 ; -0.0113704 ; -0.00506413 ; 102.578;
33 ; 32 ; 15 ; -0.00365314 ; 0.0038421 ; 0.00415 ; 102.788;
4 ; 33 ; 15 ; 0.00750041 ; -0.00126383 ; -0.0140262 ; 102.422;
5 ; 33 ; 15 ; 0.0094419 ; -0.00694458 ; -0.0109017 ; 102.861;
6 ; 33 ; 15 ; 0.0124755 ; -0.010382 ; -0.0169076 ; 102.881;
7 ; 33 ; 15 ; -0.00175742 ; 0.00345689 ; -0.00305936 ; 102.857;
8 ; 33 ; 15 ; 0.0148247 ; -0.00841861 ; -0.0106534 ; 102.91;
9 ; 33 ; 15 ; 0.0216836 ; -0.0109319 ; 0.0019073 ; 102.399;
10 ; 33 ; 15 ; 0.00973946 ; 0.000296156 ; 0.0150982 ; 102.674;
11 ; 33 ; 15 ; 0.00897392 ; -0.00485199 ; -0.00794274 ; 102.11;
12 ; 33 ; 15 ; 0.0112184 ; 0.00203352 ; -0.00517299 ; 102.461;
13 ; 33 ; 15 ; -0.00868947 ; 0.000369451 ; -0.00157786 ; 102.257;
14 ; 33 ; 15 ; -0.00851139 ; -0.00829067 ; -0.0089663 ; 101.671;
15 ; 33 ; 15 ; -0.00454189 ; 0.00143454 ; -0.0039208 ; 102.35;
16 ; 33 ; 15 ; -0.000661441 ; -0.0158449 ; 0.000826846 ; 101.803;
17 ; 33 ; 15 ; -0.00086917 ; 0.00450922 ; 0.000911225 ; 102.086;
18 ; 33 ; 15 ; 0.00262098 ; -0.0027805 ; -0.00178495 ; 102.125;
19 ; 33 ; 15 ; 0.000384958 ; -0.00529263 ; -0.000789234 ; 101.96;
20 ; 33 ; 15 ; 0.0103967 ; -0.015432 ; 0.00121585 ; 102.076;
21 ; 33 ; 15 ; -0.00805157 ; -0.0137108 ; -0.0021888 ; 101.8;
22 ; 33 ; 15 ; -0.0125496 ; -0.00963319 ; -0.000115718 ; 102.062;
23 ; 33 ; 15 ; 0.00702612 ; -0.00844901 ; 0.00114867 ; 102.459;
24 ; 33 ; 15 ; -0.00515347 ; -0.00475618 ; 0.00478261 ; 102.128;
25 ; 33 ; 15 ; -0.00381646 ; -0.0161925 ; -0.00241829 ; 102.056;
26 ; 33 ; 15 ; -0.0138262 ; -0.00409551 ; -0.00729946 ; 102.253;
27 ; 33 ; 15 ; -0.0213689 ; -0.00630653 ; -0.0030551 ; 102.4;
28 ; 33 ; 15 ; -0.0119119 ; -0.00889646 ; -0.0133061 ; 102.528;
29 ; 33 ; 15 ; -0.0120407 ; -0.0114543 ; -0.00775445 ; 102.105;
30 ; 33 ; 15 ; -0.0151719 ; -0.00968072 ; -0.00268935 ; 102.677;
31 ; 33 ; 15 ; -0.0207612 ; -0.00821661 ; -0.00238354 ; 102.375;
32 ; 33 ; 15 ; -0.0162938 ; -0.00509804 ; -0.00597028 ; 102.418;
33 ; 33 ; 15 ; -0.00889154 ; -0.00668107 ; 0.00187752 ; 102.16;
4 ; 4 ; 16 ; 0.00681839 ; 0.00397667 ; 0.0099376 ; 102.855;
5 ; 4 ; 16 ; 0.00175098 ; -0.00397253 ; -0.0028999 ; 102.753;
6 ; 4 ; 16 ; 0.0125025 ; 0.00717254 ; 0.0034652 ; 102.729;
7 ; 4 ; 16 ; 0.01391 ; -0.00328727 ; 0.00433451 ; 102.661;
8 ; 4 ; 16 ; 0.010987 ; 0.00686905 ; 0.00455627 ; 102.904;
9 ; 4 ; 16 ; 0.0185437 ; 0.00745235 ; -0.0182806 ; 102.6;
10 ; 4 ; 16 ; 0.0144841 ; -0.0159046 ; -0.00403548 ; 102.262;
11 ; 4 ; 16 ; 0.0154808 ; 0.0200491 ; 0.000977267 ; 102.562;
12 ; 4 ; 16 ; 0.00400246 ; 0.00352576 ; 0.00658748 ; 102.365;
13 ; 4 ; 16 ; 0.0120691 ; 0.00673002 ; -0.000616436 ; 102.444;
14 ; 4 ; 16 ; 0.00941678 ; -0.00317981 ; -0.00834417 ; 102.035;
15 ; 4 ; 16 ; 0.00630119 ; 0.005784 ; -0.0077803 ; 102.252;
16 ; 4 ; 16 ; 0.0108746 ; 0.00924544 ; -0.00637411 ; 101.783;
17 ; 4 ; 16 ; 0.00779855 ; 0.00918399 ; 0.00466949 ; 101.945;
18 ; 4 ; 16 ; 0.00354946 ; 0.0173487 ; -0.00522204 ; 102.367;
19 ; 4 ; 16 ; 0.00137287 ; -0.00741437 ; 0.0183486 ; 101.769;
20 ; 4 ; 16 ; 0.00899319 ; 0.00117836 ; -0.00534032 ; 102.155;
21 ; 4 ; 16 ; 0.00493949 ; 0.0126205 ; -0.00511899 ; 102.046;
22 ; 4 ; 16 ; 0.000983608 ; 0.0127293 ; 0.00527284 ; 102.02;
23 ; 4 ; 16 ; -0.00783772 ; 0.00420875 ; 0.013318 ; 102.28;
24 ; 4 ; 16 ; -0.00224527 ; 0.0133615 ; -0.00923905 ; 102.315;
25 ; 4 ; 16 ; -0.00808286 ; 0.01261 ; -0.00131378 ; 102.213;
26 ; 4 ; 16 ; -0.00981546 ; 0.0164964 ; -0.0122258 ; 102.601;
27 ; 4 ; 16 ; -0.0228959 ; -0.000815139 ; -0.00196387 ; 102.536;
28 ; 4 ; 16 ; -0.0160549 ; -0.00188561 ; -0.00369355 ; 102.109;
29 ; 4 ; 16 ; -0.0197528 ; 0.0045391 ; -0.00395034 ; 102.925;
30 ; 4 ; 16 ; -0.0101819 ; 0.00917529 ; -0.00438755 ; 102.52;
31 ; 4 ; 16 ; -0.0135416 ; 0.00181159 ; 0.00406815 ; 102.421;
32 ; 4 ; 16 ; -0.00599349 ; 0.00452736 ; 0.00194792 ; 103.079;
33 ; 4 ; 16 ; 0.00257611 ; 0.00409405 ; 0.01337 ; 102.733;
4 ; 5 ; 16 ; 0.0204251 ; -0.0077431 ; -0.00242145 ; 102.695;
5 ; 5 ; 16 ; 0.00796647 ; 0.00329188 ; -0.00910777 ; 102.915;
6 ; 5 ; 16 ; 0.0127172 ; 0.00887096 ; -0.00467973 ; 102.519;
7 ; 5 ; 16 ; 0.00817887 ; -0.00183914 ; 0.00128715 ; 102.519;
8 ; 5 ; 16 ; 0.0243808 ; 0.00800397 ; 0.00337365 ; 103.087;
9 ; 5 ; 16 ; 0.0304464 ; 0.0122742 ; -0.00462501 ; 102.834;
10 ; 5 ; 16 ; 0.00994235 ; 0.00735495 ; 0.00134233 ; 102.245;
11 ; 5 ; 16 ; 0.0119638 ; 0.0075457 ; 0.000226712 ; 102.387;
12 ; 5 ; 16 ; 0.0226851 ; 0.00675791 ; -0.00609226 ; 101.984;
13 ; 5 ; 16 ; 0.00250313 ; 0.00250151 ; 0.00278709 ; 102.333;
14 ; 5 ; 16 ; 0.00143944 ; 0.00281245 ; -0.00651353 ; 102.415;
15 ; 5 ; 16 ; 0.00985795 ; 0.0124657 ; -0.011178 ; 102.21;
16 ; 5 ; 16 ; -0.00357738 ; -0.000476602 ; -0.0022593 ; 102.134;
17 ; 5 ; 16 ; -0.017746 ; 0.0248544 ; 0.0027316 ; 102.358;
18 ; 5 ; 16 ; -0.0010442 ; 0.00988999 ; -0.00555718 ; 102.147;
19 ; 5 ; 16 ; 0.00385938 ; 0.0137908 ; -0.00633729 ; 102.21;
20 ; 5 ; 16 ; 0.00330305 ; 0.00567883 ; -0.00443028 ; 101.659;
21 ; 5 ; 16 ; 0.00254241 ; 0.00884804 ; 0.00517892 ; 101.896;
22 ; 5 ; 16 ; 0.00481628 ; 0.0130151 ; 0.00121291 ; 102.177;
23 ; 5 ; 16 ; -0.00507291 ; 0.0154795 ; -0.000668262 ; 102.2;
24 ; 5 ; 16 ; -0.00427203 ; 0.0200845 ; -0.0112555 ; 102.291;
25 ; 5 ; 16 ; -0.017973 ; 0.0128807 ; -0.00466645 ; 102.113;
26 ; 5 ; 16 ; -0.0311948 ; 0.0203347 ; -0.00932542 ; 102.37;
27 ; 5 ; 16 ; -0.0242327 ; 0.00840316 ; -0.0131499 ; 102.456;
28 ; 5 ; 16 ; -0.0107165 ; -0.000870393 ; 0.00521161 ; 102.623;
29 ; 5 ; 16 ; -0.01681 ; 0.00881692 ; 0.0155966 ; 102.782;
30 ; 5 ; 16 ; -0.0164258 ; 0.000245171 ; -0.000646468 ; 102.789;
31 ; 5 ; 16 ; -0.012263 ; 0.0108159 ; -0.00405328 ; 102.901;
32 ; 5 ; 16 ; -0.00905529 ; 0.011734 ; 0.00480277 ; 102.727;
33 ; 5 ; 16 ; 0.00466767 ; -0.000111545 ; -0.00198997 ; 102.188;
4 ; 6 ; 16 ; 0.00268258 ; 0.0120562 ; -0.0126624 ; 102.698;
5 ; 6 ; 16 ; 0.016249 ; 0.0250733 ; -0.00297488 ; 102.571;
6 ; 6 ; 16 ; 0.0111867 ; 0.017262 ; 0.0200969 ; 102.415;
7 ; 6 ; 16 ; 0.0125474 ; 0.0167429 ; 0.00223577 ; 102.746;
8 ; 6 ; 16 ; 0.0190836 ; 0.0223235 ; -0.00147045 ; 102.543;
9 ; 6 ; 16 ; 0.00919258 ; 0.0206527 ; 0.00342461 ; 102.466;
10 ; 6 ; 16 ; 0.0309336 ; 0.0142204 ; 0.0145899 ; 102.73;
11 ; 6 ; 16 ; 0.0293076 ; 0.00588956 ; 0.00487989 ; 102.667;
12 ; 6 ; 16 ; 0.0211427 ; 0.0267015 ; -0.00576535 ; 102.28;
13 ; 6 ; 16 ; -0.0076065 ; 0.0237782 ; 0.0025015 ; 101.892;
14 ; 6 ; 16 ; 0.0219762 ; 0.0247774 ; 0.00531905 ; 102.267;
15 ; 6 ; 16 ; 0.0121501 ; 0.0276103 ; -0.00156001 ; 102.24;
16 ; 6 ; 16 ; 0.00367546 ; 0.0218689 ; 0.00497584 ; 101.916;
17 ; 6 ; 16 ; 0.00183858 ; 0.0138668 ; 0.00575063 ; 102.528;
18 ; 6 ; 16 ; -0.00504563 ; 0.0194249 ; -0.00799075 ; 102.029;
19 ; 6 ; 16 ; -0.00270534 ; 0.02996 ; -0.00227518 ; 102.035;
20 ; 6 ; 16 ; 0.00210395 ; 0.0191401 ; 0.00116088 ; 102.507;
21 ; 6 ; 16 ; 0.00322467 ; 0.0213013 ; -0.00455763 ; 102.231;
22 ; 6 ; 16 ; 0.000467117 ; 0.0231536 ; 0.00235642 ; 102.53;
23 ; 6 ; 16 ; -0.0222881 ; 0.0284952 ; -0.0150537 ; 102.031;
24 ; 6 ; 16 ; -0.0128707 ; 0.0203881 ; -0.0158402 ; 101.937;
25 ; 6 ; 16 ; -0.0152891 ; 0.026826 ; -0.0035225 ; 102.476;
26 ; 6 ; 16 ; -0.0227005 ; 0.0288705 ; -0.0076291 ; 102.649;
27 ; 6 ; 16 ; -0.0188265 ; 0.0133787 ; -0.0034755 ; 102.495;
28 ; 6 ; 16 ; -0.0277039 ; 0.0182304 ; -0.00337884 ; 103.069;
29 ; 6 ; 16 ; -0.018596 ; 0.0315774 ; -0.00202539 ; 102.643;
30 ; 6 ; 16 ; -0.0204397 ; 0.0262167 ; -0.00330581 ; 102.618;
31 ; 6 ; 16 ; -0.0193787 ; 0.0079081 ; -0.0168659 ; 102.616;
32 ; 6 ; 16 ; -0.00986936 ; 0.0195809 ; -0.0024412 ; 102.99;
33 ; 6 ; 16 ; 0.00228854 ; 0.016474 ; 0.00291647 ; 102.685;
4 ; 7 ; 16 ; -0.00249758 ; 0.00307314 ; -0.00896773 ; 102.489;
5 ; 7 ; 16 ; 0.00316033 ; 0.025948 ; -0.00228878 ; 103.003;
6 ; 7 ; 16 ; 0.0118838 ; 0.0189227 ; 0.0102727 ; 102.579;
7 ; 7 ; 16 ; 0.0108766 ; 0.0230975 ; -0.00526281 ; 102.735;
8 ; 7 ; 16 ; 0.0133108 ; 0.0202085 ; -0.0205767 ; 102.375;
9 ; 7 ; 16 ; 0.00704993 ; 0.00610339 ; 0.0064102 ; 102.348;
10 ; 7 ; 16 ; 0.013226 ; 0.0257992 ; -0.00445089 ; 102.317;
11 ; 7 ; 16 ; 0.00573183 ; 0.0262925 ; 0.0175644 ; 102.118;
12 ; 7 ; 16 ; 0.0237906 ; 0.0120769 ; 0.00629628 ; 102.202;
13 ; 7 ; 16 ; 0.00740338 ; 0.0269369 ; 0.00115597 ; 102.69;
14 ; 7 ; 16 ; 0.01186 ; 0.0381351 ; -0.00164311 ; 102.035;
15 ; 7 ; 16 ; 0.000477386 ; 0.01548 ; -0.00304563 ; 102.23;
16 ; 7 ; 16 ; -0.00161941 ; 0.0211334 ; -0.00100365 ; 102.367;
17 ; 7 ; 16 ; -0.0102916 ; 0.0233351 ; 0.00903342 ; 101.663;
18 ; 7 ; 16 ; -0.002219 ; 0.0282626 ; 0.0041847 ; 102.129;
19 ; 7 ; 16 ; 5.80941e-06 ; 0.0403573 ; -0.00827675 ; 102.027;
20 ; 7 ; 16 ; 0.000958089 ; 0.0275766 ; 0.0162887 ; 101.953;
21 ; 7 ; 16 ; -0.00209132 ; 0.0249483 ; 0.0120669 ; 102.36;
22 ; 7 ; 16 ; -0.0122509 ; 0.0270943 ; 0.0116868 ; 102.755;
23 ; 7 ; 16 ; 0.0130233 ; 0.0294085 ; 0.00627848 ; 102.205;
24 ; 7 ; 16 ; 0.00205138 ; 0.0171983 ; -0.00989798 ; 102.052;
25 ; 7 ; 16 ; -0.000686566 ; 0.0145962 ; -0.0162267 ; 102.163;
26 ; 7 ; 16 ; -0.0167981 ; 0.026487 ; 0.00732028 ; 102.734;
27 ; 7 ; 16 ; -0.0212158 ; 0.0324816 ; -0.00872529 ; 102.32;
28 ; 7 ; 16 ; -0.0187924 ; 0.0210798 ; 0.00484219 ; 102.622;
29 ; 7 ; 16 ; -0.0165962 ; 0.0180473 ; 0.00206002 ; 101.941;
30 ; 7 ; 16 ; -0.00428781 ; 0.0257915 ; -0.00162871 ; 102.576;
31 ; 7 ; 16 ; -0.00922813 ; 0.0132428 ; -0.00673424 ; 102.365;
32 ; 7 ; 16 ; -0.0147668 ; 0.0131202 ; -0.00649689 ; 102.683;
33 ; 7 ; 16 ; -0.001025 ; 0.00807033 ; -0.0105234 ; 102.432;
4 ; 8 ; 16 ; 0.00454967 ; 0.0148366 ; -0.0133625 ; 102.562;
5 ; 8 ; 16 ; 0.00458048 ; 0.0177272 ; -0.0013967 ; 102.594;
6 ; 8 ; 16 ; 0.0100001 ; 0.0204015 ; -0.01046 ; 102.484;
7 ; 8 ; 16 ; 0.0142867 ; 0.0255374 ; -0.00140523 ; 102.68;
8 ; 8 ; 16 ; 0.0216183 ; 0.023483 ; 0.00395489 ; 102.718;
9 ; 8 ; 16 ; 0.0208282 ; 0.011194 ; -0.00485971 ; 102.469;
10 ; 8 ; 16 ; 0.0400522 ; 0.030437 ; -0.00344677 ; 102.606;
11 ; 8 ; 16 ; 0.0121661 ; 0.0241817 ; 0.00849623 ; 102.258;
12 ; 8 ; 16 ; 0.0224556 ; 0.0115331 ; -0.000360979 ; 102.021;
13 ; 8 ; 16 ; 0.0075268 ; 0.0303681 ; -0.0012108 ; 101.682;
14 ; 8 ; 16 ; 0.0165168 ; 0.0282152 ; 0.00262318 ; 102.263;
15 ; 8 ; 16 ; 0.00736223 ; 0.0232008 ; 0.0122424 ; 101.929;
16 ; 8 ; 16 ; 0.0109216 ; 0.0254209 ; 0.0132794 ; 102.213;
17 ; 8 ; 16 ; 0.00691754 ; 0.0176266 ; -0.00659318 ; 102.378;
18 ; 8 ; 16 ; 0.0157674 ; 0.0212762 ; 0.00157045 ; 102.03;
19 ; 8 ; 16 ; -0.00137177 ; 0.02722 ; -0.00890654 ; 101.887;
20 ; 8 ; 16 ; -0.00432452 ; 0.034269 ; 0.00281835 ; 102.153;
21 ; 8 ; 16 ; -0.00358434 ; 0.0117756 ; -0.0061796 ; 102.071;
22 ; 8 ; 16 ; -0.0225234 ; 0.0237437 ; 0.00821084 ; 101.709;
23 ; 8 ; 16 ; 0.00125631 ; 0.0191577 ; 0.000727712 ; 102.451;
24 ; 8 ; 16 ; -0.00587711 ; 0.0256061 ; -0.00924694 ; 102.251;
25 ; 8 ; 16 ; -0.0113775 ; 0.0201617 ; 0.00905387 ; 102.529;
26 ; 8 ; 16 ; -0.0260776 ; 0.0178373 ; -0.00319683 ; 102.484;
27 ; 8 ; 16 ; -0.0326024 ; 0.0292434 ; -0.00239685 ; 102.712;
28 ; 8 ; 16 ; -0.00979022 ; 0.0267808 ; 0.000266315 ; 102.643;
29 ; 8 ; 16 ; -0.0157712 ; 0.0196034 ; -0.00995992 ; 103.216;
30 ; 8 ; 16 ; -0.0232941 ; 0.0146992 ; -0.000264495 ; 102.264;
31 ; 8 ; 16 ; -0.011386 ; 0.0124721 ; 0.00133184 ; 102.461;
32 ; 8 ; 16 ; -0.00675205 ; 0.00507005 ; 0.00914416 ; 102.781;
33 ; 8 ; 16 ; -0.0102306 ; 0.00855842 ; -0.00854429 ; 102.413;
4 ; 9 ; 16 ; 0.00258643 ; 0.0227982 ; 0.00613119 ; 102.247;
5 ; 9 ; 16 ; 0.00819015 ; 0.0265965 ; 0.0013151 ; 102.078;
6 ; 9 ; 16 ; 0.0291751 ; 0.0251131 ; -0.00233292 ; 102.478;
7 ; 9 ; 16 ; 0.0227634 ; 0.0148131 ; -0.00258206 ; 102.428;
8 ; 9 ; 16 ; 0.0277693 ; 0.0179692 ; 0.00367507 ; 102.645;
9 ; 9 ; 16 ; 0.0169588 ; 0.00858871 ; -0.00354854 ; 102.494;
10 ; 9 ; 16 ; 0.0148696 ; 0.0134187 ; -0.00373192 ; 102.347;
11 ; 9 ; 16 ; 0.0248937 ; 0.0173175 ; -0.00132975 ; 102.34;
12 ; 9 ; 16 ; 0.0297694 ; 0.0300677 ; 0.0014854 ; 102.506;
13 ; 9 ; 16 ; -0.00542523 ; 0.0128369 ; -0.00468394 ; 102.289;
14 ; 9 ; 16 ; -0.00111821 ; 0.0272342 ; 0.0133976 ; 102.135;
15 ; 9 ; 16 ; 0.00520582 ; 0.0241305 ; 0.0022733 ; 101.757;
16 ; 9 ; 16 ; 0.00555537 ; 0.0311578 ; 0.00303363 ; 102.204;
17 ; 9 ; 16 ; 0.00491411 ; 0.0310542 ; -0.00115806 ; 102.359;
18 ; 9 ; 16 ; 0.00256424 ; 0.0293886 ; -0.00975428 ; 101.451;
19 ; 9 ; 16 ; 0.00455729 ; 0.0315407 ; 0.00219601 ; 101.772;
20 ; 9 ; 16 ; 0.0100037 ; 0.0391024 ; 0.0145302 ; 102.132;
21 ; 9 ; 16 ; -0.00873639 ; 0.0300329 ; 0.00372281 ; 101.674;
22 ; 9 ; 16 ; -0.00424079 ; 0.0293022 ; -0.0117996 ; 102.544;
23 ; 9 ; 16 ; -0.0102493 ; 0.0109239 ; -0.00284244 ; 102.345;
24 ; 9 ; 16 ; -0.025936 ; 0.0227234 ; -0.000417252 ; 102.091;
25 ; 9 ; 16 ; -0.0133686 ; 0.0381651 ; 0.00840161 ; 102.084;
26 ; 9 ; 16 ; -0.0125278 ; 0.0283004 ; 0.0076817 ; 102.519;
27 ; 9 ; 16 ; -0.00626181 ; 0.0243394 ; -0.0111946 ; 102.674;
28 ; 9 ; 16 ; -0.00991546 ; 0.0178336 ; -0.00350862 ; 102.569;
29 ; 9 ; 16 ; -0.0204571 ; 0.0193084 ; -0.0082959 ; 101.983;
30 ; 9 ; 16 ; -0.00913769 ; 0.0168003 ; 0.00339397 ; 102.929;
31 ; 9 ; 16 ; -0.0142564 ; 0.0202711 ; 0.00231278 ; 102.39;
32 ; 9 ; 16 ; -0.000921917 ; 0.0201444 ; -0.002746 ; 102.353;
33 ; 9 ; 16 ; 0.00375098 ; 0.0217636 ; 0.0070375 ; 102.138;
4 ; 10 ; 16 ; -0.00274715 ; 0.0138807 ; 0.0068464 ; 102.391;
5 ; 10 ; 16 ; 0.00820472 ; 0.00380284 ; 0.00839957 ; 102.344;
6 ; 10 ; 16 ; 0.0120351 ; 0.0248573 ; 0.00377073 ; 102.328;
7 ; 10 ; 16 ; 0.0285805 ; 0.0126045 ; -0.00861333 ; 102.434;
8 ; 10 ; 16 ; 0.0345247 ; 0.00603013 ; 0.000255372 ; 102.554;
9 ; 10 ; 16 ; 0.00907196 ; 0.0179116 ; -0.0127503 ; 102.442;
10 ; 10 ; 16 ; 0.0156655 ; 0.0121005 ; -0.0104796 ; 102.826;
11 ; 10 ; 16 ; 0.014771 ; 0.0189811 ; -0.00692833 ; 102.707;
12 ; 10 ; 16 ; 0.0157066 ; 0.030802 ; -0.0119912 ; 102.603;
13 ; 10 ; 16 ; 0.0312268 ; 0.0262966 ; -4.28418e-05 ; 101.782;
14 ; 10 ; 16 ; 0.030203 ; 0.0276638 ; -0.00711283 ; 101.996;
15 ; 10 ; 16 ; 0.00876736 ; 0.0252746 ; 0.015004 ; 101.866;
16 ; 10 ; 16 ; 0.00283691 ; 0.0224461 ; -0.0118498 ; 102.189;
17 ; 10 ; 16 ; -0.0111632 ; 0.018691 ; -0.00585844 ; 101.894;
18 ; 10 ; 16 ; 0.00607837 ; 0.0229942 ; -0.00428321 ; 101.913;
19 ; 10 ; 16 ; 0.0116193 ; 0.0245208 ; -0.00389655 ; 101.781;
20 ; 10 ; 16 ; -0.00738699 ; 0.0276442 ; 0.00395679 ; 102.174;
21 ; 10 ; 16 ; -0.00956058 ; 0.0265797 ; 0.0124196 ; 101.758;
22 ; 10 ; 16 ; -0.00800246 ; 0.031006 ; -0.00587995 ; 101.723;
23 ; 10 ; 16 ; -0.0149853 ; 0.0161068 ; -0.00771382 ; 101.589;
24 ; 10 ; 16 ; -0.0092925 ; 0.0192292 ; 0.000573416 ; 101.966;
25 ; 10 ; 16 ; -0.023437 ; 0.0171743 ; -0.0078587 ; 102.142;
26 ; 10 ; 16 ; -0.0199132 ; 0.0198327 ; -0.0021332 ; 102.459;
27 ; 10 ; 16 ; -0.0206399 ; 0.0240198 ; -0.000543634 ; 102.637;
28 ; 10 ; 16 ; -0.0184235 ; 0.0130328 ; -0.00161522 ; 102.357;
29 ; 10 ; 16 ; -0.0177085 ; 0.0204798 ; -0.00829585 ; 102.354;
30 ; 10 ; 16 ; -0.0138728 ; 0.0254771 ; -0.0066958 ; 102.156;
31 ; 10 ; 16 ; -0.0315188 ; 0.021038 ; 0.010078 ; 102.294;
32 ; 10 ; 16 ; -0.013734 ; 0.0231005 ; -0.00330576 ; 102.761;
33 ; 10 ; 16 ; 0.0101025 ; 0.0273847 ; -0.00910051 ; 102.201;
4 ; 11 ; 16 ; 0.00310182 ; 0.0174144 ; -0.0068028 ; 102.326;
5 ; 11 ; 16 ; 0.00932041 ; 0.0185103 ; -0.000686266 ; 102.247;
6 ; 11 ; 16 ; 0.021317 ; 0.029176 ; 0.00288692 ; 101.777;
7 ; 11 ; 16 ; 0.00660591 ; 0.00910906 ; 0.00941541 ; 102.582;
8 ; 11 ; 16 ; 0.0233543 ; 0.00262896 ; -0.0194866 ; 101.876;
9 ; 11 ; 16 ; 0.0201209 ; 0.0140403 ; 0.00579128 ; 102.537;
10 ; 11 ; 16 ; 0.0212338 ; 0.0295451 ; 0.00530379 ; 102.15;
11 ; 11 ; 16 ; 0.0307736 ; 0.0131266 ; -0.00423786 ; 102.529;
12 ; 11 ; 16 ; 0.0252486 ; 0.0102651 ; -0.00599488 ; 102.485;
13 ; 11 ; 16 ; 0.0150066 ; 0.0157414 ; -0.00179351 ; 101.631;
14 ; 11 ; 16 ; 0.0173163 ; 0.0166441 ; 0.0106986 ; 101.99;
15 ; 11 ; 16 ; 0.00748271 ; 0.0284179 ; 0.0111245 ; 101.982;
16 ; 11 ; 16 ; 0.00693035 ; 0.0377603 ; -0.0154447 ; 102.012;
17 ; 11 ; 16 ; -0.00769175 ; 0.0193216 ; 0.00495909 ; 101.665;
18 ; 11 ; 16 ; 0.0052323 ; 0.0149705 ; 0.00159337 ; 101.991;
19 ; 11 ; 16 ; 0.0081541 ; 0.0123616 ; -0.00451328 ; 101.948;
20 ; 11 ; 16 ; -0.00116326 ; 0.0341293 ; -0.0102205 ; 102.036;
21 ; 11 ; 16 ; -0.00800469 ; 0.0381502 ; 0.010141 ; 101.498;
22 ; 11 ; 16 ; -0.00567118 ; 0.0206143 ; -0.00839174 ; 101.741;
23 ; 11 ; 16 ; -0.0124348 ; 0.0329372 ; 0.00511766 ; 101.933;
24 ; 11 ; 16 ; -0.0108777 ; 0.00423155 ; -0.000473781 ; 101.482;
25 ; 11 ; 16 ; -0.0140333 ; 0.0185847 ; -0.00841362 ; 102.287;
26 ; 11 ; 16 ; -0.0237734 ; 0.0230169 ; -0.0106497 ; 102.035;
27 ; 11 ; 16 ; -0.0150554 ; 0.0174071 ; -0.00892034 ; 102.336;
28 ; 11 ; 16 ; -0.0121353 ; 0.0234006 ; -0.00838205 ; 102.175;
29 ; 11 ; 16 ; -0.0264027 ; 0.0114592 ; 0.00845489 ; 102.166;
30 ; 11 ; 16 ; -0.00851461 ; 0.0174992 ; -0.00720018 ; 102.098;
31 ; 11 ; 16 ; -0.0215828 ; 0.0116046 ; 0.000940557 ; 102.533;
32 ; 11 ; 16 ; -0.00467396 ; 0.0123925 ; 0.0120162 ; 102.403;
33 ; 11 ; 16 ; -0.00417384 ; 0.0116025 ; 0.00694765 ; 102.068;
4 ; 12 ; 16 ; -0.00276825 ; 0.0142597 ; -0.00238904 ; 102.02;
5 ; 12 ; 16 ; -0.00178985 ; 0.00997065 ; 0.000410062 ; 102.66;
6 ; 12 ; 16 ; 0.0261699 ; 0.0157466 ; 0.00325678 ; 102.417;
7 ; 12 ; 16 ; 0.0159601 ; 0.00921506 ; -0.00347902 ; 102.032;
8 ; 12 ; 16 ; 0.0145594 ; 0.0162894 ; 0.000308348 ; 102.458;
9 ; 12 ; 16 ; 0.0126582 ; 0.0204876 ; 0.00336227 ; 102.292;
10 ; 12 ; 16 ; 0.0485066 ; 0.012839 ; -0.00331142 ; 102.472;
11 ; 12 ; 16 ; 0.0316676 ; 0.0271039 ; 0.00107838 ; 102.53;
12 ; 12 ; 16 ; 0.0136283 ; 0.0165389 ; 1.01867e-05 ; 101.668;
13 ; 12 ; 16 ; 0.00763708 ; 0.0180269 ; -0.000231218 ; 102.35;
14 ; 12 ; 16 ; 0.00981878 ; 0.0059757 ; 0.0191148 ; 101.781;
15 ; 12 ; 16 ; 0.0141074 ; 0.018181 ; 0.00457731 ; 102.159;
16 ; 12 ; 16 ; -0.0119584 ; 0.0205742 ; -0.00323788 ; 101.533;
17 ; 12 ; 16 ; -0.000126513 ; 0.013253 ; -0.00736991 ; 102.002;
18 ; 12 ; 16 ; 0.0107999 ; 0.00142712 ; -0.00125051 ; 102.184;
19 ; 12 ; 16 ; 0.00723722 ; 0.0192945 ; 0.00328903 ; 102.129;
20 ; 12 ; 16 ; -0.00874713 ; 0.0141339 ; -0.000787095 ; 101.846;
21 ; 12 ; 16 ; -0.00835948 ; 0.016361 ; 0.00784679 ; 101.909;
22 ; 12 ; 16 ; 0.000833931 ; 0.0197884 ; 0.000654664 ; 101.362;
23 ; 12 ; 16 ; 0.00850388 ; 0.0199785 ; -0.0024833 ; 101.578;
24 ; 12 ; 16 ; -0.0126368 ; 0.0164173 ; 0.0155218 ; 101.878;
25 ; 12 ; 16 ; -0.0194982 ; 0.0228893 ; -0.0133561 ; 101.755;
26 ; 12 ; 16 ; -0.0198074 ; 0.0216494 ; -0.00446377 ; 102.12;
27 ; 12 ; 16 ; -0.0174007 ; 0.010349 ; -0.00518851 ; 102.189;
28 ; 12 ; 16 ; -0.0087225 ; 0.012963 ; -0.00370149 ; 102.215;
29 ; 12 ; 16 ; -0.0371889 ; 0.0090009 ; -0.0155976 ; 102.26;
30 ; 12 ; 16 ; -0.0205427 ; 0.00308343 ; 0.00232369 ; 102.507;
31 ; 12 ; 16 ; -0.0250442 ; 0.00870137 ; -0.00351102 ; 102.022;
32 ; 12 ; 16 ; -0.0145259 ; 0.0140602 ; 0.00397852 ; 102.123;
33 ; 12 ; 16 ; -0.00390301 ; 0.00599096 ; -0.0128401 ; 101.951;
4 ; 13 ; 16 ; -0.00334034 ; -0.00249576 ; -0.0021928 ; 101.883;
5 ; 13 ; 16 ; 0.0160792 ; 0.0111878 ; 0.00981615 ; 102.122;
6 ; 13 ; 16 ; 0.0193781 ; 0.012839 ; -0.00944946 ; 102.269;
7 ; 13 ; 16 ; 0.0263093 ; 0.0133937 ; 0.00411265 ; 102.289;
8 ; 13 ; 16 ; 0.0221642 ; 0.027464 ; 0.00396929 ; 102.47;
9 ; 13 ; 16 ; 0.0264144 ; -0.00124488 ; -0.0143359 ; 102.502;
10 ; 13 ; 16 ; 0.0219841 ; 0.0118735 ; -0.00827782 ; 102.004;
11 ; 13 ; 16 ; 0.0166264 ; 0.0243889 ; -0.00237031 ; 101.943;
12 ; 13 ; 16 ; 0.00927834 ; 0.0182001 ; 0.0125671 ; 101.996;
13 ; 13 ; 16 ; 0.0224083 ; 0.0159941 ; 0.0117777 ; 102.303;
14 ; 13 ; 16 ; -0.00200426 ; 0.0200671 ; 0.00215332 ; 101.997;
15 ; 13 ; 16 ; 0.00516172 ; 0.0115552 ; -0.0011337 ; 101.435;
16 ; 13 ; 16 ; -0.00903843 ; 0.0102006 ; -0.000686984 ; 101.806;
17 ; 13 ; 16 ; -0.00757268 ; 0.010604 ; -0.00345648 ; 101.561;
18 ; 13 ; 16 ; -0.00459943 ; 0.00838042 ; -0.00700664 ; 101.803;
19 ; 13 ; 16 ; -0.00840371 ; 0.00642339 ; 0.0107191 ; 101.784;
20 ; 13 ; 16 ; 0.00878735 ; 0.00248912 ; 0.00541908 ; 101.88;
21 ; 13 ; 16 ; -0.011778 ; 0.0106576 ; 0.0142319 ; 101.952;
22 ; 13 ; 16 ; -0.00834859 ; 0.0128067 ; -0.00458239 ; 102.007;
23 ; 13 ; 16 ; -0.00719542 ; 0.0242268 ; 0.00386716 ; 102.074;
24 ; 13 ; 16 ; -0.0118553 ; 0.0123273 ; -0.0175246 ; 102.094;
25 ; 13 ; 16 ; -0.00849417 ; 0.00406974 ; -0.00291293 ; 102.058;
26 ; 13 ; 16 ; -0.0252574 ; 0.0147719 ; -0.00520367 ; 102.082;
27 ; 13 ; 16 ; -0.0257313 ; 0.0122982 ; 0.00282757 ; 102.505;
28 ; 13 ; 16 ; -0.0176345 ; 0.0109868 ; 0.00499475 ; 102.34;
29 ; 13 ; 16 ; -0.0175427 ; -0.00184985 ; -0.00197655 ; 102.255;
30 ; 13 ; 16 ; -0.0263424 ; -0.0025486 ; 0.0017016 ; 102.316;
31 ; 13 ; 16 ; -0.0289044 ; 0.00163055 ; 0.00431555 ; 102.494;
32 ; 13 ; 16 ; -0.00601339 ; -0.00375144 ; -0.00834613 ; 102.76;
33 ; 13 ; 16 ; -0.00793205 ; 0.00548818 ; 0.000605342 ; 102.232;
4 ; 14 ; 16 ; 0.000546996 ; 0.00223202 ; -9.07307e-05 ; 102.379;
5 ; 14 ; 16 ; 0.0122516 ; 0.00761236 ; 0.00713301 ; 102.092;
6 ; 14 ; 16 ; 0.0199752 ; 0.00335728 ; -0.00407628 ; 102.219;
7 ; 14 ; 16 ; 0.0172689 ; 0.00047954 ; 0.00231418 ; 102.057;
8 ; 14 ; 16 ; 0.0177979 ; 0.0179432 ; 0.00305469 ; 102.127;
9 ; 14 ; 16 ; 0.0134821 ; -0.00170973 ; -0.00346111 ; 101.849;
10 ; 14 ; 16 ; 0.0100889 ; 0.0143056 ; -0.00554479 ; 102.522;
11 ; 14 ; 16 ; 0.0267232 ; 0.00408224 ; 0.00098999 ; 102.118;
12 ; 14 ; 16 ; 0.014499 ; 0.00662757 ; 0.0182442 ; 101.934;
13 ; 14 ; 16 ; 0.0193716 ; 0.00981588 ; 0.00452096 ; 101.535;
14 ; 14 ; 16 ; 0.00627056 ; 0.00727136 ; -0.000982202 ; 102.102;
15 ; 14 ; 16 ; 0.000219511 ; 0.0104025 ; 0.00800435 ; 101.401;
16 ; 14 ; 16 ; 0.00731748 ; 0.0167296 ; -0.000456951 ; 101.646;
17 ; 14 ; 16 ; 0.00443596 ; 0.00773097 ; -0.00228083 ; 101.543;
18 ; 14 ; 16 ; 0.000261805 ; 0.00196322 ; 0.011024 ; 101.525;
19 ; 14 ; 16 ; -0.0142367 ; -0.00277764 ; -0.00775917 ; 101.613;
20 ; 14 ; 16 ; 0.00239088 ; 0.00613906 ; 0.00759301 ; 101.8;
21 ; 14 ; 16 ; -0.000940719 ; 0.00276055 ; 0.00263921 ; 101.541;
22 ; 14 ; 16 ; -0.00164256 ; 0.012516 ; 0.00147477 ; 101.861;
23 ; 14 ; 16 ; -0.00404563 ; -0.00711432 ; -0.0054315 ; 101.947;
24 ; 14 ; 16 ; -0.00604588 ; -0.00329084 ; 0.00787803 ; 101.803;
25 ; 14 ; 16 ; -0.0267232 ; 0.0174217 ; -0.00135142 ; 102.241;
26 ; 14 ; 16 ; -0.0171405 ; 0.00952856 ; -0.00359663 ; 101.986;
27 ; 14 ; 16 ; -0.0317626 ; -0.00809688 ; -0.00223024 ; 102.094;
28 ; 14 ; 16 ; -0.0231867 ; 0.0053721 ; -0.0188098 ; 101.488;
29 ; 14 ; 16 ; -0.0192044 ; 0.00917735 ; -0.00241442 ; 102.133;
30 ; 14 ; 16 ; -0.025089 ; 0.00734617 ; 0.00378659 ; 102.155;
31 ; 14 ; 16 ; -0.0293268 ; 0.00457977 ; 0.00695411 ; 101.984;
32 ; 14 ; 16 ; -0.00778599 ; -0.00602006 ; -0.00129951 ; 102.05;
33 ; 14 ; 16 ; 0.00553812 ; -0.00054292 ; 0.0185782 ; 101.971;
4 ; 15 ; 16 ; -0.00121349 ; -0.0116767 ; -0.00400431 ; 101.739;
5 ; 15 ; 16 ; 0.0172087 ; 0.00201366 ; 0.00103595 ; 102.5;
6 ; 15 ; 16 ; 0.0169168 ; -0.00709874 ; 0.00875073 ; 102.078;
7 ; 15 ; 16 ; 0.0289335 ; -0.00468668 ; 0.00935899 ; 101.527;
8 ; 15 ; 16 ; 0.0249767 ; -0.00303205 ; -0.0152086 ; 101.759;
9 ; 15 ; 16 ; 0.025987 ; -0.00607458 ; 0.0197738 ; 101.997;
10 ; 15 ; 16 ; 0.0304492 ; -0.00950544 ; -0.00315821 ; 101.874;
11 ; 15 ; 16 ; 0.0224907 ; -0.000464898 ; -0.00396406 ; 101.98;
12 ; 15 ; 16 ; 0.0216999 ; 0.00666795 ; 0.00671462 ; 101.899;
13 ; 15 ; 16 ; 0.0216645 ; 0.0040452 ; -0.000726625 ; 101.835;
14 ; 15 ; 16 ; 0.000880455 ; -0.00467207 ; -0.000395604 ; 101.27;
15 ; 15 ; 16 ; 0.00208884 ; 0.00984143 ; 0.00521965 ; 101.951;
16 ; 15 ; 16 ; -0.0021098 ; -0.0108979 ; -0.00133299 ; 101.625;
17 ; 15 ; 16 ; -0.0105793 ; 0.00806575 ; -0.00861925 ; 101.231;
18 ; 15 ; 16 ; 0.00439213 ; 0.0128566 ; -0.00512067 ; 101.776;
19 ; 15 ; 16 ; -0.0101851 ; 0.00394448 ; 0.00531481 ; 101.598;
20 ; 15 ; 16 ; -0.00303103 ; -0.00475189 ; 0.00175272 ; 101.239;
21 ; 15 ; 16 ; 0.00305917 ; -0.00277444 ; -0.00697147 ; 101.987;
22 ; 15 ; 16 ; -0.00500076 ; 0.00492817 ; 0.00103108 ; 101.555;
23 ; 15 ; 16 ; -0.0103356 ; 0.00611666 ; -0.00104753 ; 101.775;
24 ; 15 ; 16 ; -0.0126927 ; 0.00393436 ; -0.011972 ; 102.013;
25 ; 15 ; 16 ; -0.0214836 ; 0.00991698 ; 0.00702683 ; 102.123;
26 ; 15 ; 16 ; -0.027391 ; 0.000599856 ; 0.000617248 ; 102.231;
27 ; 15 ; 16 ; -0.0245064 ; 0.00723982 ; 0.00636795 ; 102.014;
28 ; 15 ; 16 ; -0.0301025 ; -0.0127716 ; -0.00817704 ; 101.901;
29 ; 15 ; 16 ; -0.0219024 ; -0.00773138 ; -0.0147897 ; 102.204;
30 ; 15 ; 16 ; -0.0192308 ; 0.00763174 ; -6.21605e-05 ; 102.078;
31 ; 15 ; 16 ; -0.024516 ; -0.00451971 ; 0.0177145 ; 102.094;
32 ; 15 ; 16 ; -0.0197331 ; -0.0103664 ; -0.000196954 ; 101.562;
33 ; 15 ; 16 ; 0.000759238 ; -0.00601061 ; -0.0042967 ; 102.453;
4 ; 16 ; 16 ; 0.0139362 ; -0.00348198 ; 0.00121415 ; 102.185;
5 ; 16 ; 16 ; 0.00341834 ; -0.00483339 ; -0.00331163 ; 102.044;
6 ; 16 ; 16 ; 0.0228805 ; -0.00105836 ; -0.0024022 ; 102.502;
7 ; 16 ; 16 ; 0.0181159 ; 0.00122261 ; 0.00201216 ; 101.756;
8 ; 16 ; 16 ; 0.0314136 ; -0.00803304 ; -0.00474148 ; 102.194;
9 ; 16 ; 16 ; 0.0174586 ; 0.00754069 ; -0.00880842 ; 102.32;
10 ; 16 ; 16 ; 0.0142773 ; -0.00293249 ; -0.000357159 ; 102.044;
11 ; 16 ; 16 ; 0.019222 ; 0.0057846 ; 0.00106585 ; 101.85;
12 ; 16 ; 16 ; 0.00845284 ; -0.00494317 ; 0.00703299 ; 101.868;
13 ; 16 ; 16 ; 0.0148621 ; 0.000613666 ; 0.0123496 ; 101.428;
14 ; 16 ; 16 ; 0.00931755 ; -0.00342893 ; 0.0147656 ; 101.822;
15 ; 16 ; 16 ; 0.00384931 ; -0.00386765 ; -0.000146609 ; 101.443;
16 ; 16 ; 16 ; -0.00619275 ; -0.00420849 ; -0.00454936 ; 101.739;
17 ; 16 ; 16 ; 0.000522615 ; 0.00495796 ; 0.00201471 ; 101.515;
18 ; 16 ; 16 ; 0.000245612 ; 0.00381773 ; -0.00754115 ; 101.31;
19 ; 16 ; 16 ; -0.00589578 ; 0.00660936 ; 0.0085716 ; 101.433;
20 ; 16 ; 16 ; -0.00197451 ; 0.00261242 ; 0.0117167 ; 101.723;
21 ; 16 ; 16 ; -0.00126201 ; -0.00305069 ; 0.0121772 ; 101.453;
22 ; 16 ; 16 ; -0.00111835 ; 0.00289799 ; 0.0103172 ; 101.408;
23 ; 16 ; 16 ; -0.00927279 ; 0.0038073 ; -0.0104426 ; 101.437;
24 ; 16 ; 16 ; -0.01232 ; 0.0137906 ; 0.00043212 ; 101.625;
25 ; 16 ; 16 ; -0.0325941 ; 0.0083818 ; 0.00594597 ; 102.138;
26 ; 16 ; 16 ; -0.0112672 ; 0.00653726 ; -0.000941272 ; 101.86;
27 ; 16 ; 16 ; -0.0222035 ; 0.00883821 ; 0.00952486 ; 102.524;
28 ; 16 ; 16 ; -0.0268404 ; 0.00713648 ; 0.0104988 ; 102.194;
29 ; 16 ; 16 ; -0.034745 ; -0.00492428 ; 0.0144433 ; 101.992;
30 ; 16 ; 16 ; -0.0215571 ; -0.00566043 ; -0.00584542 ; 101.862;
31 ; 16 ; 16 ; -0.0113837 ; 0.0153815 ; -0.000385813 ; 101.792;
32 ; 16 ; 16 ; -0.00399771 ; -0.00054847 ; -0.00848042 ; 101.917;
33 ; 16 ; 16 ; 0.000517577 ; 0.0100972 ; -0.0110885 ; 102.073;
4 ; 17 ; 16 ; 0.0119437 ; -0.00649156 ; 0.00655291 ; 102.052;
5 ; 17 ; 16 ; 0.0195626 ; -0.00926674 ; 0.0246555 ; 102.164;
6 ; 17 ; 16 ; 0.0205558 ; 0.00233006 ; -0.00020472 ; 101.663;
7 ; 17 ; 16 ; 0.0234622 ; -0.000861121 ; -0.00792137 ; 101.883;
8 ; 17 ; 16 ; 0.0242093 ; -0.0183112 ; 0.00803472 ; 102.104;
9 ; 17 ; 16 ; 0.0237863 ; -0.0012805 ; 0.0077775 ; 102.079;
10 ; 17 ; 16 ; 0.0301146 ; 0.0145448 ; -0.00303842 ; 102.068;
11 ; 17 ; 16 ; 0.0214231 ; -0.00663701 ; 0.00835144 ; 102.005;
12 ; 17 ; 16 ; 0.00305553 ; -0.00556523 ; 0.00405426 ; 101.802;
13 ; 17 ; 16 ; 0.0126267 ; -0.00394795 ; 0.0144114 ; 101.519;
14 ; 17 ; 16 ; -0.00757114 ; 0.00294126 ; -0.00719345 ; 101.843;
15 ; 17 ; 16 ; 0.0175024 ; 0.0071686 ; -0.00574536 ; 101.38;
16 ; 17 ; 16 ; 0.0111237 ; 0.00625118 ; 0.00565115 ; 101.266;
17 ; 17 ; 16 ; 0.0155091 ; -0.00153518 ; -0.000836421 ; 102.006;
18 ; 17 ; 16 ; 0.010057 ; 0.00221663 ; 0.0089395 ; 101.021;
19 ; 17 ; 16 ; 1.0559e-05 ; -0.00278356 ; 0.00335171 ; 101.69;
20 ; 17 ; 16 ; -0.00540917 ; -0.00179616 ; 0.0116243 ; 101.819;
21 ; 17 ; 16 ; -0.00283685 ; 0.00883694 ; 0.00522009 ; 101.829;
22 ; 17 ; 16 ; -0.00513377 ; 0.00640888 ; 0.00668493 ; 101.842;
23 ; 17 ; 16 ; -0.0244609 ; -0.0115154 ; 0.00438109 ; 101.694;
24 ; 17 ; 16 ; -0.0175644 ; -0.000538405 ; 0.00584139 ; 101.718;
25 ; 17 ; 16 ; -0.0228904 ; -0.000998405 ; 0.00257208 ; 101.569;
26 ; 17 ; 16 ; -0.0156387 ; 0.0109734 ; -0.00115153 ; 101.863;
27 ; 17 ; 16 ; -0.0368266 ; 0.0171455 ; -0.000554871 ; 101.801;
28 ; 17 ; 16 ; -0.0309135 ; 0.010945 ; 0.000972181 ; 102.21;
29 ; 17 ; 16 ; -0.0241939 ; -0.0015227 ; 0.000315455 ; 102.165;
30 ; 17 ; 16 ; -0.0306854 ; -0.010599 ; 0.010171 ; 102.601;
31 ; 17 ; 16 ; -0.0270891 ; 0.00104636 ; 0.00890645 ; 101.782;
32 ; 17 ; 16 ; -0.00210732 ; 0.0110178 ; -0.0154866 ; 101.882;
33 ; 17 ; 16 ; -0.00562586 ; 0.00458842 ; -0.00755705 ; 101.92;
4 ; 18 ; 16 ; 0.0112108 ; -0.0127724 ; -0.000753055 ; 101.339;
5 ; 18 ; 16 ; 0.0237881 ; 0.00139038 ; -0.0113882 ; 101.697;
6 ; 18 ; 16 ; 0.0196409 ; -0.00593606 ; 0.0160584 ; 101.99;
7 ; 18 ; 16 ; 0.0090002 ; 0.00793581 ; 0.00668013 ; 101.664;
8 ; 18 ; 16 ; 0.0323958 ; -0.00264117 ; 0.00302726 ; 101.958;
9 ; 18 ; 16 ; 0.0241519 ; -0.00547808 ; 0.0143817 ; 101.874;
10 ; 18 ; 16 ; 0.0310735 ; -0.00185599 ; -0.00306523 ; 101.829;
11 ; 18 ; 16 ; 0.0242949 ; -0.00590198 ; -0.00433229 ; 101.575;
12 ; 18 ; 16 ; 0.0298019 ; 0.000184154 ; 0.0102838 ; 101.644;
13 ; 18 ; 16 ; 0.0132196 ; -0.00058995 ; 0.000702678 ; 101.952;
14 ; 18 ; 16 ; 0.0127375 ; 0.00428991 ; 0.0173349 ; 101.676;
15 ; 18 ; 16 ; 0.00296878 ; -0.0153757 ; 0.00327969 ; 101.558;
16 ; 18 ; 16 ; 7.05409e-05 ; 0.0157196 ; -0.00596045 ; 101.684;
17 ; 18 ; 16 ; -0.001685 ; 0.00434228 ; -0.00278129 ; 101.362;
18 ; 18 ; 16 ; 0.00398054 ; 0.00344806 ; -7.70134e-05 ; 101.218;
19 ; 18 ; 16 ; 0.0199762 ; 0.000212602 ; 0.00711614 ; 101.296;
20 ; 18 ; 16 ; -0.00423664 ; -0.0101397 ; 0.00543621 ; 101.671;
21 ; 18 ; 16 ; -0.000802395 ; 0.0145833 ; 0.00246185 ; 101.965;
22 ; 18 ; 16 ; 0.0122538 ; -0.0067777 ; 0.00337396 ; 101.491;
23 ; 18 ; 16 ; -0.0103289 ; 0.0136002 ; 0.0100121 ; 101.546;
24 ; 18 ; 16 ; -0.00966155 ; 0.00507243 ; 0.00115788 ; 102.057;
25 ; 18 ; 16 ; -0.0172228 ; -0.001844 ; 0.00289066 ; 101.954;
26 ; 18 ; 16 ; -0.0178242 ; -0.00455183 ; -0.00733637 ; 102.145;
27 ; 18 ; 16 ; -0.0255778 ; 0.0108009 ; 0.0178221 ; 101.994;
28 ; 18 ; 16 ; -0.0202346 ; 0.00633428 ; 0.00449614 ; 102.067;
29 ; 18 ; 16 ; -0.0189742 ; -0.00385378 ; -0.00225725 ; 101.804;
30 ; 18 ; 16 ; -0.0168981 ; 0.0087704 ; -0.00292238 ; 102.611;
31 ; 18 ; 16 ; -0.0324994 ; 0.00229195 ; -0.00199943 ; 102.042;
32 ; 18 ; 16 ; -0.0106977 ; 0.00832089 ; 0.00630008 ; 102.012;
33 ; 18 ; 16 ; -0.0147416 ; 0.00403239 ; 0.00977949 ; 101.678;
4 ; 19 ; 16 ; 0.00590733 ; -0.0206551 ; -0.00641773 ; 102.036;
5 ; 19 ; 16 ; 0.0152169 ; 0.00655201 ; 0.0147052 ; 101.862;
6 ; 19 ; 16 ; 0.00917575 ; -0.00132783 ; -0.0106118 ; 101.914;
7 ; 19 ; 16 ; 0.0338148 ; -0.00150939 ; 0.00215795 ; 102.286;
8 ; 19 ; 16 ; 0.0294372 ; -0.00204571 ; 0.00230865 ; 101.996;
9 ; 19 ; 16 ; 0.0214031 ; -0.00161315 ; 0.0105621 ; 102.441;
10 ; 19 ; 16 ; 0.0273758 ; 0.00563823 ; 0.00396354 ; 102.083;
11 ; 19 ; 16 ; 0.0260699 ; 0.00775498 ; -0.00806044 ; 101.653;
12 ; 19 ; 16 ; 0.0169512 ; -0.00145024 ; -0.00856495 ; 101.724;
13 ; 19 ; 16 ; 0.0147471 ; -0.00303928 ; -0.00215805 ; 101.405;
14 ; 19 ; 16 ; 0.0264185 ; -0.00132614 ; -0.00851998 ; 101.779;
15 ; 19 ; 16 ; -0.00734501 ; -0.00467942 ; 0.0102832 ; 101.34;
16 ; 19 ; 16 ; -0.00551372 ; 0.00461708 ; 0.00828295 ; 101.304;
17 ; 19 ; 16 ; 0.00277973 ; 0.00166642 ; 0.00349927 ; 101.256;
18 ; 19 ; 16 ; 0.00371075 ; 0.00443774 ; 0.00243021 ; 101.506;
19 ; 19 ; 16 ; 0.00966961 ; 0.00452118 ; 0.00396458 ; 101.559;
20 ; 19 ; 16 ; 0.00233656 ; -0.000891901 ; -0.0121058 ; 101.505;
21 ; 19 ; 16 ; -0.00474228 ; -0.00114958 ; 0.00238816 ; 101.719;
22 ; 19 ; 16 ; -0.00669907 ; -0.00845361 ; -0.00442383 ; 101.184;
23 ; 19 ; 16 ; 0.0108038 ; 0.00220301 ; -0.0112129 ; 101.017;
24 ; 19 ; 16 ; -0.00614774 ; 0.011753 ; -0.011734 ; 101.865;
25 ; 19 ; 16 ; -0.0147919 ; 0.00733862 ; 0.00096895 ; 101.775;
26 ; 19 ; 16 ; -0.0374585 ; -0.00573143 ; 0.00211795 ; 101.691;
27 ; 19 ; 16 ; -0.0141945 ; 0.00932128 ; -0.000219923 ; 102.035;
28 ; 19 ; 16 ; -0.0169066 ; 0.000431379 ; 0.00279519 ; 102.159;
29 ; 19 ; 16 ; -0.0175393 ; 0.0102206 ; -0.00113899 ; 101.934;
30 ; 19 ; 16 ; -0.0146038 ; 0.00211459 ; -0.00807622 ; 102.136;
31 ; 19 ; 16 ; -0.0395785 ; 0.00673826 ; 0.0122053 ; 101.754;
32 ; 19 ; 16 ; -0.0125045 ; 0.000538355 ; 0.00192989 ; 101.955;
33 ; 19 ; 16 ; -0.00400764 ; -0.00621451 ; -0.0108544 ; 101.942;
4 ; 20 ; 16 ; 0.00233766 ; -0.00777173 ; -0.0112004 ; 101.852;
5 ; 20 ; 16 ; 0.00595137 ; -0.00539869 ; 0.00513276 ; 101.88;
6 ; 20 ; 16 ; 0.0137609 ; 0.00356211 ; -0.00202713 ; 102.262;
7 ; 20 ; 16 ; 0.0208091 ; -0.00351963 ; 0.0114347 ; 102.425;
8 ; 20 ; 16 ; 0.0173881 ; 0.00788661 ; -0.00500841 ; 102.176;
9 ; 20 ; 16 ; 0.0196 ; -0.00231286 ; -0.00639628 ; 101.946;
10 ; 20 ; 16 ; 0.0204523 ; -0.0100689 ; -0.00153637 ; 101.611;
11 ; 20 ; 16 ; 0.0305182 ; -0.00640432 ; 0.00845419 ; 101.665;
12 ; 20 ; 16 ; 0.00343394 ; -0.000806287 ; -0.0123732 ; 101.771;
13 ; 20 ; 16 ; 0.0133874 ; -0.00335009 ; -0.00272911 ; 101.623;
14 ; 20 ; 16 ; 0.00192214 ; -0.0028421 ; -0.000884571 ; 101.492;
15 ; 20 ; 16 ; 0.00056855 ; 0.0114049 ; -0.00458445 ; 101.826;
16 ; 20 ; 16 ; -0.00082375 ; 0.00572033 ; 0.0113884 ; 101.131;
17 ; 20 ; 16 ; 0.0126088 ; 0.00402265 ; -0.0113423 ; 101.898;
18 ; 20 ; 16 ; -0.0060819 ; -0.00736305 ; 0.0122812 ; 101.356;
19 ; 20 ; 16 ; -0.000189784 ; -0.00564514 ; 0.00189718 ; 101.484;
20 ; 20 ; 16 ; -0.00709431 ; -0.0147102 ; 0.00353419 ; 101.728;
21 ; 20 ; 16 ; -0.00425681 ; 0.000186868 ; 0.000201847 ; 101.31;
22 ; 20 ; 16 ; 0.00590846 ; -0.0135487 ; 0.00603504 ; 102.074;
23 ; 20 ; 16 ; -0.0197412 ; 0.00330506 ; 0.000767952 ; 101.897;
24 ; 20 ; 16 ; -0.00933674 ; -0.000192197 ; -0.00370429 ; 101.597;
25 ; 20 ; 16 ; -0.0131063 ; 3.36403e-06 ; 0.00574929 ; 101.923;
26 ; 20 ; 16 ; -0.0249634 ; 0.00692449 ; 0.0030444 ; 102.393;
27 ; 20 ; 16 ; -0.0299873 ; -0.00142075 ; 0.000858252 ; 101.697;
28 ; 20 ; 16 ; -0.0258679 ; 0.00070432 ; -0.00161513 ; 102.343;
29 ; 20 ; 16 ; -0.0202314 ; 0.00349654 ; 0.0109917 ; 101.683;
30 ; 20 ; 16 ; -0.030011 ; -0.00111767 ; -0.00558076 ; 102.432;
31 ; 20 ; 16 ; -0.0210635 ; -0.00750479 ; -0.00241843 ; 101.661;
32 ; 20 ; 16 ; -0.0102103 ; -0.00208648 ; -0.00489502 ; 101.422;
33 ; 20 ; 16 ; -5.79232e-05 ; -0.00317524 ; 0.000419307 ; 101.506;
4 ; 21 ; 16 ; -0.00197353 ; -0.00415077 ; -0.017431 ; 101.944;
5 ; 21 ; 16 ; 0.0215989 ; -0.0095876 ; 0.000231822 ; 102.315;
6 ; 21 ; 16 ; 0.0257469 ; -0.00416441 ; -0.0065191 ; 101.872;
7 ; 21 ; 16 ; 0.0171477 ; -0.0057763 ; 0.00796884 ; 101.498;
8 ; 21 ; 16 ; 0.0233301 ; 0.00502337 ; 0.000429774 ; 102.294;
9 ; 21 ; 16 ; 0.0252774 ; -0.00251777 ; -0.00931335 ; 101.953;
10 ; 21 ; 16 ; 0.0236904 ; 0.00247328 ; -0.00343463 ; 102.114;
11 ; 21 ; 16 ; 0.016615 ; -0.00775929 ; 0.00582667 ; 102.18;
12 ; 21 ; 16 ; 0.0174121 ; -0.00496725 ; 0.000416871 ; 101.697;
13 ; 21 ; 16 ; 0.0253085 ; -0.00472602 ; 0.0104864 ; 102.056;
14 ; 21 ; 16 ; -0.000375396 ; 0.0106838 ; -0.00463493 ; 101.813;
15 ; 21 ; 16 ; 0.00194705 ; 0.00809845 ; -0.00107983 ; 101.88;
16 ; 21 ; 16 ; 0.00191711 ; 0.00235548 ; -9.84529e-05 ; 101.761;
17 ; 21 ; 16 ; -0.00310104 ; -0.00434422 ; 0.000133168 ; 102.156;
18 ; 21 ; 16 ; 0.00329091 ; -0.00472236 ; 0.00706344 ; 101.577;
19 ; 21 ; 16 ; -0.00115933 ; -0.0107607 ; 0.0112817 ; 101.977;
20 ; 21 ; 16 ; 0.00243112 ; -0.0029461 ; -0.0103479 ; 101.594;
21 ; 21 ; 16 ; 3.14368e-05 ; -0.0112798 ; -0.00748771 ; 101.391;
22 ; 21 ; 16 ; 0.0029609 ; 0.00412565 ; 0.000885377 ; 102.014;
23 ; 21 ; 16 ; -0.00132352 ; 0.00356572 ; 0.00191451 ; 101.544;
24 ; 21 ; 16 ; -0.0189964 ; -0.00724349 ; -0.000732015 ; 101.588;
25 ; 21 ; 16 ; -0.0336342 ; 0.00200448 ; 0.00930586 ; 101.885;
26 ; 21 ; 16 ; -0.0266575 ; -0.00171101 ; 0.00595682 ; 101.8;
27 ; 21 ; 16 ; -0.0234767 ; -0.00177406 ; 0.00918792 ; 101.926;
28 ; 21 ; 16 ; -0.0267416 ; -0.00276236 ; 0.00452708 ; 101.819;
29 ; 21 ; 16 ; -0.0309959 ; -0.0114094 ; 0.00830237 ; 102.404;
30 ; 21 ; 16 ; -0.0253779 ; 0.00888924 ; 0.00757466 ; 101.741;
31 ; 21 ; 16 ; -0.0231167 ; -0.0123237 ; -0.00372185 ; 101.985;
32 ; 21 ; 16 ; -0.009797 ; -0.00415084 ; -0.0103715 ; 102.129;
33 ; 21 ; 16 ; -0.00251589 ; 0.00403025 ; 0.00192379 ; 102.081;
4 ; 22 ; 16 ; 0.00289957 ; -0.0131252 ; 0.00191125 ; 102.32;
5 ; 22 ; 16 ; 0.00814987 ; 0.00237124 ; 0.00199698 ; 101.81;
6 ; 22 ; 16 ; 0.0209126 ; 0.00965975 ; -0.00536867 ; 101.982;
7 ; 22 ; 16 ; 0.015252 ; -0.00264514 ; -0.0034374 ; 102.281;
8 ; 22 ; 16 ; 0.029956 ; -0.00135163 ; 0.00414657 ; 102.166;
9 ; 22 ; 16 ; 0.0221944 ; -0.0155864 ; 0.00883429 ; 102.041;
10 ; 22 ; 16 ; 0.0206652 ; 0.0144533 ; 0.00728981 ; 101.94;
11 ; 22 ; 16 ; 0.0169395 ; 0.00491461 ; -0.00416836 ; 102.594;
12 ; 22 ; 16 ; 0.0327264 ; 0.0026994 ; -0.000708005 ; 102.185;
13 ; 22 ; 16 ; 0.0235534 ; -0.00687375 ; -0.00498943 ; 101.857;
14 ; 22 ; 16 ; 0.00712922 ; -0.0017743 ; 0.00433822 ; 101.463;
15 ; 22 ; 16 ; -0.00441277 ; -0.00594076 ; 0.0220389 ; 101.86;
16 ; 22 ; 16 ; 0.00971449 ; -0.00256318 ; 0.013943 ; 101.867;
17 ; 22 ; 16 ; 0.000233401 ; -0.00119412 ; 0.0207351 ; 101.746;
18 ; 22 ; 16 ; 0.00222669 ; 0.00431682 ; -0.00281257 ; 101.547;
19 ; 22 ; 16 ; -0.00650726 ; -0.0129294 ; -0.00450177 ; 101.522;
20 ; 22 ; 16 ; 0.00139108 ; -0.000592978 ; 0.00352901 ; 101.743;
21 ; 22 ; 16 ; -0.00060622 ; -0.00251343 ; -0.000252992 ; 101.998;
22 ; 22 ; 16 ; -0.0111306 ; -0.0025018 ; -8.52926e-05 ; 101.266;
23 ; 22 ; 16 ; -0.0031292 ; -0.0102076 ; -0.00423442 ; 102.207;
24 ; 22 ; 16 ; -0.0122 ; -0.00319137 ; 0.000373918 ; 101.587;
25 ; 22 ; 16 ; -0.0139713 ; -0.0242446 ; 0.00187639 ; 102.218;
26 ; 22 ; 16 ; -0.0149656 ; -0.00633544 ; 0.0187387 ; 102.293;
27 ; 22 ; 16 ; -0.0121024 ; -0.0129238 ; 0.00740186 ; 102.186;
28 ; 22 ; 16 ; -0.0190682 ; -0.0182379 ; -0.00369557 ; 102.047;
29 ; 22 ; 16 ; -0.0269247 ; -0.00341318 ; -0.00737634 ; 102.302;
30 ; 22 ; 16 ; -0.0251812 ; 0.00211612 ; 0.000259371 ; 102.352;
31 ; 22 ; 16 ; -0.0124808 ; -0.00846548 ; 0.000612668 ; 102.322;
32 ; 22 ; 16 ; -0.0135269 ; -0.0133873 ; -0.00385265 ; 101.999;
33 ; 22 ; 16 ; -0.00720135 ; 0.00451186 ; -2.86774e-05 ; 101.749;
4 ; 23 ; 16 ; 0.00295016 ; -0.00545698 ; -0.000953277 ; 102.413;
5 ; 23 ; 16 ; 0.00350364 ; 0.00412431 ; -0.00761195 ; 102.379;
6 ; 23 ; 16 ; 0.011057 ; 0.00266128 ; 0.00164896 ; 102.223;
7 ; 23 ; 16 ; 0.0172287 ; 0.00692837 ; 0.00127917 ; 102.281;
8 ; 23 ; 16 ; 0.0307942 ; -0.00606338 ; 0.00385786 ; 102.522;
9 ; 23 ; 16 ; 0.0247988 ; -0.00334378 ; -0.0101972 ; 101.891;
10 ; 23 ; 16 ; 0.0106163 ; -0.00821699 ; 0.000229846 ; 101.983;
11 ; 23 ; 16 ; 0.00754637 ; -0.00245439 ; -0.00512668 ; 101.94;
12 ; 23 ; 16 ; 0.0159943 ; -0.00788125 ; 0.00223574 ; 101.713;
13 ; 23 ; 16 ; 0.00881672 ; -0.00762989 ; 0.00151616 ; 102.011;
14 ; 23 ; 16 ; 0.00816154 ; -0.000556811 ; -0.0036903 ; 101.914;
15 ; 23 ; 16 ; 0.000827335 ; 0.00360959 ; 0.00970884 ; 101.556;
16 ; 23 ; 16 ; 0.0168821 ; -0.0135012 ; 0.0126155 ; 101.477;
17 ; 23 ; 16 ; -0.00145981 ; -0.0216292 ; -0.0148585 ; 101.539;
18 ; 23 ; 16 ; 0.0210074 ; -0.00541453 ; 0.00467102 ; 101.621;
19 ; 23 ; 16 ; -0.00373113 ; -0.0073507 ; 0.000721161 ; 101.614;
20 ; 23 ; 16 ; -0.00109583 ; -0.0157303 ; 0.00750228 ; 100.877;
21 ; 23 ; 16 ; -0.00240672 ; -0.000541713 ; -0.00227495 ; 102.023;
22 ; 23 ; 16 ; -0.0196912 ; -0.00975996 ; 2.07857e-05 ; 101.844;
23 ; 23 ; 16 ; -0.00363904 ; -0.0170974 ; 0.000765359 ; 101.853;
24 ; 23 ; 16 ; -0.00130542 ; -0.00494921 ; -0.000627501 ; 101.959;
25 ; 23 ; 16 ; -0.0118194 ; -0.00588585 ; -0.00182084 ; 101.821;
26 ; 23 ; 16 ; -0.0117872 ; -0.00353294 ; 0.00772834 ; 102.266;
27 ; 23 ; 16 ; -0.0166241 ; -0.0141213 ; 0.0113643 ; 102.243;
28 ; 23 ; 16 ; -0.0335625 ; -0.0118578 ; -0.00916938 ; 102.089;
29 ; 23 ; 16 ; -0.0274352 ; 0.00636226 ; 0.00641054 ; 102.523;
30 ; 23 ; 16 ; -0.0223479 ; -0.00438792 ; 0.00795041 ; 102.323;
31 ; 23 ; 16 ; -0.012249 ; -0.00292791 ; 6.83097e-05 ; 102.183;
32 ; 23 ; 16 ; -0.016377 ; 0.00620713 ; -0.01374 ; 102.31;
33 ; 23 ; 16 ; -0.00864372 ; 0.00445167 ; -0.00851665 ; 102.062;
4 ; 24 ; 16 ; -0.00214991 ; 0.00925039 ; -0.00209715 ; 101.912;
5 ; 24 ; 16 ; 0.010552 ; -0.0166689 ; -0.0116508 ; 102.28;
6 ; 24 ; 16 ; 0.0171558 ; -0.00353084 ; 0.00179944 ; 102.038;
7 ; 24 ; 16 ; 0.0205784 ; -0.00244863 ; 0.0104883 ; 102.221;
8 ; 24 ; 16 ; 0.0133311 ; 0.00560448 ; 0.0101436 ; 102.168;
9 ; 24 ; 16 ; 0.0254842 ; -0.00474571 ; -0.00203783 ; 102.268;
10 ; 24 ; 16 ; 0.0228671 ; -0.00741258 ; 0.0104948 ; 101.949;
11 ; 24 ; 16 ; 0.0144887 ; -0.00835336 ; -0.00329244 ; 102.119;
12 ; 24 ; 16 ; 0.0217827 ; -0.0124663 ; 0.00537171 ; 101.73;
13 ; 24 ; 16 ; 0.0199657 ; -0.0100727 ; 0.00415577 ; 101.783;
14 ; 24 ; 16 ; 0.0052173 ; -0.0109596 ; 0.000433267 ; 101.998;
15 ; 24 ; 16 ; -0.00748226 ; -0.0113507 ; 0.0123843 ; 101.664;
16 ; 24 ; 16 ; -0.00945243 ; -0.0112266 ; 0.00279935 ; 102.227;
17 ; 24 ; 16 ; -0.0151659 ; -0.0124656 ; -0.00160987 ; 102.076;
18 ; 24 ; 16 ; 0.000643993 ; -0.0055191 ; -0.00577128 ; 101.934;
19 ; 24 ; 16 ; -0.0012354 ; -0.00373875 ; 0.000536264 ; 101.504;
20 ; 24 ; 16 ; -0.00151407 ; 0.00156746 ; 0.0043813 ; 102.199;
21 ; 24 ; 16 ; -0.0126869 ; -0.00943079 ; -0.00145699 ; 101.505;
22 ; 24 ; 16 ; -0.011283 ; -0.0175921 ; 0.00319148 ; 102.108;
23 ; 24 ; 16 ; 0.00248205 ; -0.0178297 ; 0.0106453 ; 102.202;
24 ; 24 ; 16 ; -0.0113369 ; -0.0227556 ; 0.0063983 ; 101.655;
25 ; 24 ; 16 ; -0.0216727 ; -0.00346763 ; -0.0107692 ; 101.995;
26 ; 24 ; 16 ; -0.0287202 ; -0.0187831 ; 0.00640209 ; 102.148;
27 ; 24 ; 16 ; -0.0241781 ; -0.00649008 ; -0.00952525 ; 102.37;
28 ; 24 ; 16 ; -0.0245828 ; -0.00183989 ; 0.00395969 ; 102.252;
29 ; 24 ; 16 ; -0.0285447 ; -0.0154406 ; 0.00730217 ; 102.163;
30 ; 24 ; 16 ; -0.0158166 ; -0.00643822 ; 0.00155851 ; 102.497;
31 ; 24 ; 16 ; -0.0185406 ; -0.008274 ; -0.00148152 ; 101.827;
32 ; 24 ; 16 ; -0.0112076 ; -0.0158446 ; -0.000165781 ; 102.148;
33 ; 24 ; 16 ; -0.0117403 ; -0.00909883 ; -0.000775786 ; 102.391;
4 ; 25 ; 16 ; 0.00774632 ; -0.00463943 ; -0.00786251 ; 101.415;
5 ; 25 ; 16 ; 0.0142943 ; -0.0154153 ; -0.00465045 ; 102.463;
6 ; 25 ; 16 ; 0.0172155 ; -0.0278681 ; 0.00543263 ; 102.346;
7 ; 25 ; 16 ; 0.0106193 ; -0.0105088 ; -0.0058084 ; 102.264;
8 ; 25 ; 16 ; 0.0234208 ; -0.0101685 ; -0.00405038 ; 102.49;
9 ; 25 ; 16 ; 0.0266644 ; -0.0125527 ; -0.00906014 ; 102.319;
10 ; 25 ; 16 ; 0.0259272 ; -0.0159453 ; -0.00420173 ; 102.425;
11 ; 25 ; 16 ; 0.0151463 ; -0.0108946 ; 0.00943346 ; 102.365;
12 ; 25 ; 16 ; 0.0141109 ; -0.0174091 ; -0.00172128 ; 102.431;
13 ; 25 ; 16 ; 0.0111398 ; -0.0155343 ; -0.0095968 ; 101.796;
14 ; 25 ; 16 ; 0.0140511 ; -0.00799897 ; -0.00271777 ; 102.319;
15 ; 25 ; 16 ; -0.000350753 ; -0.00831119 ; 0.00637671 ; 101.835;
16 ; 25 ; 16 ; 0.0100455 ; -0.0232144 ; -0.0101831 ; 102.351;
17 ; 25 ; 16 ; 0.00263859 ; -0.0211002 ; -0.000141785 ; 102.131;
18 ; 25 ; 16 ; 0.00225437 ; -0.0210932 ; 0.00322244 ; 101.51;
19 ; 25 ; 16 ; -0.00208788 ; -0.0148863 ; 0.00596824 ; 102.121;
20 ; 25 ; 16 ; -0.0140687 ; -0.02095 ; 0.00268432 ; 101.911;
21 ; 25 ; 16 ; -0.0112536 ; -0.0179457 ; 0.0122941 ; 102.196;
22 ; 25 ; 16 ; -0.00743918 ; -0.019857 ; 0.00735639 ; 101.483;
23 ; 25 ; 16 ; -0.0128635 ; -0.0199562 ; -0.000857406 ; 102.156;
24 ; 25 ; 16 ; -0.00726061 ; -0.0195955 ; 0.00387638 ; 101.778;
25 ; 25 ; 16 ; -0.0025604 ; -0.0154359 ; 0.00245334 ; 102.166;
26 ; 25 ; 16 ; -0.0229038 ; -0.00734285 ; 0.0127568 ; 102.344;
27 ; 25 ; 16 ; -0.0148766 ; -0.0265445 ; 0.00961205 ; 102.344;
28 ; 25 ; 16 ; -0.0195304 ; -0.0235521 ; -0.00245137 ; 101.784;
29 ; 25 ; 16 ; -0.0205218 ; -0.0118615 ; 0.00260587 ; 102.58;
30 ; 25 ; 16 ; -0.0195772 ; -0.00560626 ; -0.0137542 ; 102.006;
31 ; 25 ; 16 ; -0.0119692 ; -0.0113355 ; 0.0100164 ; 102.267;
32 ; 25 ; 16 ; -0.00056718 ; -0.00801927 ; -0.0034511 ; 102.176;
33 ; 25 ; 16 ; -0.0106876 ; -0.0179285 ; 0.0012602 ; 102.312;
4 ; 26 ; 16 ; 0.0174799 ; -0.000818708 ; 0.0182394 ; 102.383;
5 ; 26 ; 16 ; 0.0163569 ; -0.0183454 ; -0.00883289 ; 102.268;
6 ; 26 ; 16 ; 0.0125174 ; -0.0278191 ; -0.00771791 ; 102.101;
7 ; 26 ; 16 ; 0.0219001 ; -0.0127052 ; 0.000683322 ; 102.717;
8 ; 26 ; 16 ; 0.00467484 ; -0.00294396 ; 0.000344312 ; 101.742;
9 ; 26 ; 16 ; 0.027566 ; -0.020793 ; 0.00567725 ; 102.412;
10 ; 26 ; 16 ; 0.0162429 ; -0.0115084 ; -0.00446357 ; 102.382;
11 ; 26 ; 16 ; 0.0107401 ; -0.0261266 ; 0.00419897 ; 101.715;
12 ; 26 ; 16 ; 0.00830272 ; -0.0122014 ; -0.0190223 ; 102.162;
13 ; 26 ; 16 ; 0.0080567 ; -0.00946762 ; 0.00768808 ; 102.13;
14 ; 26 ; 16 ; 0.0110736 ; -0.0149301 ; -0.00328908 ; 101.83;
15 ; 26 ; 16 ; 0.01401 ; -0.0204261 ; -0.00869743 ; 101.968;
16 ; 26 ; 16 ; 0.0131271 ; -0.0165773 ; -0.00837025 ; 101.6;
17 ; 26 ; 16 ; 0.00805699 ; -0.0176214 ; 0.00425799 ; 101.448;
18 ; 26 ; 16 ; -0.0084444 ; -0.0253556 ; 0.00951475 ; 102.335;
19 ; 26 ; 16 ; -0.0104887 ; -0.0229805 ; -0.00316934 ; 101.765;
20 ; 26 ; 16 ; -0.000734151 ; -0.0245607 ; 0.00121122 ; 101.739;
21 ; 26 ; 16 ; 0.00166289 ; -0.0211788 ; 0.000728085 ; 101.84;
22 ; 26 ; 16 ; -0.00311702 ; -0.0243142 ; 0.00479353 ; 101.882;
23 ; 26 ; 16 ; -0.0181055 ; -0.0336703 ; -0.002582 ; 102.174;
24 ; 26 ; 16 ; -0.0187507 ; -0.0333331 ; -0.000172106 ; 101.848;
25 ; 26 ; 16 ; -0.0121068 ; -0.0158933 ; 0.00338332 ; 102.035;
26 ; 26 ; 16 ; -0.0139252 ; -0.0205645 ; 0.00710883 ; 102.387;
27 ; 26 ; 16 ; -0.0293512 ; -0.0270234 ; 0.00221887 ; 102.363;
28 ; 26 ; 16 ; -0.0168427 ; -0.0196363 ; 0.00368285 ; 102.513;
29 ; 26 ; 16 ; -0.0192167 ; -0.0187258 ; 0.00402325 ; 102.738;
30 ; 26 ; 16 ; -0.0164513 ; -0.0208159 ; 0.0107474 ; 102.25;
31 ; 26 ; 16 ; -0.021236 ; -0.0162558 ; 0.00331231 ; 102.063;
32 ; 26 ; 16 ; -0.00739685 ; -0.0172801 ; -0.0012503 ; 102.74;
33 ; 26 ; 16 ; 0.00182434 ; -0.0163492 ; 0.00502271 ; 102.643;
4 ; 27 ; 16 ; 0.00210041 ; -0.0177554 ; -0.00232468 ; 102.412;
5 ; 27 ; 16 ; -0.000131445 ; -0.0158534 ; -0.00457961 ; 102.278;
6 ; 27 ; 16 ; 0.0220503 ; -0.0271508 ; 0.00733374 ; 102.374;
7 ; 27 ; 16 ; 0.0216009 ; -0.00912653 ; -0.015844 ; 102.005;
8 ; 27 ; 16 ; 0.0159753 ; -0.0172059 ; 0.00675812 ; 102.142;
9 ; 27 ; 16 ; 0.0283981 ; -0.0171472 ; -0.00672675 ; 102.449;
10 ; 27 ; 16 ; 0.0298678 ; -0.0200958 ; -3.84685e-06 ; 102.294;
11 ; 27 ; 16 ; 0.0161483 ; -0.012844 ; -0.00339046 ; 101.928;
12 ; 27 ; 16 ; 0.00971552 ; -0.00938599 ; 0.00987364 ; 101.873;
13 ; 27 ; 16 ; -0.00520689 ; -0.0157109 ; 0.00030082 ; 102.025;
14 ; 27 ; 16 ; -0.00717904 ; -0.0101727 ; -0.000293377 ; 102.093;
15 ; 27 ; 16 ; 0.000608765 ; -0.0297527 ; -0.00491335 ; 101.789;
16 ; 27 ; 16 ; -0.00605911 ; -0.0135999 ; 0.0118084 ; 101.942;
17 ; 27 ; 16 ; 0.00240404 ; -0.0253809 ; 0.00235049 ; 101.909;
18 ; 27 ; 16 ; -0.0101468 ; -0.0253352 ; 0.0023101 ; 101.911;
19 ; 27 ; 16 ; -0.00151197 ; -0.0175241 ; 0.00208447 ; 101.823;
20 ; 27 ; 16 ; -0.00850609 ; -0.00275768 ; 0.00150462 ; 101.982;
21 ; 27 ; 16 ; 0.000799649 ; -0.0249238 ; -0.000650056 ; 102.482;
22 ; 27 ; 16 ; -0.01863 ; -0.0269502 ; 0.00250835 ; 101.837;
23 ; 27 ; 16 ; -0.00296028 ; -0.030941 ; -1.77826e-05 ; 102.033;
24 ; 27 ; 16 ; -0.00251407 ; -0.0168571 ; -0.00279496 ; 101.929;
25 ; 27 ; 16 ; -0.00533314 ; -0.0244059 ; -0.0143901 ; 101.912;
26 ; 27 ; 16 ; -0.0191649 ; -0.027884 ; -0.00228662 ; 102.126;
27 ; 27 ; 16 ; -0.0184924 ; -0.0227232 ; -0.00445124 ; 102.896;
28 ; 27 ; 16 ; -0.0317766 ; -0.00853546 ; -0.00272322 ; 102.109;
29 ; 27 ; 16 ; -0.0162272 ; -0.00937169 ; -0.000429526 ; 102.756;
30 ; 27 ; 16 ; -0.020695 ; -0.0272564 ; 0.00219119 ; 102.492;
31 ; 27 ; 16 ; -0.0213682 ; -0.0121127 ; 0.00197004 ; 102.323;
32 ; 27 ; 16 ; -0.00762173 ; -0.0254443 ; -0.00612589 ; 102.538;
33 ; 27 ; 16 ; -0.00195363 ; -0.0135544 ; 0.000823498 ; 102.372;
4 ; 28 ; 16 ; 0.010631 ; -0.0232183 ; 0.0010371 ; 102.673;
5 ; 28 ; 16 ; 0.0259368 ; -0.0288977 ; -0.00580925 ; 102.627;
6 ; 28 ; 16 ; 0.0173962 ; -0.0259883 ; -0.0014733 ; 102.351;
7 ; 28 ; 16 ; 0.0185689 ; -0.00596115 ; 0.00784998 ; 102.797;
8 ; 28 ; 16 ; 0.0234817 ; -0.0213789 ; -0.00198004 ; 102.388;
9 ; 28 ; 16 ; 0.0175364 ; -0.0124384 ; 0.0086079 ; 101.965;
10 ; 28 ; 16 ; 0.0147464 ; -0.0262946 ; 0.00630758 ; 102.365;
11 ; 28 ; 16 ; 0.0197338 ; -0.0186691 ; 0.00148064 ; 102.556;
12 ; 28 ; 16 ; 0.0103832 ; -0.0147524 ; -0.00628241 ; 102.11;
13 ; 28 ; 16 ; 0.00543247 ; -0.0278684 ; 0.000200997 ; 102.083;
14 ; 28 ; 16 ; -0.003629 ; -0.0268821 ; -0.00944624 ; 101.937;
15 ; 28 ; 16 ; -0.00590999 ; -0.0234468 ; 0.00622872 ; 102.26;
16 ; 28 ; 16 ; -0.0030486 ; -0.030982 ; 3.89131e-05 ; 101.896;
17 ; 28 ; 16 ; -0.00931336 ; -0.0146846 ; 0.0150011 ; 102.285;
18 ; 28 ; 16 ; 0.016219 ; -0.0157385 ; 0.0132265 ; 101.823;
19 ; 28 ; 16 ; -0.00438119 ; -0.0227896 ; 0.00425788 ; 102.018;
20 ; 28 ; 16 ; -0.00713662 ; -0.0302773 ; 0.012627 ; 101.847;
21 ; 28 ; 16 ; -0.00361414 ; -0.0337756 ; 0.00167641 ; 102.015;
22 ; 28 ; 16 ; -0.0131211 ; -0.0233369 ; -0.00978987 ; 102.165;
23 ; 28 ; 16 ; -0.0106368 ; -0.0373989 ; 0.00110052 ; 102.343;
24 ; 28 ; 16 ; -0.0063838 ; -0.0289186 ; 0.00232405 ; 102.043;
25 ; 28 ; 16 ; -0.0103002 ; -0.018767 ; 0.00176828 ; 102.132;
26 ; 28 ; 16 ; -0.0212346 ; -0.0238268 ; 0.00657579 ; 102.662;
27 ; 28 ; 16 ; -0.036022 ; -0.0108436 ; -0.00152864 ; 102.709;
28 ; 28 ; 16 ; -0.0294123 ; -0.0188829 ; -0.013067 ; 102.793;
29 ; 28 ; 16 ; -0.0216356 ; -0.0133149 ; -0.011717 ; 102.268;
30 ; 28 ; 16 ; -0.0133775 ; -0.0262511 ; 0.00438459 ; 102.362;
31 ; 28 ; 16 ; -0.0208096 ; -0.0255966 ; -0.00879958 ; 102.174;
32 ; 28 ; 16 ; -0.00476826 ; -0.0111751 ; 0.00180587 ; 102.288;
33 ; 28 ; 16 ; 0.00726654 ; -0.0167644 ; 0.00693807 ; 102.538;
4 ; 29 ; 16 ; 0.00140252 ; -0.0166773 ; 0.000512296 ; 102.65;
5 ; 29 ; 16 ; 0.0103522 ; -0.0135107 ; -0.00844407 ; 102.832;
6 ; 29 ; 16 ; 0.0215652 ; -0.0205425 ; -0.00992903 ; 102.757;
7 ; 29 ; 16 ; 0.0187537 ; -0.0206735 ; 0.00745114 ; 102.503;
8 ; 29 ; 16 ; 0.0143986 ; -0.0145027 ; 0.00438125 ; 102.66;
9 ; 29 ; 16 ; 0.0130616 ; -0.0264556 ; -0.0034186 ; 102.4;
10 ; 29 ; 16 ; 0.0124423 ; -0.0267869 ; 0.00488221 ; 102.727;
11 ; 29 ; 16 ; 0.0207755 ; -0.0288341 ; 0.00146909 ; 102.635;
12 ; 29 ; 16 ; 0.0111036 ; -0.0172999 ; 0.00644043 ; 102.052;
13 ; 29 ; 16 ; 0.00965757 ; -0.0108826 ; -0.000811853 ; 102.313;
14 ; 29 ; 16 ; 0.0113883 ; -0.0214363 ; 0.00656736 ; 102.17;
15 ; 29 ; 16 ; -0.00266541 ; -0.0297571 ; 0.00476889 ; 102.11;
16 ; 29 ; 16 ; 0.00701362 ; -0.0343358 ; -0.0167487 ; 101.923;
17 ; 29 ; 16 ; -0.009442 ; -0.00924921 ; 0.00333863 ; 102.5;
18 ; 29 ; 16 ; 0.0123859 ; -0.037053 ; -0.00557536 ; 102.317;
19 ; 29 ; 16 ; -0.0161469 ; -0.0343961 ; 0.00612688 ; 101.709;
20 ; 29 ; 16 ; -0.0060246 ; -0.0296205 ; -0.00301578 ; 102.256;
21 ; 29 ; 16 ; 0.00178506 ; -0.024847 ; 0.0111757 ; 102.587;
22 ; 29 ; 16 ; -0.00810011 ; -0.0264572 ; 0.00640561 ; 101.886;
23 ; 29 ; 16 ; 0.00544281 ; -0.0430284 ; 0.00478044 ; 102.241;
24 ; 29 ; 16 ; 0.00786056 ; -0.0283742 ; 0.00688968 ; 102.391;
25 ; 29 ; 16 ; -0.0143336 ; -0.0286048 ; -0.00340738 ; 102.374;
26 ; 29 ; 16 ; -0.0230273 ; -0.0358061 ; 0.00169936 ; 102.671;
27 ; 29 ; 16 ; -0.0227141 ; -0.0066286 ; -0.0135472 ; 102.693;
28 ; 29 ; 16 ; -0.0124382 ; 0.0009994 ; -0.00107222 ; 102.429;
29 ; 29 ; 16 ; -0.0106296 ; -0.0211158 ; -0.00968049 ; 103.014;
30 ; 29 ; 16 ; -0.00976167 ; -0.025254 ; -0.00820771 ; 102.826;
31 ; 29 ; 16 ; -0.0170753 ; -0.0110779 ; -0.0119737 ; 102.661;
32 ; 29 ; 16 ; 0.00155482 ; -0.00733218 ; -0.0051941 ; 102.861;
33 ; 29 ; 16 ; -0.00915533 ; -0.00698623 ; -0.0130988 ; 102.743;
4 ; 30 ; 16 ; 0.0187379 ; -0.0148729 ; -0.00520868 ; 102.204;
5 ; 30 ; 16 ; 0.00409819 ; -0.00772857 ; 0.00380037 ; 102.791;
6 ; 30 ; 16 ; 0.016132 ; -0.0264632 ; -0.00736443 ; 102.837;
7 ; 30 ; 16 ; 0.0171221 ; -0.0209462 ; 0.00937842 ; 102.485;
8 ; 30 ; 16 ; 0.0272775 ; -0.0172847 ; 0.000354468 ; 102.606;
9 ; 30 ; 16 ; 0.0136031 ; -0.0220399 ; -0.00100617 ; 102.836;
10 ; 30 ; 16 ; 0.0174619 ; -0.0287032 ; 0.00102951 ; 102.623;
11 ; 30 ; 16 ; 0.0218631 ; -0.0279173 ; -0.00299945 ; 102.668;
12 ; 30 ; 16 ; 0.0125935 ; -0.0232449 ; -0.00114951 ; 102.378;
13 ; 30 ; 16 ; 0.0166348 ; -0.0180417 ; -0.00500972 ; 102.067;
14 ; 30 ; 16 ; -0.000321219 ; -0.0157793 ; 0.00949534 ; 101.905;
15 ; 30 ; 16 ; 0.0100105 ; -0.0271442 ; 0.00262799 ; 101.964;
16 ; 30 ; 16 ; 0.0110544 ; -0.0182882 ; 0.0102676 ; 102.619;
17 ; 30 ; 16 ; -0.0126428 ; -0.021657 ; 0.011631 ; 101.57;
18 ; 30 ; 16 ; 0.0013923 ; -0.0379027 ; -0.00482685 ; 102.143;
19 ; 30 ; 16 ; 0.00668284 ; -0.035674 ; 0.000795589 ; 101.816;
20 ; 30 ; 16 ; -0.00896289 ; -0.0205016 ; 0.0103547 ; 101.949;
21 ; 30 ; 16 ; -0.00514354 ; -0.0137504 ; 0.00507422 ; 102.121;
22 ; 30 ; 16 ; 0.00166489 ; -0.0228518 ; 0.00366665 ; 102.61;
23 ; 30 ; 16 ; -0.00891605 ; -0.0310933 ; 0.00374205 ; 101.744;
24 ; 30 ; 16 ; -0.0111355 ; -0.0193152 ; 0.00246691 ; 102.222;
25 ; 30 ; 16 ; -0.0134338 ; -0.024 ; 0.00471767 ; 102.546;
26 ; 30 ; 16 ; -0.0274914 ; -0.0318047 ; -0.00542062 ; 102.842;
27 ; 30 ; 16 ; -0.0293358 ; -0.0108405 ; -0.00850244 ; 102.934;
28 ; 30 ; 16 ; -0.015755 ; -0.0208386 ; 0.00923646 ; 102.772;
29 ; 30 ; 16 ; -0.0202588 ; -0.0296584 ; 0.00545852 ; 102.877;
30 ; 30 ; 16 ; -0.0191333 ; -0.0112048 ; 0.000468171 ; 102.701;
31 ; 30 ; 16 ; -0.01239 ; -0.0228823 ; 0.000668375 ; 102.312;
32 ; 30 ; 16 ; -0.00538778 ; -0.0191424 ; -0.00237561 ; 102.359;
33 ; 30 ; 16 ; -0.0130819 ; -0.00594123 ; -0.0115386 ; 102.142;
4 ; 31 ; 16 ; 0.0057478 ; -0.00997248 ; 0.000719934 ; 102.57;
5 ; 31 ; 16 ; 0.00150875 ; -0.00607586 ; -0.0118078 ; 103.224;
6 ; 31 ; 16 ; 0.00179251 ; -0.00316527 ; -0.00639975 ; 102.341;
7 ; 31 ; 16 ; 0.013973 ; -0.00825465 ; -0.00936684 ; 102.424;
8 ; 31 ; 16 ; 0.0145516 ; -0.01406 ; 0.0109695 ; 102.519;
9 ; 31 ; 16 ; 0.0184377 ; -0.0166781 ; 0.00156781 ; 102.608;
10 ; 31 ; 16 ; 0.0233346 ; -0.013769 ; 0.0020799 ; 103.027;
11 ; 31 ; 16 ; 0.0193326 ; -0.0149542 ; 0.00652733 ; 102.368;
12 ; 31 ; 16 ; 0.0171153 ; -0.0114042 ; -0.0175494 ; 101.827;
13 ; 31 ; 16 ; 0.00264053 ; -0.00482032 ; 0.00140631 ; 102.35;
14 ; 31 ; 16 ; 0.0036815 ; -0.0164101 ; -0.0173584 ; 102.24;
15 ; 31 ; 16 ; 0.00736607 ; -0.0297244 ; -0.00304826 ; 102.185;
16 ; 31 ; 16 ; -0.00375983 ; -0.0153279 ; -0.0110421 ; 102.351;
17 ; 31 ; 16 ; 0.0010813 ; -0.0269679 ; -0.00929154 ; 102.103;
18 ; 31 ; 16 ; 0.00303096 ; -0.019496 ; -0.00831711 ; 101.889;
19 ; 31 ; 16 ; -0.000397549 ; -0.0138506 ; -0.00213098 ; 101.913;
20 ; 31 ; 16 ; -0.00769549 ; -0.0138408 ; -0.00214125 ; 101.812;
21 ; 31 ; 16 ; -0.0167278 ; -0.00861465 ; 0.000612617 ; 102.134;
22 ; 31 ; 16 ; 0.0103181 ; -0.00963274 ; 5.63133e-05 ; 101.931;
23 ; 31 ; 16 ; 0.000552786 ; -0.0184844 ; -0.00831024 ; 101.939;
24 ; 31 ; 16 ; -0.0189266 ; -0.0257586 ; 0.00202587 ; 102.044;
25 ; 31 ; 16 ; -0.00237191 ; -0.0121948 ; 0.00200177 ; 102.215;
26 ; 31 ; 16 ; -0.00685852 ; -0.0120095 ; -0.00848598 ; 101.772;
27 ; 31 ; 16 ; -0.0275614 ; -0.0309163 ; -0.00269865 ; 102.344;
28 ; 31 ; 16 ; -0.0190296 ; -0.0313127 ; 0.0056023 ; 102.711;
29 ; 31 ; 16 ; -0.0185709 ; -0.0143621 ; -0.018273 ; 102.919;
30 ; 31 ; 16 ; -0.0252171 ; -0.00611589 ; -0.00614802 ; 102.911;
31 ; 31 ; 16 ; -0.0288716 ; -0.00538361 ; -6.42165e-05 ; 102.912;
32 ; 31 ; 16 ; -0.000695214 ; -0.0126668 ; -0.0117413 ; 102.912;
33 ; 31 ; 16 ; -0.000298905 ; -0.0118138 ; -0.00746246 ; 103.096;
4 ; 32 ; 16 ; 0.0230176 ; 0.00286223 ; -0.00932132 ; 103.174;
5 ; 32 ; 16 ; 0.0100824 ; -0.0164808 ; 0.0107766 ; 102.295;
6 ; 32 ; 16 ; 0.00990953 ; -0.0018606 ; -0.00531495 ; 102.652;
7 ; 32 ; 16 ; 0.0118754 ; 0.00642854 ; -0.00260584 ; 102.348;
8 ; 32 ; 16 ; 0.034613 ; -0.0178888 ; -0.00498672 ; 102.609;
9 ; 32 ; 16 ; 0.0287328 ; -0.00568447 ; -0.0040414 ; 102.387;
10 ; 32 ; 16 ; 0.0199777 ; -0.0205379 ; 0.0101567 ; 102.179;
11 ; 32 ; 16 ; 0.0112034 ; -0.00930346 ; 4.92378e-05 ; 102.787;
12 ; 32 ; 16 ; 0.0229237 ; -0.0148782 ; 0.00266149 ; 102.018;
13 ; 32 ; 16 ; 0.00308257 ; -0.00238057 ; -0.00802663 ; 102.384;
14 ; 32 ; 16 ; 0.012584 ; -0.014404 ; -0.0095475 ; 102.034;
15 ; 32 ; 16 ; -0.000355885 ; -0.0075828 ; 0.0118055 ; 102.298;
16 ; 32 ; 16 ; 0.00270595 ; -0.021701 ; -0.0072337 ; 102.134;
17 ; 32 ; 16 ; -0.00729166 ; -0.00877162 ; -0.00807778 ; 102.121;
18 ; 32 ; 16 ; 0.0107549 ; -0.00361509 ; 0.00306617 ; 101.978;
19 ; 32 ; 16 ; 0.00402779 ; -0.00582105 ; -0.00396274 ; 101.958;
20 ; 32 ; 16 ; 0.00394917 ; -0.0148833 ; 0.00492991 ; 102.289;
21 ; 32 ; 16 ; -0.00688247 ; -0.00453703 ; -0.0100856 ; 102.354;
22 ; 32 ; 16 ; -0.00543454 ; 0.000644737 ; -0.0165058 ; 102.411;
23 ; 32 ; 16 ; -0.0180899 ; -0.018394 ; 0.00663384 ; 102.518;
24 ; 32 ; 16 ; 0.00796133 ; -0.00941525 ; -0.00526342 ; 102.292;
25 ; 32 ; 16 ; 0.0142557 ; -0.0180819 ; -0.000112586 ; 101.867;
26 ; 32 ; 16 ; -0.0150521 ; -0.00336708 ; 0.00197625 ; 102.335;
27 ; 32 ; 16 ; -0.0215159 ; -0.0153167 ; -0.00169465 ; 102.24;
28 ; 32 ; 16 ; -0.0265469 ; -0.0152559 ; 0.00298086 ; 102.806;
29 ; 32 ; 16 ; -0.0140881 ; 2.45598e-05 ; 0.00445618 ; 102.459;
30 ; 32 ; 16 ; -0.0230633 ; 0.00717033 ; 0.0105874 ; 102.301;
31 ; 32 ; 16 ; -0.0225108 ; -0.00281055 ; -0.0155917 ; 102.404;
32 ; 32 ; 16 ; -0.00883299 ; 0.00542757 ; -0.00144271 ; 102.584;
33 ; 32 ; 16 ; 0.000845172 ; -0.0041884 ; 0.00587367 ; 102.477;
4 ; 33 ; 16 ; 0.00925391 ; -0.00160685 ; -0.00259795 ; 102.932;
5 ; 33 ; 16 ; -0.00233257 ; -0.00340565 ; 0.000517586 ; 102.734;
6 ; 33 ; 16 ; 0.0128855 ; 0.00236684 ; -0.00413938 ; 102.384;
7 ; 33 ; 16 ; 0.000770829 ; -0.00264429 ; -0.0232014 ; 102.393;
8 ; 33 ; 16 ; 0.0217184 ; -0.00614173 ; -0.00891867 ; 102.354;
9 ; 33 ; 16 ; 0.021631 ; 0.0089723 ; -0.00165805 ; 102.287;
10 ; 33 ; 16 ; 0.0133943 ; -0.00112284 ; 0.00129673 ; 102.563;
11 ; 33 ; 16 ; 0.00644978 ; -0.01126 ; -0.00494683 ; 102.353;
12 ; 33 ; 16 ; 0.0198221 ; -0.00725354 ; -0.0145673 ; 102.539;
13 ; 33 ; 16 ; -0.00333792 ; -0.00419362 ; -0.00558353 ; 102.421;
14 ; 33 ; 16 ; -0.000923297 ; -0.00583435 ; 0.00517298 ; 101.914;
15 ; 33 ; 16 ; -0.0110751 ; -0.0161904 ; 0.00759401 ; 102.25;
16 ; 33 ; 16 ; 0.000231333 ; -0.00125954 ; -0.00714751 ; 102.044;
17 ; 33 ; 16 ; 0.0121162 ; 0.0060828 ; 0.0138378 ; 101.695;
18 ; 33 ; 16 ; 0.00108203 ; -0.0229437 ; -0.00171748 ; 102.067;
19 ; 33 ; 16 ; 0.00725064 ; -0.00662724 ; 0.00498501 ; 102.238;
20 ; 33 ; 16 ; 0.0021347 ; -0.00770703 ; 0.00404956 ; 102.593;
21 ; 33 ; 16 ; -0.00261311 ; -0.00635965 ; -0.0116386 ; 101.821;
22 ; 33 ; 16 ; -0.010608 ; 0.00835079 ; -0.00817661 ; 102.52;
23 ; 33 ; 16 ; -0.0123021 ; -0.00105803 ; -0.00023861 ; 101.854;
24 ; 33 ; 16 ; -0.0194035 ; -0.00483156 ; -0.00875542 ; 101.844;
25 ; 33 ; 16 ; -0.0131897 ; -0.00499096 ; -0.0120893 ; 102.141;
26 ; 33 ; 16 ; -0.00193077 ; 0.00166411 ; -0.00544233 ; 102.518;
27 ; 33 ; 16 ; -0.0111491 ; -0.00433395 ; -0.00334269 ; 102.379;
28 ; 33 ; 16 ; -0.0223246 ; -0.00842575 ; -0.00672019 ; 102.591;
29 ; 33 ; 16 ; -0.0172806 ; 0.00518127 ; 0.00253895 ; 102.239;
30 ; 33 ; 16 ; -0.0176243 ; -0.00536177 ; -0.00341477 ; 102.685;
31 ; 33 ; 16 ; -0.00899146 ; -0.00355258 ; -0.0156787 ; 102.905;
32 ; 33 ; 16 ; -0.0225023 ; 0.00592087 ; -0.0117143 ; 102.482;
33 ; 33 ; 16 ; -1.03993e-05 ; -0.0144468 ; -0.0180354 ; 102.808;
4 ; 4 ; 17 ; 0.00383152 ; 0.0149983 ; 0.0153903 ; 102.553;
5 ; 4 ; 17 ; 0.00864129 ; 0.00379442 ; -0.0167464 ; 102.487;
6 ; 4 ; 17 ; 0.0014921 ; 0.000425489 ; 0.0018267 ; 102.252;
7 ; 4 ; 17 ; 0.0166744 ; -0.00713235 ; -0.00921149 ; 102.455;
8 ; 4 ; 17 ; 0.0165149 ; -0.00135867 ; 0.0118499 ; 101.873;
9 ; 4 ; 17 ; 0.0118677 ; 0.00564394 ; -0.0105555 ; 102.676;
10 ; 4 ; 17 ; 0.0151792 ; 0.000150502 ; 0.00462108 ; 102.238;
11 ; 4 ; 17 ; 0.0131192 ; 0.0132497 ; 0.00952889 ; 102.505;
12 ; 4 ; 17 ; 0.00984966 ; 0.00906246 ; -0.00815473 ; 101.918;
13 ; 4 ; 17 ; -0.00798669 ; 0.00881803 ; 0.0128711 ; 102.292;
14 ; 4 ; 17 ; 0.0136076 ; 0.0164334 ; 0.00624647 ; 102.596;
15 ; 4 ; 17 ; 0.00844123 ; 0.00569616 ; 0.00609249 ; 102.069;
16 ; 4 ; 17 ; -0.00271419 ; 0.000277043 ; -0.0104769 ; 101.865;
17 ; 4 ; 17 ; 0.00271294 ; 0.0187871 ; 0.0104555 ; 101.742;
18 ; 4 ; 17 ; 0.00477415 ; -0.00335781 ; 0.0159859 ; 101.642;
19 ; 4 ; 17 ; 0.00837043 ; -0.00255251 ; 0.00326211 ; 102.379;
20 ; 4 ; 17 ; -0.00362701 ; 0.00391116 ; -0.00328518 ; 102.494;
21 ; 4 ; 17 ; -0.011079 ; 0.0069431 ; -0.0067996 ; 101.579;
22 ; 4 ; 17 ; 0.00857956 ; 0.00177069 ; -0.0102999 ; 102.149;
23 ; 4 ; 17 ; -0.00095986 ; 0.00609245 ; 0.00066137 ; 101.778;
24 ; 4 ; 17 ; 0.0110017 ; 0.00927771 ; 0.0019654 ; 101.875;
25 ; 4 ; 17 ; -0.0105472 ; 0.01443 ; 0.00879159 ; 101.886;
26 ; 4 ; 17 ; -0.00427536 ; 0.0170377 ; -0.0115058 ; 102.266;
27 ; 4 ; 17 ; -0.024264 ; 0.0056793 ; -0.00990247 ; 102.542;
28 ; 4 ; 17 ; -0.0134294 ; 0.00209196 ; -0.00821432 ; 102.236;
29 ; 4 ; 17 ; -0.0182184 ; 0.0132119 ; 0.00160308 ; 102.575;
30 ; 4 ; 17 ; -0.0169126 ; 0.0131798 ; -0.0042584 ; 102.6;
31 ; 4 ; 17 ; 0.00333268 ; 0.00765195 ; -0.00154678 ; 102.936;
32 ; 4 ; 17 ; 0.00168584 ; -0.0121351 ; 0.00591361 ; 102.805;
33 ; 4 ; 17 ; -0.00985863 ; -0.00894647 ; -0.00376497 ; 102.525;
4 ; 5 ; 17 ; -0.00383304 ; 0.0089163 ; -0.00248377 ; 102.356;
5 ; 5 ; 17 ; 0.0187427 ; 0.00657523 ; -0.00343243 ; 102.818;
6 ; 5 ; 17 ; 0.00971781 ; -0.004899 ; 0.000401132 ; 102.563;
7 ; 5 ; 17 ; 0.0280083 ; -0.00190554 ; -0.00147008 ; 102.06;
8 ; 5 ; 17 ; 0.0165835 ; 0.00830972 ; 0.00759829 ; 102.104;
9 ; 5 ; 17 ; 0.0128287 ; 0.0160647 ; -0.0011664 ; 102.46;
10 ; 5 ; 17 ; 0.0224019 ; 0.0310503 ; -0.0095219 ; 102.626;
11 ; 5 ; 17 ; 0.0137556 ; 0.00173046 ; 0.00788253 ; 101.978;
12 ; 5 ; 17 ; 0.0138163 ; 0.0076647 ; 0.000206573 ; 101.966;
13 ; 5 ; 17 ; -0.00908049 ; 0.0159671 ; -0.00779199 ; 102.044;
14 ; 5 ; 17 ; -0.00210008 ; 0.0323534 ; 0.00562582 ; 102.078;
15 ; 5 ; 17 ; 0.000539229 ; 0.0285421 ; -0.0183316 ; 102.239;
16 ; 5 ; 17 ; 0.000462097 ; 0.0127213 ; -0.0130244 ; 101.79;
17 ; 5 ; 17 ; 0.00222376 ; 0.0134232 ; -7.03671e-05 ; 101.957;
18 ; 5 ; 17 ; -0.00213839 ; 0.0221682 ; -0.00144409 ; 101.716;
19 ; 5 ; 17 ; -0.00663719 ; 0.00545713 ; -0.00702122 ; 102.309;
20 ; 5 ; 17 ; 0.00151516 ; 0.00826565 ; 0.00581811 ; 101.677;
21 ; 5 ; 17 ; -0.00270119 ; -0.000286825 ; 0.0138395 ; 102.154;
22 ; 5 ; 17 ; 0.00220309 ; 0.00575921 ; 0.00524548 ; 101.854;
23 ; 5 ; 17 ; 0.010168 ; 0.0258183 ; -0.00634061 ; 102.024;
24 ; 5 ; 17 ; -0.00151738 ; 0.0229087 ; 0.00375972 ; 102.323;
25 ; 5 ; 17 ; -0.0193759 ; 0.0193224 ; -0.00951409 ; 102.144;
26 ; 5 ; 17 ; -0.013842 ; 0.0105558 ; -0.0136195 ; 102.366;
27 ; 5 ; 17 ; -0.00247347 ; 0.0168806 ; -0.00471395 ; 102.513;
28 ; 5 ; 17 ; -0.0113831 ; 0.00897049 ; 0.000878649 ; 102.243;
29 ; 5 ; 17 ; -0.0247489 ; 0.0132071 ; -0.00110234 ; 102.442;
30 ; 5 ; 17 ; -0.00967931 ; 0.00786353 ; -0.00706201 ; 102.414;
31 ; 5 ; 17 ; -0.0177943 ; 0.0175599 ; 0.00382872 ; 102.15;
32 ; 5 ; 17 ; -0.00858371 ; 0.00998101 ; 0.0141505 ; 102.518;
33 ; 5 ; 17 ; -0.00799638 ; -0.00149794 ; -0.000947667 ; 102.892;
4 ; 6 ; 17 ; 0.00380681 ; 0.0117898 ; 0.0026209 ; 102.871;
5 ; 6 ; 17 ; -0.00228924 ; 0.00881551 ; 0.00226874 ; 102.841;
6 ; 6 ; 17 ; 0.0162385 ; 0.0175562 ; 0.00149281 ; 102.674;
7 ; 6 ; 17 ; 0.0215209 ; 0.0297502 ; -0.0118858 ; 102.614;
8 ; 6 ; 17 ; 0.0191942 ; 0.00168007 ; -0.00629761 ; 102.466;
9 ; 6 ; 17 ; 0.016586 ; 0.0112574 ; 0.0088795 ; 102.873;
10 ; 6 ; 17 ; 0.0168408 ; 0.0146807 ; -0.00796512 ; 102.445;
11 ; 6 ; 17 ; 0.0121907 ; 0.024412 ; -0.00579496 ; 102.412;
12 ; 6 ; 17 ; 0.00617457 ; 0.0123134 ; -0.0130313 ; 102.141;
13 ; 6 ; 17 ; 0.00654391 ; 0.0258753 ; -0.00296746 ; 102.839;
14 ; 6 ; 17 ; -0.00552598 ; 0.0325879 ; -0.00724365 ; 102.028;
15 ; 6 ; 17 ; 0.00222617 ; 0.0320145 ; -0.00536492 ; 101.948;
16 ; 6 ; 17 ; 0.00441336 ; 0.0275733 ; 0.00236645 ; 101.933;
17 ; 6 ; 17 ; 0.00954693 ; 0.0172577 ; 2.86373e-05 ; 102.333;
18 ; 6 ; 17 ; 0.00221289 ; 0.0358402 ; -0.0037068 ; 101.864;
19 ; 6 ; 17 ; 0.00688526 ; 0.0394523 ; -0.00226312 ; 102.006;
20 ; 6 ; 17 ; -0.0153309 ; 0.0221794 ; 0.00646286 ; 101.87;
21 ; 6 ; 17 ; -0.0109926 ; 0.0171516 ; 0.00177564 ; 101.483;
22 ; 6 ; 17 ; 0.0106822 ; 0.0228289 ; -0.0019589 ; 102.52;
23 ; 6 ; 17 ; -0.00463532 ; 0.0228101 ; -0.00930433 ; 101.862;
24 ; 6 ; 17 ; -0.00141666 ; 0.01744 ; -0.0129142 ; 102.111;
25 ; 6 ; 17 ; -0.00823766 ; 0.0287661 ; -0.00586979 ; 102.004;
26 ; 6 ; 17 ; -0.017618 ; 0.0310312 ; -0.00690714 ; 102.534;
27 ; 6 ; 17 ; -0.0263171 ; 0.0194509 ; -0.0062734 ; 102.446;
28 ; 6 ; 17 ; -0.0311342 ; 0.020458 ; 0.0032152 ; 102.892;
29 ; 6 ; 17 ; -0.0146915 ; 0.0200944 ; -0.00749652 ; 102.955;
30 ; 6 ; 17 ; -0.0177628 ; 0.00550972 ; 0.00941525 ; 102.332;
31 ; 6 ; 17 ; -0.015971 ; 0.0199605 ; -0.00340614 ; 102.468;
32 ; 6 ; 17 ; -0.0149386 ; 0.0239034 ; 0.00641969 ; 102.297;
33 ; 6 ; 17 ; -0.0101439 ; 0.0106922 ; 0.000122161 ; 102.264;
4 ; 7 ; 17 ; -0.00367019 ; 0.000447888 ; -0.00078867 ; 102.563;
5 ; 7 ; 17 ; 0.00885 ; 0.00752288 ; -0.00134928 ; 102.783;
6 ; 7 ; 17 ; 0.00862326 ; 0.00616071 ; -0.0106919 ; 102.585;
7 ; 7 ; 17 ; 0.0134358 ; 0.0261244 ; -0.00630395 ; 102.762;
8 ; 7 ; 17 ; 0.0257595 ; 0.00514399 ; -0.00690614 ; 102.364;
9 ; 7 ; 17 ; 0.0285006 ; 0.00468524 ; 0.00414883 ; 102.302;
10 ; 7 ; 17 ; 0.0231693 ; 0.0162929 ; -0.00217914 ; 101.921;
11 ; 7 ; 17 ; 0.0169368 ; 0.0221812 ; 0.00754026 ; 102.519;
12 ; 7 ; 17 ; 0.0175927 ; 0.0232538 ; 0.000988114 ; 101.867;
13 ; 7 ; 17 ; 0.0147812 ; 0.0244829 ; -0.00395847 ; 102.094;
14 ; 7 ; 17 ; 0.00542947 ; 0.0381979 ; 0.00266124 ; 102.26;
15 ; 7 ; 17 ; 0.00368393 ; 0.0258462 ; -0.00851841 ; 101.524;
16 ; 7 ; 17 ; -0.00329195 ; 0.025346 ; 0.00842852 ; 101.884;
17 ; 7 ; 17 ; -0.00282332 ; 0.0171901 ; 0.000569642 ; 102.102;
18 ; 7 ; 17 ; -0.00347254 ; 0.0300951 ; 0.00164747 ; 101.698;
19 ; 7 ; 17 ; -0.00282322 ; 0.0311835 ; -0.0043482 ; 101.98;
20 ; 7 ; 17 ; -0.00579773 ; 0.0305746 ; -0.00457324 ; 101.988;
21 ; 7 ; 17 ; 0.00481986 ; 0.0204946 ; -0.00104551 ; 102.25;
22 ; 7 ; 17 ; 0.00117886 ; 0.014632 ; 0.0150077 ; 101.774;
23 ; 7 ; 17 ; -0.0161906 ; 0.0246243 ; 0.00178627 ; 102.04;
24 ; 7 ; 17 ; -0.00172944 ; 0.0210302 ; -0.00338473 ; 102.014;
25 ; 7 ; 17 ; -0.00820578 ; 0.0141425 ; -0.0117319 ; 102.282;
26 ; 7 ; 17 ; -0.0191112 ; 0.0297411 ; 3.87154e-05 ; 102.537;
27 ; 7 ; 17 ; -0.0300753 ; 0.015689 ; 0.00114471 ; 102.143;
28 ; 7 ; 17 ; -0.0256017 ; 0.0134814 ; 0.0021452 ; 102.338;
29 ; 7 ; 17 ; -0.0199079 ; 0.025841 ; 0.00536327 ; 102.701;
30 ; 7 ; 17 ; -0.0183786 ; 0.00493316 ; -0.0015583 ; 102.831;
31 ; 7 ; 17 ; -0.015405 ; 0.0111623 ; 3.18835e-05 ; 102.546;
32 ; 7 ; 17 ; -0.00758033 ; 0.0258122 ; -0.00596786 ; 102.217;
33 ; 7 ; 17 ; 0.00394728 ; 0.0130264 ; -0.0114959 ; 102.637;
4 ; 8 ; 17 ; 0.00256295 ; 0.0138094 ; 0.00748717 ; 101.745;
5 ; 8 ; 17 ; 0.00905444 ; 0.0139742 ; -0.00868346 ; 102.601;
6 ; 8 ; 17 ; 0.00282734 ; 0.000720689 ; 0.00138025 ; 102.321;
7 ; 8 ; 17 ; 0.00743555 ; 0.00992349 ; -0.00993103 ; 102.408;
8 ; 8 ; 17 ; 0.0232154 ; 0.026422 ; 0.0047842 ; 102.812;
9 ; 8 ; 17 ; 0.0172725 ; 0.0203309 ; 0.00102652 ; 102.512;
10 ; 8 ; 17 ; 0.0144486 ; 0.0267347 ; 0.00375016 ; 102.437;
11 ; 8 ; 17 ; 0.0200875 ; 0.0174611 ; 0.0128902 ; 102.817;
12 ; 8 ; 17 ; 0.01378 ; 0.0231469 ; -0.00829062 ; 102.18;
13 ; 8 ; 17 ; 0.00520398 ; 0.0286864 ; 0.0141708 ; 102.209;
14 ; 8 ; 17 ; 0.0181951 ; 0.0240696 ; 0.00340478 ; 101.77;
15 ; 8 ; 17 ; 0.0132958 ; 0.0135558 ; 0.00113109 ; 102.128;
16 ; 8 ; 17 ; -0.00735489 ; 0.0414984 ; -0.00416971 ; 102.027;
17 ; 8 ; 17 ; -9.70705e-05 ; 0.0291731 ; -0.000499927 ; 101.974;
18 ; 8 ; 17 ; 0.00101707 ; 0.0304564 ; -0.00312657 ; 101.412;
19 ; 8 ; 17 ; 0.00675666 ; 0.0374082 ; 0.00328035 ; 101.942;
20 ; 8 ; 17 ; 0.00348225 ; 0.0196541 ; 0.00252492 ; 102.263;
21 ; 8 ; 17 ; -0.00615483 ; 0.0241008 ; -0.000275715 ; 101.952;
22 ; 8 ; 17 ; -0.00375283 ; 0.0389892 ; 0.000728242 ; 102.446;
23 ; 8 ; 17 ; -0.0134456 ; 0.0224467 ; 0.00945953 ; 102.23;
24 ; 8 ; 17 ; -0.00310603 ; 0.0175405 ; -0.00762676 ; 102.051;
25 ; 8 ; 17 ; -0.0112671 ; 0.0197631 ; 0.00302866 ; 102.082;
26 ; 8 ; 17 ; -0.0242098 ; 0.0391355 ; 0.00209519 ; 102.653;
27 ; 8 ; 17 ; -0.014029 ; 0.0262596 ; 0.001175 ; 102.607;
28 ; 8 ; 17 ; -0.014873 ; 0.0352833 ; -0.000948456 ; 102.252;
29 ; 8 ; 17 ; -0.0167302 ; 0.0164779 ; 0.0050947 ; 102.29;
30 ; 8 ; 17 ; -0.0168639 ; 0.0168735 ; -0.00844183 ; 102.986;
31 ; 8 ; 17 ; -0.000770805 ; 0.0246204 ; -0.00511924 ; 102.368;
32 ; 8 ; 17 ; -0.02296 ; 0.0237156 ; -0.00696631 ; 102.674;
33 ; 8 ; 17 ; -0.0113494 ; 0.0145841 ; -0.0113389 ; 102.312;
4 ; 9 ; 17 ; 0.0101094 ; 0.0303442 ; 0.011579 ; 102.277;
5 ; 9 ; 17 ; -0.0110478 ; 0.0256264 ; -0.000189974 ; 101.888;
6 ; 9 ; 17 ; 0.00597247 ; 0.011186 ; 0.00373255 ; 102.175;
7 ; 9 ; 17 ; 0.0124757 ; 0.0203507 ; 0.00121095 ; 102.531;
8 ; 9 ; 17 ; 0.0206826 ; 0.0195106 ; 0.00726697 ; 102.391;
9 ; 9 ; 17 ; 0.00985085 ; 0.0296167 ; 0.00554389 ; 102.77;
10 ; 9 ; 17 ; 0.0147219 ; 0.00876694 ; -0.000917522 ; 101.997;
11 ; 9 ; 17 ; 0.025092 ; 0.0279682 ; 0.00158927 ; 102.697;
12 ; 9 ; 17 ; 0.0117847 ; 0.0196479 ; 0.00374508 ; 102.024;
13 ; 9 ; 17 ; 0.000971339 ; 0.0271676 ; 0.0145892 ; 101.718;
14 ; 9 ; 17 ; 0.000860694 ; 0.0313184 ; -0.00203854 ; 101.962;
15 ; 9 ; 17 ; 0.0131293 ; 0.0153704 ; 0.00178586 ; 102.092;
16 ; 9 ; 17 ; -0.00117049 ; 0.0275086 ; 0.0227159 ; 102.21;
17 ; 9 ; 17 ; -0.010528 ; 0.0397298 ; 0.0109538 ; 101.847;
18 ; 9 ; 17 ; -0.00635144 ; 0.0310094 ; 0.00028412 ; 101.976;
19 ; 9 ; 17 ; 0.00501463 ; 0.0290218 ; 0.013207 ; 102.067;
20 ; 9 ; 17 ; 0.00122947 ; 0.0431923 ; 0.00534426 ; 101.999;
21 ; 9 ; 17 ; -0.00504861 ; 0.0288175 ; -0.0139111 ; 101.764;
22 ; 9 ; 17 ; 0.00441451 ; 0.0179292 ; -0.00842721 ; 101.747;
23 ; 9 ; 17 ; 0.00146454 ; 0.0191102 ; -0.00012982 ; 101.901;
24 ; 9 ; 17 ; -0.0163937 ; 0.0276141 ; 0.00547893 ; 102.123;
25 ; 9 ; 17 ; -0.00977881 ; 0.0267039 ; 0.00415512 ; 101.988;
26 ; 9 ; 17 ; -0.0175237 ; 0.015541 ; -0.000403596 ; 102.101;
27 ; 9 ; 17 ; -0.0189153 ; 0.0260321 ; 0.0193604 ; 102.591;
28 ; 9 ; 17 ; -0.0184137 ; 0.0271195 ; 0.00913299 ; 102.087;
29 ; 9 ; 17 ; -0.0162886 ; 0.017682 ; 0.00276481 ; 102.573;
30 ; 9 ; 17 ; -0.0247958 ; 0.0136773 ; -0.00608379 ; 102.463;
31 ; 9 ; 17 ; -0.0242257 ; 0.0276982 ; -0.00547426 ; 102.139;
32 ; 9 ; 17 ; -0.00401881 ; 0.0193223 ; -0.00756033 ; 103.139;
33 ; 9 ; 17 ; 0.00435299 ; 0.0219516 ; -0.0106957 ; 102.48;
4 ; 10 ; 17 ; 0.00262799 ; 0.0149243 ; 0.000259212 ; 102.306;
5 ; 10 ; 17 ; 0.00650709 ; 0.0146011 ; -0.000816172 ; 102.486;
6 ; 10 ; 17 ; 0.016361 ; 0.0201943 ; -0.00952694 ; 102.307;
7 ; 10 ; 17 ; 0.0200408 ; 0.0272645 ; 0.0116622 ; 102.779;
8 ; 10 ; 17 ; 0.0404145 ; 0.0261589 ; 1.49891e-05 ; 102.645;
9 ; 10 ; 17 ; 0.0277317 ; 0.0209924 ; -0.00137483 ; 102.474;
10 ; 10 ; 17 ; 0.00750109 ; 0.0154467 ; -0.0039826 ; 102.241;
11 ; 10 ; 17 ; 0.0119503 ; 0.0235287 ; -0.00390771 ; 101.879;
12 ; 10 ; 17 ; 0.00587196 ; 0.0243454 ; -0.00369179 ; 101.887;
13 ; 10 ; 17 ; 0.00303877 ; 0.0249085 ; 0.00260487 ; 102.579;
14 ; 10 ; 17 ; 0.00763136 ; 0.0267422 ; 0.0106264 ; 102.187;
15 ; 10 ; 17 ; 0.0102683 ; 0.0215883 ; 0.0149724 ; 101.665;
16 ; 10 ; 17 ; -0.00514768 ; 0.0308345 ; -0.00678122 ; 102.291;
17 ; 10 ; 17 ; -0.0137597 ; 0.0201478 ; 0.00107175 ; 102.089;
18 ; 10 ; 17 ; -0.00270735 ; 0.0327292 ; -0.00183628 ; 101.813;
19 ; 10 ; 17 ; 0.0110429 ; 0.0272978 ; -0.00134175 ; 101.769;
20 ; 10 ; 17 ; 0.00035854 ; 0.0300363 ; -0.00112653 ; 101.431;
21 ; 10 ; 17 ; -0.00642774 ; 0.0275173 ; -0.00412838 ; 102.184;
22 ; 10 ; 17 ; -0.00314123 ; 0.0195771 ; 0.00130843 ; 101.884;
23 ; 10 ; 17 ; -0.0101388 ; 0.0240509 ; -0.00280243 ; 101.743;
24 ; 10 ; 17 ; -0.00822101 ; 0.0309151 ; 0.0058598 ; 102.045;
25 ; 10 ; 17 ; -0.0165622 ; 0.0143075 ; -0.0049334 ; 101.701;
26 ; 10 ; 17 ; -0.0132789 ; 0.0202018 ; -0.00378135 ; 102.085;
27 ; 10 ; 17 ; -0.0208142 ; 0.0130542 ; -0.00494641 ; 102.457;
28 ; 10 ; 17 ; -0.0273598 ; 0.0149346 ; 0.00585521 ; 102.389;
29 ; 10 ; 17 ; -0.0259531 ; 0.0264786 ; -0.00859935 ; 102.125;
30 ; 10 ; 17 ; -0.0122893 ; 0.0154 ; -0.00305683 ; 102.139;
31 ; 10 ; 17 ; -0.0107804 ; 0.0274202 ; -0.00775581 ; 102.24;
32 ; 10 ; 17 ; -0.0153787 ; 0.00358441 ; 0.00247962 ; 102.415;
33 ; 10 ; 17 ; -0.00720032 ; 0.00761002 ; -0.0137844 ; 101.938;
4 ; 11 ; 17 ; -0.00615647 ; 0.00685432 ; -0.000266107 ; 102.465;
5 ; 11 ; 17 ; 0.00834637 ; 0.0170998 ; 0.00753993 ; 102.364;
6 ; 11 ; 17 ; 0.0246025 ; 0.00854136 ; -0.0116669 ; 102.326;
7 ; 11 ; 17 ; 0.0137396 ; 0.0206377 ; -0.000209699 ; 102.554;
8 ; 11 ; 17 ; 0.022586 ; 0.0125983 ; 0.0164506 ; 102.091;
9 ; 11 ; 17 ; 0.0149672 ; 0.0120936 ; -0.00708365 ; 102.298;
10 ; 11 ; 17 ; 0.0198652 ; 0.02842 ; -0.011455 ; 101.756;
11 ; 11 ; 17 ; 0.0118522 ; 0.0104298 ; -0.00100298 ; 102.609;
12 ; 11 ; 17 ; 0.0226999 ; 0.0230248 ; 0.00562467 ; 102.479;
13 ; 11 ; 17 ; 0.0148888 ; 0.0199591 ; 0.00117107 ; 101.876;
14 ; 11 ; 17 ; 0.0184931 ; 0.0225441 ; 0.00362528 ; 101.949;
15 ; 11 ; 17 ; 0.0121112 ; 0.0304911 ; 0.00455113 ; 101.247;
16 ; 11 ; 17 ; 0.00673148 ; 0.020981 ; 0.0241851 ; 101.747;
17 ; 11 ; 17 ; -0.00745103 ; 0.0232924 ; 0.0071084 ; 101.919;
18 ; 11 ; 17 ; -0.00426691 ; 0.0313682 ; 0.000528278 ; 101.463;
19 ; 11 ; 17 ; -0.00242849 ; 0.0291608 ; -0.000381384 ; 101.797;
20 ; 11 ; 17 ; -0.011754 ; 0.0261041 ; 0.0073701 ; 101.601;
21 ; 11 ; 17 ; 0.00428858 ; 0.00980748 ; 0.00174425 ; 102.263;
22 ; 11 ; 17 ; -0.010334 ; 0.0281253 ; -0.00550943 ; 101.637;
23 ; 11 ; 17 ; -0.000367608 ; 0.0208738 ; -0.00465977 ; 101.901;
24 ; 11 ; 17 ; -0.00450248 ; 0.012975 ; 0.00884861 ; 102.041;
25 ; 11 ; 17 ; -0.0247792 ; 0.0235296 ; -0.00554439 ; 101.818;
26 ; 11 ; 17 ; -0.0212099 ; 0.0119087 ; 0.00205982 ; 102.031;
27 ; 11 ; 17 ; -0.0247835 ; 0.0127543 ; 0.00934888 ; 102.231;
28 ; 11 ; 17 ; -0.021478 ; 0.0106238 ; 0.00317547 ; 102.56;
29 ; 11 ; 17 ; -0.0136844 ; 0.0305044 ; 0.0117677 ; 102.708;
30 ; 11 ; 17 ; -0.0237889 ; 0.0198178 ; -0.0121472 ; 102.002;
31 ; 11 ; 17 ; -0.0249227 ; 0.0217325 ; -0.00207247 ; 101.971;
32 ; 11 ; 17 ; -0.00666982 ; 0.0166983 ; -0.00729759 ; 101.694;
33 ; 11 ; 17 ; -0.0119182 ; -0.00182876 ; -0.00207324 ; 102.178;
4 ; 12 ; 17 ; 0.0108986 ; -0.00170418 ; -0.0102946 ; 102.474;
5 ; 12 ; 17 ; 0.00842765 ; 0.00243912 ; 0.00935245 ; 102.358;
6 ; 12 ; 17 ; 0.0172976 ; 0.0123184 ; 0.00202408 ; 102.223;
7 ; 12 ; 17 ; 0.0146529 ; 0.0207472 ; 0.0157626 ; 102.283;
8 ; 12 ; 17 ; 0.0194746 ; 0.0168771 ; -0.00138699 ; 102.374;
9 ; 12 ; 17 ; 0.0292856 ; 0.0182771 ; -0.00820625 ; 102.181;
10 ; 12 ; 17 ; 0.0254852 ; 0.0142957 ; 0.0114396 ; 102.306;
11 ; 12 ; 17 ; 0.00843803 ; 0.00881593 ; -0.00142571 ; 101.806;
12 ; 12 ; 17 ; 0.00312067 ; 0.014625 ; 0.00686616 ; 102.085;
13 ; 12 ; 17 ; 0.0263816 ; 0.0353177 ; 0.00588754 ; 102.502;
14 ; 12 ; 17 ; 0.00279385 ; 0.0177099 ; -0.00606992 ; 101.998;
15 ; 12 ; 17 ; 0.00727385 ; 0.0297605 ; 0.00305827 ; 101.502;
16 ; 12 ; 17 ; -0.000527918 ; 0.0104464 ; 0.0060927 ; 102.138;
17 ; 12 ; 17 ; -0.00837697 ; 0.0118473 ; 0.0127741 ; 101.657;
18 ; 12 ; 17 ; -0.00592567 ; 0.00676544 ; -0.00483781 ; 101.615;
19 ; 12 ; 17 ; -0.00989684 ; 0.0092273 ; -0.0066363 ; 101.309;
20 ; 12 ; 17 ; -0.00520938 ; 0.00714902 ; 0.00382669 ; 101.634;
21 ; 12 ; 17 ; -0.00492677 ; 0.0114242 ; 0.0038738 ; 101.56;
22 ; 12 ; 17 ; -0.00940377 ; 0.0071241 ; 0.00565277 ; 102.002;
23 ; 12 ; 17 ; -0.00553919 ; 0.0257674 ; 0.00267521 ; 101.637;
24 ; 12 ; 17 ; -0.0122563 ; 0.0129411 ; -0.0224734 ; 101.807;
25 ; 12 ; 17 ; -0.0130586 ; 0.0244722 ; -0.0109706 ; 101.751;
26 ; 12 ; 17 ; -0.0113209 ; 0.00168874 ; -0.0143026 ; 101.838;
27 ; 12 ; 17 ; -0.0150368 ; 0.00997631 ; 0.00244199 ; 102.273;
28 ; 12 ; 17 ; -0.0209699 ; 0.0150362 ; 0.000926578 ; 102.197;
29 ; 12 ; 17 ; -0.02409 ; 0.0165032 ; 0.00235925 ; 102.208;
30 ; 12 ; 17 ; -0.0209562 ; 0.0109683 ; -0.007275 ; 102.606;
31 ; 12 ; 17 ; -0.0201135 ; 0.0120343 ; 0.00270648 ; 102.45;
32 ; 12 ; 17 ; -0.0133276 ; 0.00682857 ; -0.00884281 ; 101.854;
33 ; 12 ; 17 ; -0.0100158 ; -0.00143428 ; 0.00239173 ; 102.548;
4 ; 13 ; 17 ; 0.0166862 ; 0.00413512 ; -0.00234568 ; 101.828;
5 ; 13 ; 17 ; 0.00475884 ; -0.000181757 ; 0.00994984 ; 102.301;
6 ; 13 ; 17 ; 0.0127259 ; -0.00581502 ; -0.00188524 ; 102.025;
7 ; 13 ; 17 ; 0.0231445 ; 0.00831261 ; 0.00292659 ; 102.155;
8 ; 13 ; 17 ; 0.0189517 ; 0.0158165 ; 0.00300287 ; 102.181;
9 ; 13 ; 17 ; 0.0179484 ; 0.00607689 ; -0.0029696 ; 102.182;
10 ; 13 ; 17 ; 0.0247841 ; 0.00737766 ; 0.00198264 ; 102.05;
11 ; 13 ; 17 ; 0.0166569 ; 0.00414668 ; -0.00363186 ; 101.96;
12 ; 13 ; 17 ; 0.00757607 ; 0.00132912 ; 0.0114548 ; 102.101;
13 ; 13 ; 17 ; 0.0166452 ; 0.00148852 ; 0.0191162 ; 101.229;
14 ; 13 ; 17 ; -0.00145105 ; 0.0140185 ; -0.00760638 ; 101.503;
15 ; 13 ; 17 ; 0.00201718 ; 0.0156647 ; 0.00558682 ; 101.642;
16 ; 13 ; 17 ; -0.0048587 ; 0.00883679 ; 0.00509263 ; 101.684;
17 ; 13 ; 17 ; -0.00103901 ; 0.0127406 ; 0.00560266 ; 102.015;
18 ; 13 ; 17 ; 0.00652962 ; 0.01594 ; 7.14806e-05 ; 101.653;
19 ; 13 ; 17 ; -0.00155417 ; 0.0159075 ; -0.0109613 ; 101.85;
20 ; 13 ; 17 ; 0.000615429 ; 0.00299395 ; 0.0180839 ; 101.474;
21 ; 13 ; 17 ; 0.00668125 ; 0.00197191 ; 0.0137362 ; 101.578;
22 ; 13 ; 17 ; -0.00552948 ; -0.00396352 ; 0.00713215 ; 101.639;
23 ; 13 ; 17 ; -0.0127642 ; 0.0214785 ; 0.00190405 ; 101.7;
24 ; 13 ; 17 ; -0.0149397 ; 0.00866476 ; -0.00184784 ; 101.846;
25 ; 13 ; 17 ; -0.00973344 ; 0.0127755 ; 0.00699837 ; 101.9;
26 ; 13 ; 17 ; -0.0125704 ; 0.00182671 ; 0.0178983 ; 101.992;
27 ; 13 ; 17 ; -0.0333711 ; 0.0117375 ; -0.0128242 ; 101.801;
28 ; 13 ; 17 ; -0.0150988 ; 0.0132101 ; -0.013067 ; 101.84;
29 ; 13 ; 17 ; -0.0203885 ; 0.0144435 ; 0.00130195 ; 102.449;
30 ; 13 ; 17 ; -0.0169932 ; 0.00128761 ; -0.00550633 ; 102.086;
31 ; 13 ; 17 ; -0.0177851 ; 0.00388406 ; -0.00603946 ; 102.033;
32 ; 13 ; 17 ; -0.0121191 ; 0.0115055 ; -0.00459962 ; 102.139;
33 ; 13 ; 17 ; -0.0125968 ; -0.00764254 ; -0.0184655 ; 101.884;
4 ; 14 ; 17 ; 0.00605163 ; -0.00979283 ; 0.000181131 ; 101.741;
5 ; 14 ; 17 ; 0.0082719 ; 0.0127995 ; 0.0163595 ; 101.822;
6 ; 14 ; 17 ; 0.0235002 ; 0.000600684 ; 0.0147717 ; 102.339;
7 ; 14 ; 17 ; 0.0252928 ; 0.0133027 ; 0.00130365 ; 102.288;
8 ; 14 ; 17 ; 0.0335068 ; 0.00500356 ; 0.010859 ; 102.201;
9 ; 14 ; 17 ; 0.0286909 ; 0.0209242 ; -0.00904979 ; 102.468;
10 ; 14 ; 17 ; 0.0321101 ; 0.00870349 ; -0.011808 ; 101.677;
11 ; 14 ; 17 ; 0.0323027 ; 0.00462702 ; -0.00919396 ; 102.415;
12 ; 14 ; 17 ; 0.0216314 ; -0.00360635 ; -0.00771613 ; 101.57;
13 ; 14 ; 17 ; 0.0202019 ; 0.0218142 ; 0.00263999 ; 101.59;
14 ; 14 ; 17 ; 0.0175684 ; 0.0169638 ; -0.00163511 ; 101.845;
15 ; 14 ; 17 ; 0.00381754 ; 0.0122276 ; 0.0115532 ; 101.957;
16 ; 14 ; 17 ; 0.0112292 ; 0.00667994 ; -0.0017764 ; 101.396;
17 ; 14 ; 17 ; -0.0063364 ; 0.0121602 ; -0.00588165 ; 101.783;
18 ; 14 ; 17 ; 0.0130308 ; 0.0104871 ; 0.00485521 ; 101.051;
19 ; 14 ; 17 ; -0.00620054 ; 6.87364e-05 ; 0.00309764 ; 101.38;
20 ; 14 ; 17 ; -0.00123801 ; -0.00681347 ; -0.000644225 ; 101.522;
21 ; 14 ; 17 ; 0.00340373 ; 0.00395706 ; -0.000218198 ; 101.418;
22 ; 14 ; 17 ; -0.00213511 ; 0.0143396 ; 0.00167813 ; 101.647;
23 ; 14 ; 17 ; -0.0026764 ; 0.0113327 ; 0.00964836 ; 101.714;
24 ; 14 ; 17 ; 0.00205235 ; 0.00939188 ; -0.000478056 ; 101.593;
25 ; 14 ; 17 ; -0.0177371 ; 0.0160334 ; 0.0108584 ; 102.01;
26 ; 14 ; 17 ; -0.0323938 ; -0.00738644 ; -0.00174026 ; 101.96;
27 ; 14 ; 17 ; -0.0307626 ; -0.00153348 ; -0.00647682 ; 102.112;
28 ; 14 ; 17 ; -0.0249358 ; -0.0073538 ; -0.00137188 ; 102.506;
29 ; 14 ; 17 ; -0.0234901 ; -0.00360257 ; -0.00797163 ; 102.278;
30 ; 14 ; 17 ; -0.0221682 ; -0.00609886 ; -0.0205344 ; 102.056;
31 ; 14 ; 17 ; -0.0110181 ; 0.00350986 ; 0.000321718 ; 101.844;
32 ; 14 ; 17 ; -0.00768057 ; 0.0135937 ; -0.0052977 ; 102.549;
33 ; 14 ; 17 ; -0.0107803 ; 0.0142371 ; -0.0148285 ; 102.003;
4 ; 15 ; 17 ; 0.00807504 ; 0.00486492 ; 0.00312857 ; 102.032;
5 ; 15 ; 17 ; 0.0126776 ; -0.00326117 ; -0.0133842 ; 102.074;
6 ; 15 ; 17 ; 0.0239109 ; -0.00878012 ; -0.00211664 ; 102.284;
7 ; 15 ; 17 ; 0.0227898 ; 0.00481635 ; 0.00130563 ; 102.044;
8 ; 15 ; 17 ; 0.0258775 ; 0.0101363 ; -0.0116484 ; 101.551;
9 ; 15 ; 17 ; 0.0271747 ; 0.0124696 ; -0.00305716 ; 102.27;
10 ; 15 ; 17 ; 0.0388759 ; 0.00682251 ; 0.00318805 ; 101.797;
11 ; 15 ; 17 ; 0.0140581 ; 0.00422014 ; -0.00894641 ; 101.762;
12 ; 15 ; 17 ; 0.0191674 ; 0.00765518 ; 0.00586687 ; 101.996;
13 ; 15 ; 17 ; 0.0187158 ; 0.0138122 ; -0.0142177 ; 101.916;
14 ; 15 ; 17 ; 0.0135324 ; -0.00331432 ; 0.00482046 ; 101.339;
15 ; 15 ; 17 ; 0.006237 ; 0.00482581 ; 0.000354593 ; 101.571;
16 ; 15 ; 17 ; -0.00966485 ; -0.00512279 ; 0.00575832 ; 101.899;
17 ; 15 ; 17 ; 0.00223688 ; -0.00471388 ; 0.00309891 ; 101.46;
18 ; 15 ; 17 ; 0.00891835 ; 0.00186075 ; -0.00312346 ; 101.409;
19 ; 15 ; 17 ; -0.00191906 ; 0.00768723 ; -0.00781657 ; 101.786;
20 ; 15 ; 17 ; -0.00506334 ; -0.000859314 ; -0.00258809 ; 101.726;
21 ; 15 ; 17 ; 0.000914604 ; 0.00574576 ; -0.00974334 ; 101.231;
22 ; 15 ; 17 ; 0.00111318 ; 0.019979 ; 0.00301181 ; 101.975;
23 ; 15 ; 17 ; 0.000204467 ; -0.000772811 ; -0.00227852 ; 102.146;
24 ; 15 ; 17 ; -0.0146354 ; 0.00074655 ; 0.00315108 ; 101.384;
25 ; 15 ; 17 ; -0.0275012 ; -0.00498014 ; -0.0200067 ; 101.864;
26 ; 15 ; 17 ; -0.0250499 ; -0.0134428 ; 0.00149261 ; 102.053;
27 ; 15 ; 17 ; -0.0285801 ; 0.00396213 ; 0.00199267 ; 101.783;
28 ; 15 ; 17 ; -0.0219259 ; 0.00405529 ; 0.0108173 ; 101.995;
29 ; 15 ; 17 ; -0.0329272 ; -0.00598391 ; 0.014355 ; 101.55;
30 ; 15 ; 17 ; -0.0304561 ; -0.0040203 ; -0.00826971 ; 101.731;
31 ; 15 ; 17 ; -0.0246219 ; -0.00197372 ; -0.000960284 ; 102.596;
32 ; 15 ; 17 ; -0.0142636 ; -0.00173539 ; -0.00102932 ; 101.476;
33 ; 15 ; 17 ; -0.0185262 ; -0.00722969 ; -0.000837839 ; 101.803;
4 ; 16 ; 17 ; 0.00730018 ; -0.0142761 ; -0.00595509 ; 102.374;
5 ; 16 ; 17 ; 0.016384 ; -0.00984128 ; -0.00289173 ; 102.083;
6 ; 16 ; 17 ; 0.00959265 ; -0.00275112 ; -0.00488566 ; 102.317;
7 ; 16 ; 17 ; 0.0135828 ; 0.0109137 ; -0.00410339 ; 101.342;
8 ; 16 ; 17 ; 0.0302772 ; 0.00173999 ; -0.00597832 ; 101.833;
9 ; 16 ; 17 ; 0.028886 ; -0.00256592 ; -0.00265461 ; 101.484;
10 ; 16 ; 17 ; 0.0196138 ; -0.00462653 ; 0.00130516 ; 101.766;
11 ; 16 ; 17 ; 0.020739 ; 0.0021243 ; 0.00798818 ; 102.112;
12 ; 16 ; 17 ; 0.0292633 ; 0.0103934 ; -0.000419047 ; 101.506;
13 ; 16 ; 17 ; 0.00435074 ; -0.00181928 ; 0.0105309 ; 101.481;
14 ; 16 ; 17 ; 0.00711711 ; 0.0020131 ; -0.00723889 ; 101.551;
15 ; 16 ; 17 ; 0.00387356 ; -0.00122339 ; 0.00749312 ; 101.928;
16 ; 16 ; 17 ; -0.000559012 ; -0.00421246 ; -0.000389325 ; 101.259;
17 ; 16 ; 17 ; 0.00772638 ; -0.00995178 ; -0.00690986 ; 101.73;
18 ; 16 ; 17 ; 0.00248549 ; 0.000273249 ; 0.00295593 ; 101.39;
19 ; 16 ; 17 ; -0.00111411 ; 0.0106564 ; 0.00270945 ; 101.435;
20 ; 16 ; 17 ; 0.0077355 ; 0.00367141 ; 0.00115822 ; 101.273;
21 ; 16 ; 17 ; -0.0097744 ; 0.00555887 ; 0.00748633 ; 101.698;
22 ; 16 ; 17 ; -0.0103022 ; 0.0101063 ; -0.00305996 ; 101.567;
23 ; 16 ; 17 ; -0.0106158 ; 0.00546849 ; -0.0126439 ; 101.594;
24 ; 16 ; 17 ; -0.00541694 ; -0.0074488 ; -0.00357469 ; 101.618;
25 ; 16 ; 17 ; -0.00550986 ; 0.00844843 ; 0.00505492 ; 101.46;
26 ; 16 ; 17 ; -0.0288103 ; -0.00307297 ; 0.000202181 ; 101.749;
27 ; 16 ; 17 ; -0.0340898 ; 0.00218888 ; 0.00192342 ; 101.911;
28 ; 16 ; 17 ; -0.0325689 ; 0.00304147 ; 0.000118299 ; 102.1;
29 ; 16 ; 17 ; -0.0321348 ; -0.011837 ; 0.00472711 ; 102.069;
30 ; 16 ; 17 ; -0.0318217 ; -1.91945e-05 ; -0.0196061 ; 102.152;
31 ; 16 ; 17 ; -0.0249637 ; 0.0089845 ; 0.00292222 ; 101.731;
32 ; 16 ; 17 ; -0.0224514 ; -0.00711992 ; 0.00633262 ; 102.293;
33 ; 16 ; 17 ; -0.00493517 ; -0.00194816 ; 0.00632556 ; 102.325;
4 ; 17 ; 17 ; 0.00757214 ; -0.0132714 ; 0.00705199 ; 101.849;
5 ; 17 ; 17 ; 0.0173934 ; -0.00429264 ; -0.000835939 ; 102.095;
6 ; 17 ; 17 ; 0.0330506 ; -0.00286342 ; -0.00343032 ; 102.127;
7 ; 17 ; 17 ; 0.0235852 ; 0.010419 ; 0.00191954 ; 101.929;
8 ; 17 ; 17 ; 0.0219396 ; 0.00264828 ; -0.00611772 ; 102.24;
9 ; 17 ; 17 ; 0.0345732 ; 0.0110133 ; -0.0120694 ; 101.458;
10 ; 17 ; 17 ; 0.0267197 ; 0.000566085 ; -0.00603142 ; 102.331;
11 ; 17 ; 17 ; 0.019275 ; 0.00159552 ; 0.00799391 ; 101.625;
12 ; 17 ; 17 ; 0.0158698 ; 0.00107302 ; -0.00550086 ; 101.905;
13 ; 17 ; 17 ; 0.00861843 ; -0.00136337 ; 0.00322968 ; 101.671;
14 ; 17 ; 17 ; 0.00412633 ; -0.00534756 ; -0.00127472 ; 101.452;
15 ; 17 ; 17 ; 0.00744354 ; -0.011551 ; 0.0172526 ; 101.648;
16 ; 17 ; 17 ; -0.00688125 ; 0.000642883 ; 0.000464103 ; 101.473;
17 ; 17 ; 17 ; 0.00391918 ; -0.00177512 ; 0.0024687 ; 101.463;
18 ; 17 ; 17 ; -0.0029565 ; 0.0131997 ; 0.00334302 ; 101.92;
19 ; 17 ; 17 ; -0.00379634 ; 0.0114773 ; -0.00643679 ; 101.496;
20 ; 17 ; 17 ; -0.00318891 ; 0.00295594 ; 0.00683357 ; 101.442;
21 ; 17 ; 17 ; -0.00784536 ; 0.0116209 ; -0.0088197 ; 101.434;
22 ; 17 ; 17 ; -0.00528766 ; -0.00652057 ; 0.0119804 ; 101.614;
23 ; 17 ; 17 ; -0.0100315 ; 0.0029909 ; 0.00207098 ; 101.681;
24 ; 17 ; 17 ; -0.0111617 ; -0.00876137 ; 0.00689361 ; 101.865;
25 ; 17 ; 17 ; -0.0168221 ; 0.00220386 ; -0.000263278 ; 101.681;
26 ; 17 ; 17 ; -0.0189116 ; -0.00985662 ; -0.0129431 ; 101.986;
27 ; 17 ; 17 ; -0.019645 ; -0.00296884 ; 0.00187819 ; 101.807;
28 ; 17 ; 17 ; -0.0100198 ; 0.00121267 ; 0.00549944 ; 102.104;
29 ; 17 ; 17 ; -0.0300053 ; 0.00137567 ; -0.00230931 ; 102.278;
30 ; 17 ; 17 ; -0.0144937 ; 0.00259619 ; 0.00885871 ; 101.935;
31 ; 17 ; 17 ; -0.0149251 ; 0.00795817 ; -0.00248778 ; 102.13;
32 ; 17 ; 17 ; -0.0109398 ; 0.00270973 ; -0.00437545 ; 101.638;
33 ; 17 ; 17 ; -0.00861692 ; 0.00586125 ; -0.00604064 ; 101.879;
4 ; 18 ; 17 ; 0.0125875 ; 0.00322873 ; -0.00712543 ; 101.987;
5 ; 18 ; 17 ; 0.0189317 ; 0.0031132 ; -0.000550348 ; 102.131;
6 ; 18 ; 17 ; 0.0156109 ; 0.00329196 ; -0.00434022 ; 101.931;
7 ; 18 ; 17 ; 0.0222561 ; 0.00389453 ; -0.00358391 ; 102.504;
8 ; 18 ; 17 ; 0.0273028 ; -0.00724939 ; -0.000863253 ; 102.095;
9 ; 18 ; 17 ; 0.0199052 ; -0.00340216 ; 0.00587904 ; 101.746;
10 ; 18 ; 17 ; 0.0313405 ; 0.00365251 ; 0.0075771 ; 101.685;
11 ; 18 ; 17 ; 0.0192209 ; 0.00295875 ; 0.00138951 ; 101.704;
12 ; 18 ; 17 ; 0.0236299 ; 0.000633906 ; -0.00331119 ; 102.12;
13 ; 18 ; 17 ; 0.0141359 ; 0.0012164 ; -0.00341139 ; 101.372;
14 ; 18 ; 17 ; 0.00878442 ; 0.000877732 ; 0.0036406 ; 101.744;
15 ; 18 ; 17 ; -0.00421506 ; -0.0109652 ; 0.0014584 ; 101.887;
16 ; 18 ; 17 ; 0.00625508 ; 0.0024095 ; -0.00296982 ; 101.38;
17 ; 18 ; 17 ; -0.000639368 ; -0.0030805 ; 0.00817468 ; 101.155;
18 ; 18 ; 17 ; -0.0059818 ; 0.012444 ; 0.00792333 ; 101.777;
19 ; 18 ; 17 ; 0.00236826 ; 0.00365836 ; -0.00316159 ; 101.884;
20 ; 18 ; 17 ; 0.00571622 ; -0.002057 ; -0.00361383 ; 101.475;
21 ; 18 ; 17 ; -0.00180935 ; 0.0105168 ; 0.00316975 ; 101.383;
22 ; 18 ; 17 ; 0.00202049 ; -0.0101497 ; 0.0110142 ; 101.373;
23 ; 18 ; 17 ; -0.00891015 ; -0.0114884 ; 0.0108362 ; 101.56;
24 ; 18 ; 17 ; -0.0150242 ; -0.00411447 ; 0.00122778 ; 101.947;
25 ; 18 ; 17 ; -0.0113959 ; -0.00338128 ; 0.00238163 ; 101.226;
26 ; 18 ; 17 ; -0.0238702 ; -0.00292699 ; 0.00119913 ; 102.204;
27 ; 18 ; 17 ; -0.0178321 ; 0.00946486 ; 0.00857809 ; 101.783;
28 ; 18 ; 17 ; -0.0415194 ; -0.00242553 ; -0.00305494 ; 101.497;
29 ; 18 ; 17 ; -0.0361432 ; 0.00321062 ; 0.000665021 ; 102.208;
30 ; 18 ; 17 ; -0.0168401 ; 0.0101281 ; 0.00885595 ; 101.656;
31 ; 18 ; 17 ; -0.0145115 ; -0.00992786 ; 0.00425981 ; 101.706;
32 ; 18 ; 17 ; -0.0069846 ; -0.00695669 ; 0.00697224 ; 102.318;
33 ; 18 ; 17 ; -0.00226514 ; -0.00306622 ; 0.00560928 ; 101.839;
4 ; 19 ; 17 ; 0.0112652 ; -0.00747729 ; 0.000834072 ; 102.311;
5 ; 19 ; 17 ; 0.0206789 ; -0.00257169 ; 0.00925747 ; 101.614;
6 ; 19 ; 17 ; 0.0280236 ; 0.00383224 ; -0.0145209 ; 101.744;
7 ; 19 ; 17 ; 0.0187911 ; -0.0247897 ; 0.00529612 ; 101.668;
8 ; 19 ; 17 ; 0.0254439 ; 0.00788994 ; 0.00245632 ; 102.075;
9 ; 19 ; 17 ; 0.0275291 ; -0.000993312 ; -0.000462094 ; 101.743;
10 ; 19 ; 17 ; 0.025083 ; -0.00279872 ; -0.00455718 ; 102.091;
11 ; 19 ; 17 ; 0.0267181 ; 0.00402626 ; 0.00526145 ; 101.957;
12 ; 19 ; 17 ; 0.0116228 ; -0.00137925 ; 0.00577817 ; 101.626;
13 ; 19 ; 17 ; 0.0146579 ; 0.000476261 ; 0.0170275 ; 101.755;
14 ; 19 ; 17 ; 0.0223978 ; -0.0131488 ; -0.0151413 ; 101.763;
15 ; 19 ; 17 ; -0.00078308 ; -0.00563844 ; 0.00378162 ; 101.22;
16 ; 19 ; 17 ; 0.000415877 ; -0.00562786 ; 0.0153237 ; 101.861;
17 ; 19 ; 17 ; -0.00369246 ; 0.00689533 ; 0.00102625 ; 100.987;
18 ; 19 ; 17 ; 0.00168013 ; 0.00622761 ; -0.0016905 ; 101.51;
19 ; 19 ; 17 ; 0.00932751 ; -0.00455236 ; -0.0013272 ; 101.376;
20 ; 19 ; 17 ; 0.00351791 ; -0.000506786 ; 0.0089055 ; 101.557;
21 ; 19 ; 17 ; -0.00934167 ; 0.00433797 ; 0.00686707 ; 101.703;
22 ; 19 ; 17 ; 0.00458235 ; 0.00677605 ; -0.00380243 ; 101.674;
23 ; 19 ; 17 ; -0.0240801 ; -0.0012206 ; -0.0119141 ; 102.184;
24 ; 19 ; 17 ; -0.0135754 ; 0.00238079 ; -0.00641525 ; 101.339;
25 ; 19 ; 17 ; -0.0044396 ; -0.000512127 ; -0.00345537 ; 101.565;
26 ; 19 ; 17 ; -0.0153237 ; -0.00759305 ; -0.00225356 ; 101.748;
27 ; 19 ; 17 ; -0.0187657 ; -0.00618784 ; -0.0115719 ; 101.589;
28 ; 19 ; 17 ; -0.0272852 ; 0.0206719 ; 0.00396232 ; 102.079;
29 ; 19 ; 17 ; -0.0365613 ; -0.00362404 ; 0.0169424 ; 101.682;
30 ; 19 ; 17 ; -0.0226497 ; 0.00740216 ; 0.000243226 ; 101.853;
31 ; 19 ; 17 ; -0.0313782 ; 0.00360796 ; 0.00503174 ; 101.915;
32 ; 19 ; 17 ; -0.0158383 ; -0.00567471 ; 0.00720659 ; 102.017;
33 ; 19 ; 17 ; 0.00463162 ; -0.00340769 ; -0.00735671 ; 101.766;
4 ; 20 ; 17 ; 0.0105277 ; 0.00144877 ; -0.000557675 ; 101.971;
5 ; 20 ; 17 ; 0.00271797 ; 0.00666127 ; 0.00781655 ; 101.722;
6 ; 20 ; 17 ; 0.0157715 ; -0.0093203 ; -0.00633186 ; 102.04;
7 ; 20 ; 17 ; 0.0253278 ; -0.00491573 ; 0.0162884 ; 102.145;
8 ; 20 ; 17 ; 0.0116476 ; 0.00400953 ; 0.00222412 ; 101.767;
9 ; 20 ; 17 ; 0.0172764 ; -0.00243216 ; -0.00674247 ; 101.966;
10 ; 20 ; 17 ; 0.0417813 ; -0.0121553 ; 0.000878051 ; 101.935;
11 ; 20 ; 17 ; 0.0309399 ; -0.0098918 ; 0.00130347 ; 101.546;
12 ; 20 ; 17 ; 0.0291134 ; -0.00230786 ; -0.00458464 ; 101.813;
13 ; 20 ; 17 ; 0.000214325 ; -0.00662421 ; -0.00765307 ; 101.387;
14 ; 20 ; 17 ; 0.0160229 ; -0.001907 ; 0.00396165 ; 101.646;
15 ; 20 ; 17 ; -0.00173838 ; 0.00752261 ; 0.000826149 ; 101.648;
16 ; 20 ; 17 ; 0.00571802 ; 0.00799393 ; -0.00585894 ; 101.514;
17 ; 20 ; 17 ; -0.0053405 ; 0.0059994 ; -0.0115329 ; 101.567;
18 ; 20 ; 17 ; -0.00401636 ; 0.000645587 ; 0.00155167 ; 101.464;
19 ; 20 ; 17 ; -0.00104913 ; -7.63952e-05 ; -0.00230081 ; 101.227;
20 ; 20 ; 17 ; -0.00202211 ; -0.00910681 ; -0.000752157 ; 101.56;
21 ; 20 ; 17 ; -0.00670609 ; 0.00729816 ; 0.00582359 ; 101.329;
22 ; 20 ; 17 ; 0.00251845 ; -0.00445235 ; 0.00728628 ; 101.225;
23 ; 20 ; 17 ; -0.00832288 ; 0.00969538 ; -0.0123441 ; 102.188;
24 ; 20 ; 17 ; -0.0123691 ; 0.0087418 ; -0.00345781 ; 101.698;
25 ; 20 ; 17 ; -0.00276556 ; -0.00332041 ; 0.00670731 ; 101.584;
26 ; 20 ; 17 ; -0.0171253 ; 0.0027595 ; 0.00200922 ; 101.833;
27 ; 20 ; 17 ; -0.0140702 ; -0.0020013 ; 0.00349772 ; 101.735;
28 ; 20 ; 17 ; -0.0262702 ; 0.000199188 ; 0.000643443 ; 102.151;
29 ; 20 ; 17 ; -0.0254986 ; -0.000935972 ; 0.0145293 ; 102.281;
30 ; 20 ; 17 ; -0.0197076 ; 0.00175788 ; -0.00703617 ; 101.889;
31 ; 20 ; 17 ; -0.0293309 ; -0.00548631 ; 0.00960523 ; 101.778;
32 ; 20 ; 17 ; -0.00945135 ; 0.0113175 ; -0.00154085 ; 101.477;
33 ; 20 ; 17 ; -0.00393386 ; 0.00354279 ; -0.00820412 ; 102.329;
4 ; 21 ; 17 ; -0.00450807 ; 0.0104562 ; -0.00537449 ; 102.139;
5 ; 21 ; 17 ; 0.0145478 ; 0.0112403 ; 0.0162617 ; 101.688;
6 ; 21 ; 17 ; 0.0104664 ; 0.00606064 ; -0.00725925 ; 102.152;
7 ; 21 ; 17 ; 0.0358742 ; -0.0027821 ; 0.00965053 ; 101.787;
8 ; 21 ; 17 ; 0.0248288 ; -0.00940703 ; -0.00263421 ; 101.971;
9 ; 21 ; 17 ; 0.0407629 ; -0.00604911 ; 0.00474704 ; 101.763;
10 ; 21 ; 17 ; 0.0322163 ; -0.00440183 ; 0.00596574 ; 101.914;
11 ; 21 ; 17 ; 0.0241171 ; 0.0014588 ; -0.000149744 ; 102.032;
12 ; 21 ; 17 ; 0.0105441 ; -0.00354231 ; 0.0042523 ; 101.907;
13 ; 21 ; 17 ; 0.0182635 ; -0.00576067 ; 0.0128179 ; 101.918;
14 ; 21 ; 17 ; 0.0106565 ; 0.000842969 ; -0.0108045 ; 101.773;
15 ; 21 ; 17 ; 0.00530868 ; 0.0107514 ; -0.00250538 ; 101.172;
16 ; 21 ; 17 ; 0.00369761 ; 0.00647578 ; 0.00540531 ; 101.83;
17 ; 21 ; 17 ; -0.0021639 ; -0.00207886 ; -0.00180246 ; 101.374;
18 ; 21 ; 17 ; -0.00496904 ; -0.010335 ; -0.00393348 ; 101.584;
19 ; 21 ; 17 ; -0.00849371 ; -0.00269193 ; 0.00723251 ; 101.477;
20 ; 21 ; 17 ; 0.00410298 ; -0.00494974 ; -0.00528031 ; 101.697;
21 ; 21 ; 17 ; 0.00201499 ; 0.00202733 ; -0.00368401 ; 101.704;
22 ; 21 ; 17 ; -0.0222751 ; 5.80659e-05 ; -0.00990116 ; 101.635;
23 ; 21 ; 17 ; -0.0194019 ; 0.00578211 ; -0.000832046 ; 101.625;
24 ; 21 ; 17 ; -0.00694715 ; 0.00381961 ; -0.0019733 ; 101.909;
25 ; 21 ; 17 ; -0.0191454 ; -0.00680908 ; 0.00423243 ; 101.4;
26 ; 21 ; 17 ; -0.0285889 ; -0.00300139 ; -0.00392699 ; 102.108;
27 ; 21 ; 17 ; -0.021614 ; -0.0120839 ; 0.0046472 ; 101.571;
28 ; 21 ; 17 ; -0.034419 ; -0.00505078 ; -0.00268699 ; 101.868;
29 ; 21 ; 17 ; -0.0263084 ; -0.00288047 ; 0.00474294 ; 101.926;
30 ; 21 ; 17 ; -0.0185739 ; 0.010665 ; 0.00331384 ; 101.59;
31 ; 21 ; 17 ; -0.0216288 ; -0.00317126 ; -0.00735582 ; 101.959;
32 ; 21 ; 17 ; -0.00915224 ; -0.0033694 ; 0.00178684 ; 101.94;
33 ; 21 ; 17 ; -0.0137168 ; 0.00129081 ; 0.00431957 ; 102.15;
4 ; 22 ; 17 ; 0.0094855 ; 0.00125539 ; -0.0107295 ; 102.414;
5 ; 22 ; 17 ; 0.00833026 ; -0.000583456 ; 0.00197054 ; 102.113;
6 ; 22 ; 17 ; 0.0233983 ; -0.00144199 ; 0.00954933 ; 102.073;
7 ; 22 ; 17 ; 0.0179877 ; -0.0192684 ; -0.00543731 ; 101.855;
8 ; 22 ; 17 ; 0.0248452 ; 0.00344592 ; -0.00396225 ; 101.93;
9 ; 22 ; 17 ; 0.0285149 ; 0.00637786 ; 0.00736387 ; 102.189;
10 ; 22 ; 17 ; 0.00815153 ; 0.000312661 ; -0.0058529 ; 101.471;
11 ; 22 ; 17 ; 0.0193263 ; 0.00145126 ; 0.0020538 ; 101.559;
12 ; 22 ; 17 ; 0.0190763 ; -0.00152807 ; 0.00501947 ; 101.543;
13 ; 22 ; 17 ; 0.00956708 ; 0.00483014 ; -0.00268911 ; 101.618;
14 ; 22 ; 17 ; 0.0024232 ; -0.00777007 ; 0.00499182 ; 101.796;
15 ; 22 ; 17 ; 0.00885054 ; 0.000926884 ; 0.00588217 ; 101.695;
16 ; 22 ; 17 ; -0.00113218 ; -0.0126833 ; 0.00917864 ; 101.546;
17 ; 22 ; 17 ; -0.00171445 ; 0.00246308 ; 0.0141408 ; 101.285;
18 ; 22 ; 17 ; 8.65353e-05 ; -0.000273211 ; 0.000773452 ; 101.453;
19 ; 22 ; 17 ; -6.79288e-05 ; 0.0131624 ; -0.0109919 ; 101.455;
20 ; 22 ; 17 ; 0.00459025 ; -0.0113679 ; -0.0118886 ; 101.325;
21 ; 22 ; 17 ; 0.000288026 ; 0.000889868 ; -0.00222057 ; 102.138;
22 ; 22 ; 17 ; -0.0136565 ; -0.00868968 ; 0.015 ; 101.79;
23 ; 22 ; 17 ; 0.0043872 ; -0.00560757 ; 0.00250089 ; 101.761;
24 ; 22 ; 17 ; -0.0131302 ; 0.00440117 ; -0.0104555 ; 101.542;
25 ; 22 ; 17 ; -0.0156211 ; 3.4828e-05 ; 0.011023 ; 102.048;
26 ; 22 ; 17 ; -0.0230878 ; -0.0262063 ; -0.00777398 ; 102.12;
27 ; 22 ; 17 ; -0.0328182 ; -0.00459102 ; -0.00239492 ; 102.099;
28 ; 22 ; 17 ; -0.0256674 ; 0.00210687 ; -0.00468765 ; 101.713;
29 ; 22 ; 17 ; -0.0189674 ; -0.0101587 ; 0.000683311 ; 101.836;
30 ; 22 ; 17 ; -0.0268979 ; -0.00404042 ; -0.00312902 ; 101.722;
31 ; 22 ; 17 ; -0.0371009 ; -0.00627414 ; 0.00410334 ; 102.229;
32 ; 22 ; 17 ; -0.0154357 ; -0.0104914 ; -0.00202044 ; 102.021;
33 ; 22 ; 17 ; -0.00185839 ; -0.0027385 ; -0.0161301 ; 102.133;
4 ; 23 ; 17 ; 0.00136901 ; -0.0114326 ; -0.00131845 ; 101.989;
5 ; 23 ; 17 ; 0.0276218 ; -0.0133776 ; 0.0114875 ; 102.08;
6 ; 23 ; 17 ; 0.0164937 ; -0.00928734 ; 0.00140418 ; 101.915;
7 ; 23 ; 17 ; 0.0204746 ; -0.017005 ; 5.1736e-05 ; 101.58;
8 ; 23 ; 17 ; 0.0298572 ; -0.00125181 ; 0.00369864 ; 102.329;
9 ; 23 ; 17 ; 0.0260262 ; -0.0128199 ; -0.00787782 ; 102.175;
10 ; 23 ; 17 ; 0.0393104 ; -0.0251049 ; 0.0117246 ; 102.143;
11 ; 23 ; 17 ; 0.0223236 ; -0.0187597 ; 0.00583114 ; 101.539;
12 ; 23 ; 17 ; 0.0172447 ; -0.0162445 ; -0.00363014 ; 101.437;
13 ; 23 ; 17 ; 0.0101489 ; -0.0120157 ; 0.00397215 ; 101.504;
14 ; 23 ; 17 ; -0.011371 ; -0.0144131 ; 0.00122407 ; 101.516;
15 ; 23 ; 17 ; -0.00936001 ; -0.0151626 ; -0.0102161 ; 101.97;
16 ; 23 ; 17 ; 0.0040138 ; -0.0252655 ; -0.00635708 ; 101.781;
17 ; 23 ; 17 ; -0.0109726 ; -0.00280843 ; -0.00210167 ; 101.469;
18 ; 23 ; 17 ; -0.0165062 ; -0.00450051 ; 0.00234121 ; 101.688;
19 ; 23 ; 17 ; 0.00243201 ; 7.51315e-05 ; 7.50887e-05 ; 101.517;
20 ; 23 ; 17 ; -0.0152121 ; -0.0122375 ; 0.00173157 ; 101.597;
21 ; 23 ; 17 ; -0.000707419 ; 0.00664612 ; 0.0103222 ; 101.393;
22 ; 23 ; 17 ; 0.00378683 ; -0.000601763 ; 0.0027949 ; 101.586;
23 ; 23 ; 17 ; -0.0116175 ; -0.0135368 ; 0.0105552 ; 101.843;
24 ; 23 ; 17 ; -0.0125594 ; -0.00309714 ; 0.00559445 ; 101.617;
25 ; 23 ; 17 ; -0.019075 ; -0.00548839 ; -0.00231606 ; 101.64;
26 ; 23 ; 17 ; -0.0113531 ; -0.021561 ; -0.00141351 ; 102.037;
27 ; 23 ; 17 ; -0.0308399 ; 0.00733668 ; -0.0153111 ; 101.998;
28 ; 23 ; 17 ; -0.0182348 ; -0.0191452 ; -0.0162729 ; 102.248;
29 ; 23 ; 17 ; -0.016898 ; 0.00258688 ; 0.00538742 ; 101.807;
30 ; 23 ; 17 ; -0.0215576 ; -0.00741957 ; -0.000308673 ; 101.839;
31 ; 23 ; 17 ; -0.00618525 ; -0.00617526 ; -0.00942283 ; 101.831;
32 ; 23 ; 17 ; -0.00896833 ; -0.00612567 ; -0.00195713 ; 102.669;
33 ; 23 ; 17 ; -0.00845445 ; 0.000550572 ; 0.0022452 ; 101.867;
4 ; 24 ; 17 ; 0.0150787 ; -0.00177077 ; -0.00591739 ; 102.256;
5 ; 24 ; 17 ; 0.0155659 ; -0.0175948 ; -0.00134944 ; 102.061;
6 ; 24 ; 17 ; 0.0249976 ; -0.00140051 ; 0.00384948 ; 102.438;
7 ; 24 ; 17 ; 0.0121885 ; -0.0185735 ; -0.00682946 ; 102.496;
8 ; 24 ; 17 ; 0.0192162 ; -0.0150734 ; -0.0115163 ; 102.163;
9 ; 24 ; 17 ; 0.025454 ; -0.0165566 ; -0.00130545 ; 101.838;
10 ; 24 ; 17 ; 0.0169814 ; -0.0079627 ; -0.000654438 ; 102.105;
11 ; 24 ; 17 ; 0.024961 ; -0.00723105 ; 0.0166695 ; 101.868;
12 ; 24 ; 17 ; 0.00342532 ; -0.0151255 ; 0.00423984 ; 101.892;
13 ; 24 ; 17 ; 0.0218025 ; -0.0205591 ; 0.00219805 ; 102.043;
14 ; 24 ; 17 ; 0.00384189 ; -0.016529 ; -0.000874722 ; 101.607;
15 ; 24 ; 17 ; 0.00244635 ; -0.0175092 ; -0.00840249 ; 102.158;
16 ; 24 ; 17 ; 0.0173306 ; -0.0163108 ; 0.00268769 ; 101.524;
17 ; 24 ; 17 ; 0.00778938 ; -0.0145888 ; -0.00373576 ; 101.947;
18 ; 24 ; 17 ; 0.00455051 ; -0.00278671 ; 0.00539559 ; 101.807;
19 ; 24 ; 17 ; -0.000506804 ; -0.00443167 ; 0.00304508 ; 101.476;
20 ; 24 ; 17 ; -0.0126 ; -0.010718 ; 0.00375532 ; 101.361;
21 ; 24 ; 17 ; 0.00242941 ; 0.00645671 ; 0.00878741 ; 101.885;
22 ; 24 ; 17 ; -0.00760631 ; -0.00014729 ; 0.00646963 ; 101.393;
23 ; 24 ; 17 ; -0.00555047 ; -0.0134864 ; -0.00378904 ; 101.483;
24 ; 24 ; 17 ; -0.00141079 ; -0.00236926 ; -0.00253098 ; 101.501;
25 ; 24 ; 17 ; -0.0104281 ; -0.00997292 ; 0.00418413 ; 101.697;
26 ; 24 ; 17 ; -0.0144999 ; -0.00476775 ; -0.00116062 ; 101.768;
27 ; 24 ; 17 ; -0.0325144 ; -0.0109474 ; 0.00453846 ; 102.208;
28 ; 24 ; 17 ; -0.019832 ; -0.0145879 ; -0.00477043 ; 102.28;
29 ; 24 ; 17 ; -0.0271461 ; -0.00438103 ; 0.0103274 ; 101.972;
30 ; 24 ; 17 ; -0.0143411 ; -0.0152627 ; -0.00633901 ; 102.106;
31 ; 24 ; 17 ; -0.010859 ; -0.0170088 ; 0.00462774 ; 101.961;
32 ; 24 ; 17 ; -0.0103749 ; 0.0103632 ; -0.00939636 ; 102.004;
33 ; 24 ; 17 ; -0.00710049 ; -0.0063061 ; 0.00372564 ; 101.806;
4 ; 25 ; 17 ; 0.00965611 ; -0.00682646 ; -0.00409384 ; 102.374;
5 ; 25 ; 17 ; 0.00864068 ; -0.0238864 ; -0.00244721 ; 102.52;
6 ; 25 ; 17 ; 0.012327 ; -0.00352859 ; 0.00332949 ; 101.962;
7 ; 25 ; 17 ; 0.0214583 ; -0.0155084 ; -0.000442518 ; 102.502;
8 ; 25 ; 17 ; 0.0203547 ; -0.022401 ; 0.00439698 ; 102.611;
9 ; 25 ; 17 ; 0.0167296 ; -0.0124218 ; -0.0125893 ; 102.001;
10 ; 25 ; 17 ; 0.0294318 ; -0.00674079 ; -0.00923365 ; 102.239;
11 ; 25 ; 17 ; 0.019541 ; -0.00832078 ; 0.0100164 ; 102.154;
12 ; 25 ; 17 ; 0.00223996 ; -0.0101264 ; -0.0129638 ; 101.876;
13 ; 25 ; 17 ; 0.00182258 ; -0.0236322 ; 0.00559367 ; 101.551;
14 ; 25 ; 17 ; 0.0162936 ; -0.009726 ; -0.00144781 ; 101.881;
15 ; 25 ; 17 ; 0.00160242 ; -0.0132696 ; -0.00103819 ; 101.987;
16 ; 25 ; 17 ; -0.0013673 ; -0.0341312 ; 0.0053674 ; 101.503;
17 ; 25 ; 17 ; 0.00785399 ; -0.0148955 ; -0.00364251 ; 101.861;
18 ; 25 ; 17 ; -0.00936684 ; -0.0176057 ; 0.0122066 ; 101.55;
19 ; 25 ; 17 ; -0.00542945 ; -0.0195613 ; 0.0044667 ; 101.954;
20 ; 25 ; 17 ; -0.00918347 ; -0.0313574 ; 0.0045044 ; 101.843;
21 ; 25 ; 17 ; 0.000411702 ; -0.0175054 ; -0.000590765 ; 102.043;
22 ; 25 ; 17 ; -0.00430614 ; -0.0310199 ; 0.00827979 ; 101.876;
23 ; 25 ; 17 ; -0.000646845 ; -0.0284239 ; 0.009045 ; 101.716;
24 ; 25 ; 17 ; -0.0259152 ; -0.00921348 ; 0.0124307 ; 101.901;
25 ; 25 ; 17 ; -0.0215215 ; -0.0146197 ; 0.00268795 ; 101.99;
26 ; 25 ; 17 ; -0.0171581 ; -0.0104378 ; 0.00657295 ; 102.242;
27 ; 25 ; 17 ; -0.0135675 ; -0.00854442 ; 0.00643375 ; 102.532;
28 ; 25 ; 17 ; -0.011583 ; -0.028554 ; 0.00691763 ; 102.051;
29 ; 25 ; 17 ; -0.0302019 ; -0.00990653 ; -0.0117182 ; 102.152;
30 ; 25 ; 17 ; -0.0169246 ; -0.00775956 ; -0.00349024 ; 102.392;
31 ; 25 ; 17 ; -0.031597 ; -0.0148466 ; 0.0120057 ; 102.283;
32 ; 25 ; 17 ; -0.0156963 ; -0.00984289 ; -0.00298183 ; 102.031;
33 ; 25 ; 17 ; -0.00779804 ; -0.00975866 ; -0.00697073 ; 102.089;
4 ; 26 ; 17 ; 0.00829579 ; -0.00881545 ; 0.00743181 ; 102.159;
5 ; 26 ; 17 ; 0.0248829 ; -0.00926489 ; -0.00428049 ; 102.353;
6 ; 26 ; 17 ; 0.017333 ; -0.0198175 ; 0.00569915 ; 102.19;
7 ; 26 ; 17 ; 0.0167935 ; -0.0126243 ; 0.000744234 ; 102.164;
8 ; 26 ; 17 ; 0.0271846 ; -0.020316 ; -0.00135012 ; 102.526;
9 ; 26 ; 17 ; 0.025546 ; -0.0117579 ; 0.00961741 ; 102.264;
10 ; 26 ; 17 ; 0.0212906 ; -0.0142406 ; 0.000577227 ; 102.16;
11 ; 26 ; 17 ; 0.0156876 ; -0.020883 ; 0.00264757 ; 102.297;
12 ; 26 ; 17 ; 0.022954 ; -0.0299312 ; -0.00370114 ; 101.848;
13 ; 26 ; 17 ; 0.00482863 ; -0.0254034 ; 0.00596531 ; 101.685;
14 ; 26 ; 17 ; -0.00144092 ; -0.0231713 ; -0.0103707 ; 102.045;
15 ; 26 ; 17 ; 0.00714954 ; -0.018686 ; -0.00278047 ; 101.648;
16 ; 26 ; 17 ; -0.0151773 ; -0.0272455 ; -0.0131507 ; 101.858;
17 ; 26 ; 17 ; 0.0119126 ; -0.0357215 ; -0.00543962 ; 101.951;
18 ; 26 ; 17 ; -0.000351055 ; -0.0146564 ; -0.00345183 ; 101.526;
19 ; 26 ; 17 ; -0.000783518 ; -0.0236154 ; -0.0130057 ; 101.757;
20 ; 26 ; 17 ; 0.000866461 ; -0.0327194 ; -0.000771896 ; 101.784;
21 ; 26 ; 17 ; -0.00368133 ; -0.00687948 ; 0.00573194 ; 102.113;
22 ; 26 ; 17 ; -0.00759061 ; -0.023428 ; 0.00147397 ; 101.897;
23 ; 26 ; 17 ; -0.00903832 ; -0.0397916 ; -0.00215089 ; 102.143;
24 ; 26 ; 17 ; -0.0199741 ; -0.026647 ; 0.0105885 ; 101.904;
25 ; 26 ; 17 ; -0.00958909 ; -0.0189083 ; -0.000322759 ; 102.405;
26 ; 26 ; 17 ; -0.0242955 ; -0.0276767 ; -0.0114121 ; 101.889;
27 ; 26 ; 17 ; -0.019592 ; -0.0211938 ; 0.0140166 ; 102.729;
28 ; 26 ; 17 ; -0.0162214 ; -0.0221897 ; -0.00290119 ; 102.174;
29 ; 26 ; 17 ; -0.0120809 ; -0.0189792 ; 0.0174634 ; 102.626;
30 ; 26 ; 17 ; -0.0255086 ; -0.017743 ; 0.00183515 ; 102.046;
31 ; 26 ; 17 ; -0.0140118 ; -0.0144238 ; -0.00197991 ; 102.237;
32 ; 26 ; 17 ; -0.0198808 ; -0.0105363 ; -0.00247455 ; 102.243;
33 ; 26 ; 17 ; -0.0111149 ; -0.016848 ; -0.00824363 ; 102.188;
4 ; 27 ; 17 ; -0.000196464 ; -0.00956033 ; -0.00162699 ; 102.629;
5 ; 27 ; 17 ; 0.0240746 ; -0.0194881 ; -0.0147501 ; 102.421;
6 ; 27 ; 17 ; 0.0164129 ; -0.0102087 ; -0.00403693 ; 102.21;
7 ; 27 ; 17 ; 0.0289519 ; -0.0226451 ; 0.00493462 ; 102.333;
8 ; 27 ; 17 ; 0.0255959 ; -0.0139517 ; -0.00467719 ; 102.497;
9 ; 27 ; 17 ; 0.0273483 ; -0.0223114 ; 0.00110455 ; 102.432;
10 ; 27 ; 17 ; 0.0322383 ; -0.00928081 ; 0.0116285 ; 102.06;
11 ; 27 ; 17 ; 0.0185715 ; -0.0259886 ; 0.00100533 ; 102.377;
12 ; 27 ; 17 ; 0.00464666 ; -0.0190564 ; 0.010334 ; 102.126;
13 ; 27 ; 17 ; 0.0101572 ; -0.0289543 ; 0.0084086 ; 102.344;
14 ; 27 ; 17 ; 0.00578207 ; -0.0238935 ; 0.00663744 ; 102;
15 ; 27 ; 17 ; -0.00261211 ; -0.0325402 ; 0.00621755 ; 101.745;
16 ; 27 ; 17 ; -0.00170182 ; -0.0324721 ; -0.00679699 ; 102.199;
17 ; 27 ; 17 ; 0.00330099 ; -0.0247953 ; -0.000692035 ; 102.047;
18 ; 27 ; 17 ; 0.00474222 ; -0.0261505 ; -0.00261068 ; 101.63;
19 ; 27 ; 17 ; 0.01821 ; -0.0175811 ; 0.0162118 ; 101.664;
20 ; 27 ; 17 ; 0.00348017 ; -0.0165753 ; -0.000953309 ; 102.014;
21 ; 27 ; 17 ; 0.000182991 ; -0.0194511 ; -0.00800293 ; 101.772;
22 ; 27 ; 17 ; -0.00999137 ; -0.0173109 ; -0.00462447 ; 102.205;
23 ; 27 ; 17 ; -0.00421391 ; -0.0279777 ; -0.00477928 ; 101.892;
24 ; 27 ; 17 ; -0.0125066 ; -0.0283747 ; 0.0118428 ; 102.07;
25 ; 27 ; 17 ; -0.00577598 ; -0.0129702 ; -0.00625825 ; 101.971;
26 ; 27 ; 17 ; -0.00882253 ; -0.0286568 ; 3.58543e-05 ; 102.105;
27 ; 27 ; 17 ; -0.0165047 ; -0.027756 ; 0.000637186 ; 102.446;
28 ; 27 ; 17 ; -0.0214486 ; -0.0100286 ; -0.0112939 ; 102.968;
29 ; 27 ; 17 ; -0.0244786 ; -0.0280352 ; -0.0022259 ; 102.006;
30 ; 27 ; 17 ; -0.00403243 ; -0.00987705 ; 0.00611387 ; 102.537;
31 ; 27 ; 17 ; -0.00815666 ; -0.0253384 ; 0.00438828 ; 102.278;
32 ; 27 ; 17 ; -0.00830615 ; -0.0147508 ; 0.00489002 ; 102.179;
33 ; 27 ; 17 ; -0.000803409 ; -0.0248293 ; -0.00145326 ; 102.066;
4 ; 28 ; 17 ; 0.00498065 ; -0.0229859 ; -0.00285386 ; 102.175;
5 ; 28 ; 17 ; -0.0099436 ; -0.0217046 ; 0.00721418 ; 102.274;
6 ; 28 ; 17 ; 0.00422779 ; -0.0168315 ; -0.00181757 ; 102.443;
7 ; 28 ; 17 ; 0.00527058 ; -0.0303567 ; 0.000441335 ; 102.043;
8 ; 28 ; 17 ; 0.0128084 ; -0.0163512 ; -0.00814154 ; 102.08;
9 ; 28 ; 17 ; 0.0234952 ; -0.02101 ; -0.0108516 ; 102.657;
10 ; 28 ; 17 ; 0.0164595 ; -0.0281735 ; 0.0038743 ; 102.226;
11 ; 28 ; 17 ; 0.0320836 ; -0.0276817 ; 3.96647e-05 ; 102.669;
12 ; 28 ; 17 ; 0.0138731 ; -0.0271456 ; 0.0125942 ; 102.388;
13 ; 28 ; 17 ; 0.00341937 ; -0.0249343 ; 0.00247555 ; 102.433;
14 ; 28 ; 17 ; 0.00780905 ; -0.0332399 ; 0.00175619 ; 102.09;
15 ; 28 ; 17 ; 0.00865604 ; -0.0296804 ; 0.0039512 ; 102.152;
16 ; 28 ; 17 ; 0.0112355 ; -0.0204987 ; -0.0052311 ; 102.223;
17 ; 28 ; 17 ; 0.00475949 ; -0.0299632 ; 0.00348584 ; 101.754;
18 ; 28 ; 17 ; 0.00282562 ; -0.0326255 ; -0.0135041 ; 102.103;
19 ; 28 ; 17 ; 0.00787685 ; -0.0220989 ; -0.00865079 ; 101.187;
20 ; 28 ; 17 ; -0.0056849 ; -0.0317427 ; 0.00249294 ; 101.664;
21 ; 28 ; 17 ; 0.00297961 ; -0.0317883 ; -0.00805628 ; 101.742;
22 ; 28 ; 17 ; -0.00350758 ; -0.040375 ; -0.0164564 ; 101.629;
23 ; 28 ; 17 ; -0.00611654 ; -0.0324157 ; 0.0117698 ; 102.429;
24 ; 28 ; 17 ; -0.00291319 ; -0.0261191 ; 0.000831748 ; 102.364;
25 ; 28 ; 17 ; -0.0227827 ; -0.0162353 ; 0.00472027 ; 101.905;
26 ; 28 ; 17 ; -0.0239961 ; -0.0275112 ; -0.0144044 ; 102.022;
27 ; 28 ; 17 ; -0.0211966 ; -0.0336116 ; -0.0158607 ; 102.512;
28 ; 28 ; 17 ; -0.0155517 ; -0.0148557 ; -0.00600273 ; 102.205;
29 ; 28 ; 17 ; -0.0337239 ; -0.0185442 ; -0.00828952 ; 102.587;
30 ; 28 ; 17 ; -0.01975 ; -0.0186268 ; -0.00585011 ; 102.207;
31 ; 28 ; 17 ; -0.0207649 ; -0.0255026 ; 0.00445402 ; 102.621;
32 ; 28 ; 17 ; -0.00603458 ; -0.0253693 ; 0.00633719 ; 102.124;
33 ; 28 ; 17 ; -0.00851205 ; -0.0195034 ; 0.00197571 ; 102.059;
4 ; 29 ; 17 ; 0.000769587 ; -0.0162497 ; -0.00626256 ; 102.411;
5 ; 29 ; 17 ; 0.00363328 ; -0.0187879 ; -0.00249265 ; 102.383;
6 ; 29 ; 17 ; 0.0164083 ; -0.0161205 ; -0.0102233 ; 101.703;
7 ; 29 ; 17 ; 0.0162667 ; -0.0154938 ; -0.00616232 ; 102.562;
8 ; 29 ; 17 ; 0.0117611 ; -0.0174853 ; -0.00984203 ; 102.578;
9 ; 29 ; 17 ; 0.00793284 ; -0.0251978 ; 0.0135509 ; 102.327;
10 ; 29 ; 17 ; 0.0139944 ; -0.0169609 ; 0.000791891 ; 102.672;
11 ; 29 ; 17 ; 0.0215959 ; -0.0255438 ; -0.00791482 ; 102.197;
12 ; 29 ; 17 ; 0.0176292 ; -0.0199814 ; -0.0157839 ; 102.305;
13 ; 29 ; 17 ; 0.0107807 ; -0.0246385 ; 0.00722072 ; 102.408;
14 ; 29 ; 17 ; 0.00261365 ; -0.0228349 ; 0.00258316 ; 102.34;
15 ; 29 ; 17 ; 0.00200877 ; -0.0228893 ; -0.00773406 ; 101.937;
16 ; 29 ; 17 ; -0.000941804 ; -0.037839 ; -0.00706264 ; 102.241;
17 ; 29 ; 17 ; 0.00951572 ; -0.029752 ; 0.00233356 ; 102.188;
18 ; 29 ; 17 ; -0.00712322 ; -0.0292408 ; 0.00059656 ; 101.658;
19 ; 29 ; 17 ; -0.00830709 ; -0.0236468 ; 0.00473766 ; 101.887;
20 ; 29 ; 17 ; 0.00219524 ; -0.0254275 ; -0.0155912 ; 101.659;
21 ; 29 ; 17 ; -0.00435255 ; -0.0422353 ; 0.0077252 ; 102.009;
22 ; 29 ; 17 ; 0.00108583 ; -0.0464288 ; -0.008637 ; 101.733;
23 ; 29 ; 17 ; -0.000852409 ; -0.0321535 ; 0.00526068 ; 102.229;
24 ; 29 ; 17 ; -0.0142528 ; -0.0283206 ; 0.0109645 ; 102.202;
25 ; 29 ; 17 ; -0.0124539 ; -0.0196503 ; 0.00297528 ; 102.595;
26 ; 29 ; 17 ; -0.0129972 ; -0.0307642 ; -0.00564788 ; 102.391;
27 ; 29 ; 17 ; -0.0222584 ; -0.019041 ; -0.0106387 ; 102.204;
28 ; 29 ; 17 ; -0.023455 ; -0.00365656 ; -9.9302e-05 ; 102.579;
29 ; 29 ; 17 ; -0.00500455 ; -0.00833392 ; -0.00652256 ; 102.334;
30 ; 29 ; 17 ; -0.0139545 ; -0.0167871 ; -0.0123307 ; 102.118;
31 ; 29 ; 17 ; -0.0230998 ; -0.00968539 ; -0.000940011 ; 102.387;
32 ; 29 ; 17 ; -0.0048552 ; -0.0345157 ; -0.00232029 ; 102.984;
33 ; 29 ; 17 ; -0.00967387 ; -0.00945909 ; 0.00301091 ; 102.162;
4 ; 30 ; 17 ; -0.00257803 ; -0.00443798 ; -0.00451804 ; 102.272;
5 ; 30 ; 17 ; 0.0202114 ; -0.0141594 ; 0.00379351 ; 102.411;
6 ; 30 ; 17 ; 0.015115 ; -0.00373384 ; 0.0012739 ; 102.354;
7 ; 30 ; 17 ; 0.0146504 ; -0.00973044 ; -0.015048 ; 102.384;
8 ; 30 ; 17 ; -0.00245052 ; -0.0249427 ; -0.00977 ; 102.564;
9 ; 30 ; 17 ; 0.00821702 ; -0.0247251 ; -0.00253187 ; 102.564;
10 ; 30 ; 17 ; 0.00784414 ; -0.0091065 ; -0.00138063 ; 102.578;
11 ; 30 ; 17 ; 0.0184164 ; -0.0209946 ; -0.010774 ; 102.118;
12 ; 30 ; 17 ; 0.0108844 ; -0.0238199 ; -0.00620807 ; 102.171;
13 ; 30 ; 17 ; -0.00115864 ; -0.0174124 ; 0.00660635 ; 102.547;
14 ; 30 ; 17 ; 0.00445402 ; -0.0106346 ; -0.0157785 ; 102.065;
15 ; 30 ; 17 ; 0.00666537 ; -0.00632901 ; 0.00351609 ; 102.325;
16 ; 30 ; 17 ; 0.00707893 ; -0.0267888 ; 0.0069771 ; 101.943;
17 ; 30 ; 17 ; 0.00364069 ; -0.0237031 ; -0.00767453 ; 102.257;
18 ; 30 ; 17 ; -0.00327116 ; -0.0208287 ; 0.0110114 ; 101.625;
19 ; 30 ; 17 ; 0.00159395 ; -0.0249981 ; -0.00582259 ; 101.875;
20 ; 30 ; 17 ; -0.00404985 ; -0.0316095 ; -0.00216884 ; 101.723;
21 ; 30 ; 17 ; 0.00718646 ; -0.0283067 ; -0.00524166 ; 102.04;
22 ; 30 ; 17 ; -0.00254139 ; -0.0253525 ; -0.00181725 ; 102.426;
23 ; 30 ; 17 ; 0.000977757 ; -0.0224089 ; -0.0012103 ; 102.225;
24 ; 30 ; 17 ; -0.0133874 ; -0.0259569 ; 0.000543662 ; 101.934;
25 ; 30 ; 17 ; -0.0173641 ; -0.0106212 ; -0.0032261 ; 102.583;
26 ; 30 ; 17 ; -0.0146464 ; -0.0222914 ; 0.00737873 ; 102.374;
27 ; 30 ; 17 ; -0.0123116 ; -0.0171476 ; -0.00328149 ; 102.497;
28 ; 30 ; 17 ; -0.0230813 ; -0.016672 ; 0.00291279 ; 102.301;
29 ; 30 ; 17 ; -0.0294568 ; -0.00665046 ; -0.00690851 ; 102.149;
30 ; 30 ; 17 ; -0.0162832 ; -0.0191907 ; 0.00295312 ; 102.853;
31 ; 30 ; 17 ; -0.00286752 ; -0.0128553 ; 0.000358306 ; 102.156;
32 ; 30 ; 17 ; -0.00164265 ; -0.0355791 ; -9.28528e-05 ; 103.123;
33 ; 30 ; 17 ; 0.00184053 ; -0.0178915 ; -0.00275727 ; 102.939;
4 ; 31 ; 17 ; -0.00246941 ; -0.00384354 ; -0.000427925 ; 102.953;
5 ; 31 ; 17 ; 0.00182101 ; -0.0113222 ; -0.016172 ; 102.567;
6 ; 31 ; 17 ; 0.00452929 ; -0.00481641 ; -0.000697807 ; 102.095;
7 ; 31 ; 17 ; 0.00165533 ; -0.0143749 ; -0.018599 ; 102.428;
8 ; 31 ; 17 ; 0.00284031 ; -0.00723154 ; -0.0118484 ; 102.554;
9 ; 31 ; 17 ; 0.0150411 ; -0.0144435 ; 0.0132575 ; 102.824;
10 ; 31 ; 17 ; 0.0166636 ; -0.010812 ; -0.00134614 ; 102.463;
11 ; 31 ; 17 ; 0.0181477 ; 0.00325449 ; -0.00236126 ; 102.489;
12 ; 31 ; 17 ; 0.0266749 ; -0.0151278 ; -0.00136343 ; 102.691;
13 ; 31 ; 17 ; 0.00669567 ; -0.0167471 ; 0.000415709 ; 101.959;
14 ; 31 ; 17 ; -0.00710726 ; -0.00900027 ; 0.00203322 ; 102.201;
15 ; 31 ; 17 ; 0.00942514 ; -0.0299241 ; -0.00285302 ; 102.028;
16 ; 31 ; 17 ; 0.00546141 ; -0.0248516 ; 0.00253425 ; 102.328;
17 ; 31 ; 17 ; 0.0059785 ; -0.0231242 ; -0.00158003 ; 102.142;
18 ; 31 ; 17 ; 0.00154707 ; -0.0176759 ; 0.00482987 ; 101.933;
19 ; 31 ; 17 ; -0.00192062 ; -0.0125944 ; 0.0132471 ; 102.516;
20 ; 31 ; 17 ; 0.000953933 ; -0.0300918 ; -0.00338204 ; 101.698;
21 ; 31 ; 17 ; -0.00431342 ; -0.0181601 ; 0.00297887 ; 101.79;
22 ; 31 ; 17 ; 0.000332452 ; -0.0134155 ; 0.0041509 ; 101.98;
23 ; 31 ; 17 ; -0.00795296 ; -0.0101618 ; 0.000623203 ; 102.106;
24 ; 31 ; 17 ; -0.0158562 ; -0.0140257 ; -0.000989451 ; 102.045;
25 ; 31 ; 17 ; 0.00469034 ; -0.0124451 ; -0.00601369 ; 102.507;
26 ; 31 ; 17 ; -0.00244177 ; -0.00929367 ; 0.00533147 ; 102.162;
27 ; 31 ; 17 ; -0.0113954 ; -0.0258098 ; -0.00627514 ; 102.045;
28 ; 31 ; 17 ; -0.0132652 ; -0.00956571 ; 0.0197531 ; 102.316;
29 ; 31 ; 17 ; -0.004878 ; -0.0119056 ; -0.00535967 ; 102.686;
30 ; 31 ; 17 ; -0.0207353 ; -0.0142479 ; 0.00314853 ; 102.445;
31 ; 31 ; 17 ; -0.00662746 ; -0.0114408 ; -0.0091232 ; 102.243;
32 ; 31 ; 17 ; 0.000157204 ; -0.0100637 ; -0.011478 ; 102.989;
33 ; 31 ; 17 ; 0.00533068 ; -0.0146189 ; -0.0155828 ; 102.681;
4 ; 32 ; 17 ; 0.00895262 ; -0.0102571 ; 0.00554829 ; 102.679;
5 ; 32 ; 17 ; 0.0171638 ; 0.000222032 ; -0.00561466 ; 102.289;
6 ; 32 ; 17 ; 0.0188396 ; -0.00248767 ; -0.00873719 ; 102.368;
7 ; 32 ; 17 ; 0.0150692 ; -0.00767839 ; 0.00468418 ; 102.739;
8 ; 32 ; 17 ; 0.0261548 ; -0.000665053 ; 0.0021188 ; 102.409;
9 ; 32 ; 17 ; 0.0122785 ; -0.00160217 ; 0.00645885 ; 102.692;
10 ; 32 ; 17 ; 0.00993416 ; -0.00353555 ; 0.00394331 ; 102.281;
11 ; 32 ; 17 ; -0.00175474 ; -0.022916 ; -0.00208688 ; 102.638;
12 ; 32 ; 17 ; 0.00749577 ; -0.000374417 ; 0.00273727 ; 102.146;
13 ; 32 ; 17 ; 0.00711571 ; -0.00451272 ; -0.00791894 ; 102.045;
14 ; 32 ; 17 ; 0.00850342 ; -0.0135512 ; -0.00481331 ; 102.015;
15 ; 32 ; 17 ; -0.00262053 ; -0.0058075 ; 0.000568072 ; 101.972;
16 ; 32 ; 17 ; -0.00240527 ; -0.00742124 ; -0.00188156 ; 101.671;
17 ; 32 ; 17 ; -0.00635385 ; -0.00266605 ; 0.00554822 ; 102.063;
18 ; 32 ; 17 ; -0.00830377 ; -0.0110151 ; 0.00482415 ; 102.285;
19 ; 32 ; 17 ; -0.00774346 ; -0.0183913 ; 0.00233928 ; 101.647;
20 ; 32 ; 17 ; 0.014567 ; -0.00748853 ; -0.00460634 ; 101.903;
21 ; 32 ; 17 ; -0.00103059 ; -0.0158263 ; 0.000281922 ; 102.102;
22 ; 32 ; 17 ; -0.0129887 ; -0.0276309 ; -0.000839715 ; 101.881;
23 ; 32 ; 17 ; -0.00357506 ; -0.002967 ; -0.00652104 ; 102.241;
24 ; 32 ; 17 ; -0.00683664 ; -0.0048004 ; -0.0105614 ; 102.306;
25 ; 32 ; 17 ; -0.0168866 ; -0.0194046 ; 0.00914427 ; 102.21;
26 ; 32 ; 17 ; -0.00809386 ; -0.0110455 ; 0.00831893 ; 102.206;
27 ; 32 ; 17 ; -0.0196214 ; 3.35524e-05 ; 0.00907672 ; 102.687;
28 ; 32 ; 17 ; -0.0253454 ; -0.00235769 ; -0.00879931 ; 102.142;
29 ; 32 ; 17 ; -0.0272329 ; -0.006719 ; -0.00346127 ; 102.678;
30 ; 32 ; 17 ; -0.00353975 ; -0.0158295 ; -0.00121749 ; 102.405;
31 ; 32 ; 17 ; -0.00461964 ; 0.000699804 ; 0.00097405 ; 102.529;
32 ; 32 ; 17 ; -0.0123528 ; -0.00723661 ; -0.00722184 ; 102.505;
33 ; 32 ; 17 ; -0.00191599 ; -0.000412629 ; -0.0131483 ; 102.532;
4 ; 33 ; 17 ; 0.00625065 ; -0.00601415 ; 0.00888583 ; 102.178;
5 ; 33 ; 17 ; 0.010324 ; -0.00984238 ; 0.00261215 ; 102.645;
6 ; 33 ; 17 ; -0.000727517 ; 0.00567904 ; 0.00374716 ; 102.759;
7 ; 33 ; 17 ; 0.0108529 ; -0.00694098 ; -0.00745458 ; 102.919;
8 ; 33 ; 17 ; 0.0158853 ; -0.00562595 ; -0.003491 ; 102.582;
9 ; 33 ; 17 ; 0.01305 ; -0.00837057 ; -0.0119716 ; 102.18;
10 ; 33 ; 17 ; 0.00503002 ; 0.00336501 ; -0.00561467 ; 102.793;
11 ; 33 ; 17 ; 0.0117259 ; -0.00683632 ; 0.0115324 ; 102.041;
12 ; 33 ; 17 ; 0.0158534 ; -0.0024789 ; 0.00295707 ; 101.924;
13 ; 33 ; 17 ; 0.00142038 ; 0.000304509 ; 0.00662624 ; 102.051;
14 ; 33 ; 17 ; 0.0059042 ; -0.00416486 ; 0.00183952 ; 102.107;
15 ; 33 ; 17 ; 0.00664202 ; 0.00147172 ; 0.00674483 ; 102.491;
16 ; 33 ; 17 ; 0.00140629 ; -0.00684706 ; 0.00572216 ; 101.875;
17 ; 33 ; 17 ; 0.0122356 ; -0.0127809 ; 0.0068563 ; 101.979;
18 ; 33 ; 17 ; -0.0055306 ; -0.00693609 ; 0.00725466 ; 101.761;
19 ; 33 ; 17 ; -0.0064731 ; -0.0108525 ; -0.00111161 ; 101.522;
20 ; 33 ; 17 ; -0.0147757 ; 0.000145681 ; 0.00586975 ; 101.908;
21 ; 33 ; 17 ; 0.000658496 ; -0.00118585 ; -0.00922035 ; 101.701;
22 ; 33 ; 17 ; -0.0134245 ; -0.00158164 ; 0.00127767 ; 102.027;
23 ; 33 ; 17 ; 0.00256085 ; -0.0115701 ; 0.00188445 ; 101.77;
24 ; 33 ; 17 ; 0.00333072 ; -0.0166073 ; 0.000162642 ; 101.955;
25 ; 33 ; 17 ; -0.0148519 ; -0.0167323 ; -0.00810385 ; 102.001;
26 ; 33 ; 17 ; 0.00727683 ; 0.00703475 ; -0.00320468 ; 102.129;
27 ; 33 ; 17 ; -0.0245997 ; -0.00329512 ; 0.00710733 ; 102.115;
28 ; 33 ; 17 ; -0.0150942 ; -0.00211869 ; 0.00674781 ; 102.302;
29 ; 33 ; 17 ; -0.02151 ; 0.00368249 ; 0.000618827 ; 102.203;
30 ; 33 ; 17 ; -0.0257483 ; -0.0174656 ; -0.00712728 ; 102.574;
31 ; 33 ; 17 ; -0.00918552 ; 0.00702669 ; -0.016755 ; 102.395;
32 ; 33 ; 17 ; -0.0111536 ; 0.0004896 ; -0.0122958 ; 102.282;
33 ; 33 ; 17 ; 0.00251741 ; 0.00249946 ; -0.00772769 ; 102.274;
4 ; 4 ; 18 ; -0.00075471 ; 0.00961556 ; -0.0024018 ; 102.433;
5 ; 4 ; 18 ; 0.00308411 ; 0.00241524 ; 0.00031604 ; 102.408;
6 ; 4 ; 18 ; 0.0159487 ; 0.0011057 ; 0.00668776 ; 102.778;
7 ; 4 ; 18 ; 0.00972014 ; 0.00773587 ; 0.00549939 ; 102.789;
8 ; 4 ; 18 ; 0.0113722 ; 0.0234613 ; 0.000142935 ; 102.811;
9 ; 4 ; 18 ; 0.0133854 ; 0.0110624 ; -0.000593149 ; 102.436;
10 ; 4 ; 18 ; 0.0219626 ; 0.00393129 ; -0.00376337 ; 102.521;
11 ; 4 ; 18 ; 0.0314415 ; 0.0109806 ; -0.00334597 ; 102.645;
12 ; 4 ; 18 ; 0.0178225 ; 0.00305787 ; 0.00150564 ; 102.081;
13 ; 4 ; 18 ; 0.0138117 ; 0.00919165 ; 0.00110487 ; 101.953;
14 ; 4 ; 18 ; 0.00707172 ; -0.00105728 ; -0.000157007 ; 101.955;
15 ; 4 ; 18 ; 0.00891472 ; 0.00912545 ; -0.00919182 ; 102.079;
16 ; 4 ; 18 ; 0.000166314 ; 0.00346417 ; -0.000869807 ; 101.644;
17 ; 4 ; 18 ; 0.003939 ; 0.017485 ; 0.00133671 ; 102.515;
18 ; 4 ; 18 ; 0.0221683 ; 0.00821626 ; 0.00434156 ; 101.858;
19 ; 4 ; 18 ; 0.00483247 ; 0.0070353 ; -0.000806837 ; 102;
20 ; 4 ; 18 ; -0.0026121 ; 0.00572543 ; -0.00911058 ; 102.021;
21 ; 4 ; 18 ; 0.00774461 ; -0.00121608 ; 0.00297618 ; 101.897;
22 ; 4 ; 18 ; 0.00100112 ; 0.00634619 ; 0.00138272 ; 102.008;
23 ; 4 ; 18 ; -0.00320285 ; 0.0110107 ; -0.004681 ; 101.932;
24 ; 4 ; 18 ; -0.000532243 ; 0.0122101 ; -0.00331659 ; 101.883;
25 ; 4 ; 18 ; -0.0186665 ; -0.00356223 ; 0.00242551 ; 102.075;
26 ; 4 ; 18 ; -0.0156591 ; -0.00311213 ; -0.0110133 ; 102.292;
27 ; 4 ; 18 ; -0.0177765 ; -0.00126068 ; 0.00103648 ; 102.218;
28 ; 4 ; 18 ; -0.0131644 ; -0.000640332 ; -0.000705591 ; 102.298;
29 ; 4 ; 18 ; -0.0217251 ; 0.00768256 ; -0.000694491 ; 102.668;
30 ; 4 ; 18 ; -0.0203749 ; -0.00277955 ; 0.00182511 ; 102.536;
31 ; 4 ; 18 ; -0.00837361 ; -0.00288193 ; -0.0118672 ; 102.847;
32 ; 4 ; 18 ; -0.0121596 ; -0.00635105 ; -0.0111017 ; 102.64;
33 ; 4 ; 18 ; -0.0073496 ; 0.00456788 ; 0.00113049 ; 103.186;
4 ; 5 ; 18 ; -9.96615e-05 ; 0.0141697 ; 0.00945653 ; 102.551;
5 ; 5 ; 18 ; 0.0140089 ; 0.00772309 ; 0.00605047 ; 102.64;
6 ; 5 ; 18 ; 0.00229506 ; 0.0166533 ; 0.00284446 ; 103.058;
7 ; 5 ; 18 ; 0.0150752 ; 0.0302817 ; 0.000399315 ; 102.47;
8 ; 5 ; 18 ; 0.0245225 ; 0.0120183 ; -0.00575331 ; 102.393;
9 ; 5 ; 18 ; 0.024442 ; 0.00291693 ; -0.00900304 ; 102.562;
10 ; 5 ; 18 ; 0.0201741 ; 0.0107206 ; -0.00532675 ; 102.382;
11 ; 5 ; 18 ; 0.0149532 ; 0.0175617 ; 0.00147952 ; 102.089;
12 ; 5 ; 18 ; -0.000345159 ; 0.00923471 ; 0.00805329 ; 102.274;
13 ; 5 ; 18 ; 0.00149862 ; 0.0115372 ; 0.00550473 ; 101.736;
14 ; 5 ; 18 ; -0.00158028 ; 0.0134043 ; -0.00437728 ; 102.197;
15 ; 5 ; 18 ; 0.00576647 ; 0.0191277 ; -0.00810741 ; 101.582;
16 ; 5 ; 18 ; -0.00184099 ; 0.00562426 ; -0.0142786 ; 102.382;
17 ; 5 ; 18 ; -0.0127914 ; 0.0111076 ; -0.000822154 ; 101.9;
18 ; 5 ; 18 ; 0.00749109 ; 0.00130682 ; -0.00236577 ; 101.821;
19 ; 5 ; 18 ; -0.00739423 ; 0.017866 ; -0.0084719 ; 101.689;
20 ; 5 ; 18 ; 0.00726177 ; -0.00466251 ; 0.003761 ; 101.61;
21 ; 5 ; 18 ; 0.00443821 ; 0.0159865 ; -0.00202203 ; 102.183;
22 ; 5 ; 18 ; 0.00204412 ; 0.0113398 ; -0.00260388 ; 102.18;
23 ; 5 ; 18 ; 0.0111411 ; 0.00962898 ; -0.00809854 ; 102.001;
24 ; 5 ; 18 ; 0.000663093 ; 0.0196435 ; 0.0129647 ; 101.926;
25 ; 5 ; 18 ; -0.00518392 ; 0.0257781 ; -0.0086497 ; 102.272;
26 ; 5 ; 18 ; 0.00300459 ; 0.0148976 ; 0.00423576 ; 102.042;
27 ; 5 ; 18 ; -0.0208239 ; 0.0214905 ; -0.00408234 ; 102.767;
28 ; 5 ; 18 ; -0.0155855 ; 0.0191925 ; -0.00443537 ; 102.643;
29 ; 5 ; 18 ; -0.0171436 ; 0.0138601 ; 0.00555448 ; 102.27;
30 ; 5 ; 18 ; -0.0142395 ; 0.0134973 ; 0.00805786 ; 102.621;
31 ; 5 ; 18 ; -0.0140423 ; 0.0137019 ; 0.00657128 ; 102.406;
32 ; 5 ; 18 ; -0.0181145 ; 0.0221469 ; -0.00841868 ; 102.853;
33 ; 5 ; 18 ; -0.000568646 ; 0.0102198 ; 0.0135046 ; 102.491;
4 ; 6 ; 18 ; 1.57292e-05 ; 0.0308583 ; 0.00789243 ; 102.89;
5 ; 6 ; 18 ; 0.00463785 ; 0.01985 ; 0.00760074 ; 102.813;
6 ; 6 ; 18 ; 0.015115 ; 0.00965807 ; 0.00871618 ; 102.708;
7 ; 6 ; 18 ; 0.00951425 ; 0.0089864 ; 0.010921 ; 102.224;
8 ; 6 ; 18 ; 0.0265023 ; 0.0209879 ; 0.00652199 ; 102.854;
9 ; 6 ; 18 ; 0.0214321 ; 0.0180363 ; 0.0023025 ; 102.329;
10 ; 6 ; 18 ; 0.0124177 ; 0.00414194 ; -0.0092938 ; 102.43;
11 ; 6 ; 18 ; 0.0131557 ; 0.00160315 ; -0.00301007 ; 102.361;
12 ; 6 ; 18 ; 0.00794945 ; 0.0174055 ; -0.00359425 ; 102.432;
13 ; 6 ; 18 ; 0.000362888 ; 0.0137718 ; -0.00101126 ; 101.925;
14 ; 6 ; 18 ; 0.00611647 ; 0.017341 ; 0.00293916 ; 102.149;
15 ; 6 ; 18 ; 0.0115135 ; 0.0223603 ; -0.00583115 ; 102.606;
16 ; 6 ; 18 ; -0.00523217 ; 0.00809319 ; -0.00131745 ; 101.994;
17 ; 6 ; 18 ; 0.0077284 ; 0.0141003 ; 7.94206e-05 ; 101.865;
18 ; 6 ; 18 ; 0.0122557 ; 0.00958818 ; 0.00302116 ; 102.242;
19 ; 6 ; 18 ; -0.000742749 ; 0.0282544 ; 0.00986285 ; 101.887;
20 ; 6 ; 18 ; 0.00527088 ; 0.0190361 ; 0.00522089 ; 102.339;
21 ; 6 ; 18 ; -0.00773338 ; 0.0194079 ; -0.00783852 ; 101.732;
22 ; 6 ; 18 ; 0.00634996 ; 0.0178562 ; -0.00421708 ; 101.82;
23 ; 6 ; 18 ; -0.00835637 ; 0.016284 ; -0.00233732 ; 102.294;
24 ; 6 ; 18 ; -0.0114421 ; 0.0132715 ; -0.00827386 ; 101.952;
25 ; 6 ; 18 ; -0.0178967 ; 0.0229107 ; -0.000783642 ; 102.031;
26 ; 6 ; 18 ; -0.000479777 ; 0.00709688 ; -0.00424139 ; 102.598;
27 ; 6 ; 18 ; -0.0314819 ; 0.0212263 ; -0.00390357 ; 102.229;
28 ; 6 ; 18 ; -0.0176902 ; 0.00502973 ; 0.0111436 ; 102.719;
29 ; 6 ; 18 ; -0.0234123 ; 0.0157297 ; -0.00504869 ; 102.658;
30 ; 6 ; 18 ; -0.0180595 ; -0.00128803 ; -0.00361518 ; 102.698;
31 ; 6 ; 18 ; -0.0102206 ; 0.0161819 ; 0.002106 ; 102.246;
32 ; 6 ; 18 ; -0.011073 ; 0.0186689 ; -0.0188673 ; 102.295;
33 ; 6 ; 18 ; -0.0045429 ; 0.00861559 ; 1.31409e-05 ; 102.591;
4 ; 7 ; 18 ; 0.006657 ; 0.0222233 ; -0.00210273 ; 102.45;
5 ; 7 ; 18 ; 0.00530708 ; 0.0402237 ; -0.0112462 ; 102.772;
6 ; 7 ; 18 ; 0.0153172 ; 0.0241268 ; 0.0108262 ; 102.518;
7 ; 7 ; 18 ; 0.0253243 ; 0.00287964 ; -0.000546562 ; 102.591;
8 ; 7 ; 18 ; 0.0288716 ; 0.0150592 ; -0.0104066 ; 102.795;
9 ; 7 ; 18 ; 0.0230184 ; 0.0257637 ; -0.00910994 ; 103.036;
10 ; 7 ; 18 ; 0.024887 ; 0.0208493 ; 0.00649464 ; 102.474;
11 ; 7 ; 18 ; 0.01282 ; 0.0141873 ; -0.00629944 ; 102.252;
12 ; 7 ; 18 ; 0.0134678 ; 0.00848385 ; -0.00270959 ; 101.92;
13 ; 7 ; 18 ; 0.0204062 ; 0.0232959 ; 0.00467976 ; 102.033;
14 ; 7 ; 18 ; 0.0120214 ; 0.017737 ; 0.00957226 ; 102.048;
15 ; 7 ; 18 ; 0.0058022 ; 0.0334414 ; -0.00456941 ; 101.715;
16 ; 7 ; 18 ; -0.00479451 ; 0.0291177 ; -5.61781e-05 ; 102.216;
17 ; 7 ; 18 ; 0.00455332 ; 0.0215146 ; -0.00565197 ; 102.282;
18 ; 7 ; 18 ; 0.00247649 ; 0.0308495 ; 0.00616093 ; 101.702;
19 ; 7 ; 18 ; -0.00392009 ; 0.0358496 ; -0.00199948 ; 102.047;
20 ; 7 ; 18 ; -0.00542261 ; 0.00734136 ; -0.000462622 ; 102.029;
21 ; 7 ; 18 ; 0.00745078 ; 0.0326566 ; 0.00256038 ; 102.214;
22 ; 7 ; 18 ; 0.0103207 ; 0.0309254 ; -0.0039934 ; 101.78;
23 ; 7 ; 18 ; 0.00113126 ; 0.02253 ; -0.00271504 ; 101.946;
24 ; 7 ; 18 ; -0.0091551 ; 0.0180959 ; -0.0100747 ; 102.099;
25 ; 7 ; 18 ; -0.0167164 ; 0.0208978 ; -0.0153681 ; 102.54;
26 ; 7 ; 18 ; -0.0120098 ; 0.00886169 ; -0.00329778 ; 102.617;
27 ; 7 ; 18 ; -0.0095099 ; 0.020074 ; 0.00755674 ; 102.504;
28 ; 7 ; 18 ; -0.0108614 ; 0.00294495 ; 0.00325395 ; 102.302;
29 ; 7 ; 18 ; -0.0218574 ; 0.0217792 ; -0.00758942 ; 102.399;
30 ; 7 ; 18 ; -0.00682642 ; 0.00898256 ; -0.00547414 ; 102.462;
31 ; 7 ; 18 ; -0.00235169 ; 0.0208064 ; 0.0034307 ; 102.696;
32 ; 7 ; 18 ; -0.0141608 ; 0.021482 ; -0.0084566 ; 102.252;
33 ; 7 ; 18 ; -0.00703776 ; 0.0138615 ; -0.0104289 ; 102.576;
4 ; 8 ; 18 ; 0.0166546 ; 0.0267046 ; 0.00375861 ; 102.694;
5 ; 8 ; 18 ; 0.000631203 ; 0.0112062 ; 0.00633221 ; 102.07;
6 ; 8 ; 18 ; 0.00518751 ; 0.0199142 ; -0.0125632 ; 102.708;
7 ; 8 ; 18 ; 0.0248664 ; 0.00362636 ; -0.00352106 ; 102.225;
8 ; 8 ; 18 ; 0.0226908 ; 0.00317296 ; 0.00785662 ; 102.494;
9 ; 8 ; 18 ; 0.0185051 ; 0.0201115 ; -0.00327825 ; 102.524;
10 ; 8 ; 18 ; 0.0207378 ; 0.0197655 ; -0.00561849 ; 102.398;
11 ; 8 ; 18 ; 0.0158566 ; 0.0176535 ; -0.0050058 ; 102.629;
12 ; 8 ; 18 ; 0.00112472 ; 0.0171675 ; 0.00387385 ; 102.136;
13 ; 8 ; 18 ; 0.00177858 ; 0.0223011 ; 0.00162133 ; 102.159;
14 ; 8 ; 18 ; 0.0207522 ; 0.0249712 ; -1.18656e-05 ; 102.072;
15 ; 8 ; 18 ; -0.011321 ; 0.0192579 ; 0.00700232 ; 101.681;
16 ; 8 ; 18 ; 0.00958746 ; 0.0297534 ; -0.00181234 ; 102.203;
17 ; 8 ; 18 ; 0.0166239 ; 0.0219759 ; 0.000639853 ; 102.003;
18 ; 8 ; 18 ; 0.00129244 ; 0.020627 ; -0.00234797 ; 102.392;
19 ; 8 ; 18 ; -0.0126856 ; 0.025501 ; -0.0115405 ; 101.909;
20 ; 8 ; 18 ; 0.00145718 ; 0.0132699 ; 0.000819494 ; 102.164;
21 ; 8 ; 18 ; 0.000410966 ; 0.0308733 ; -0.00655633 ; 102.016;
22 ; 8 ; 18 ; 0.00837617 ; 0.0130943 ; -0.00609068 ; 102.374;
23 ; 8 ; 18 ; -0.0244296 ; 0.0156775 ; 0.00198713 ; 102.51;
24 ; 8 ; 18 ; -0.00708942 ; 0.0188978 ; 0.00653896 ; 102.04;
25 ; 8 ; 18 ; -0.0179184 ; 0.0159672 ; 0.00551456 ; 102.3;
26 ; 8 ; 18 ; -0.0213013 ; 0.0415951 ; -0.00816472 ; 102.411;
27 ; 8 ; 18 ; -0.00727893 ; 0.0336353 ; 0.00865705 ; 102.7;
28 ; 8 ; 18 ; -0.0204407 ; 0.00919562 ; 0.000852951 ; 102.574;
29 ; 8 ; 18 ; -0.0181632 ; 0.0251926 ; 0.0131454 ; 102.78;
30 ; 8 ; 18 ; -0.0154159 ; 0.0108317 ; 0.00336129 ; 102.333;
31 ; 8 ; 18 ; -0.0116815 ; 0.0141426 ; -0.00719438 ; 102.396;
32 ; 8 ; 18 ; -0.0227393 ; 0.0260201 ; -0.0114291 ; 102.725;
33 ; 8 ; 18 ; -0.00516747 ; 0.013823 ; 0.00607902 ; 102.354;
4 ; 9 ; 18 ; 0.00941978 ; 0.00517066 ; 0.000737361 ; 102.68;
5 ; 9 ; 18 ; -0.000447185 ; 0.00510287 ; -0.00721634 ; 102.516;
6 ; 9 ; 18 ; 0.0213674 ; 0.0232564 ; -0.0014842 ; 102.368;
7 ; 9 ; 18 ; 0.0206207 ; 0.0256215 ; -0.0113648 ; 102.337;
8 ; 9 ; 18 ; 0.0162806 ; 0.0225454 ; 0.00292942 ; 102.26;
9 ; 9 ; 18 ; 0.0330596 ; 0.0190592 ; 0.00755256 ; 102.802;
10 ; 9 ; 18 ; 0.0310124 ; 0.0251663 ; 0.0121302 ; 102.199;
11 ; 9 ; 18 ; 0.0260596 ; 0.0271607 ; 0.000721784 ; 102.406;
12 ; 9 ; 18 ; 0.0113368 ; 0.0139665 ; -0.00152592 ; 102.397;
13 ; 9 ; 18 ; 0.00850149 ; 0.0341399 ; -0.0105771 ; 102.056;
14 ; 9 ; 18 ; 0.0137063 ; 0.0229107 ; -0.0158399 ; 101.884;
15 ; 9 ; 18 ; 0.0166045 ; 0.0343523 ; -0.00139199 ; 102.073;
16 ; 9 ; 18 ; 0.010129 ; 0.0315849 ; 0.0100683 ; 102.04;
17 ; 9 ; 18 ; -0.00418022 ; 0.0158529 ; 0.000602113 ; 102.474;
18 ; 9 ; 18 ; -0.00620131 ; 0.0270271 ; 0.00604369 ; 101.742;
19 ; 9 ; 18 ; 0.00703615 ; 0.0268703 ; 0.0114195 ; 102.074;
20 ; 9 ; 18 ; -0.00922635 ; 0.0322587 ; -0.00352275 ; 102.049;
21 ; 9 ; 18 ; 0.00589299 ; 0.0236687 ; -0.0073199 ; 101.844;
22 ; 9 ; 18 ; -0.00688062 ; 0.0270667 ; -0.00617933 ; 102.258;
23 ; 9 ; 18 ; -0.00579921 ; 0.0277302 ; 0.000171006 ; 102.177;
24 ; 9 ; 18 ; -0.0163643 ; 0.0126681 ; 0.0056771 ; 102.08;
25 ; 9 ; 18 ; -0.00445892 ; 0.0345885 ; 0.00214019 ; 102.088;
26 ; 9 ; 18 ; -0.00920515 ; 0.0233511 ; -0.00118184 ; 102.397;
27 ; 9 ; 18 ; -0.0220552 ; 0.0342272 ; -0.00636243 ; 102.256;
28 ; 9 ; 18 ; -0.00902351 ; 0.00468392 ; 0.00256611 ; 102.444;
29 ; 9 ; 18 ; -0.00113667 ; 0.0284495 ; -0.00680852 ; 102.606;
30 ; 9 ; 18 ; -0.018474 ; 0.0209751 ; -0.00657464 ; 102.67;
31 ; 9 ; 18 ; -0.0184436 ; 0.0298575 ; -0.016986 ; 102.612;
32 ; 9 ; 18 ; -0.0107948 ; 0.0292187 ; 0.00870872 ; 102.476;
33 ; 9 ; 18 ; -0.0125957 ; 0.00990929 ; -0.00806864 ; 102.624;
4 ; 10 ; 18 ; 0.00610976 ; 0.0140842 ; 0.0080257 ; 102.212;
5 ; 10 ; 18 ; 0.00819115 ; 0.0239676 ; -0.00518595 ; 102.868;
6 ; 10 ; 18 ; 0.00956648 ; 0.0141861 ; 0.00806797 ; 102.696;
7 ; 10 ; 18 ; 0.014914 ; 0.0162237 ; 0.00233812 ; 102.299;
8 ; 10 ; 18 ; 0.0377457 ; 0.0148045 ; 0.000419112 ; 102.813;
9 ; 10 ; 18 ; 0.0311302 ; 0.0237386 ; 0.00610756 ; 102.31;
10 ; 10 ; 18 ; 0.0169721 ; 0.0195834 ; -0.000302443 ; 102.297;
11 ; 10 ; 18 ; 0.0140107 ; 0.0295008 ; 0.00146706 ; 102.385;
12 ; 10 ; 18 ; -0.00213944 ; 0.00997678 ; 0.00913865 ; 102.399;
13 ; 10 ; 18 ; 0.0125336 ; 0.0240745 ; -0.00420532 ; 101.98;
14 ; 10 ; 18 ; 0.00824222 ; 0.0235784 ; -0.00600561 ; 102.332;
15 ; 10 ; 18 ; 0.00255538 ; 0.019076 ; 0.00132169 ; 101.573;
16 ; 10 ; 18 ; -0.00868606 ; 0.025792 ; -0.00193496 ; 101.733;
17 ; 10 ; 18 ; 0.00665027 ; 0.0243389 ; -0.0065045 ; 101.859;
18 ; 10 ; 18 ; -0.0134343 ; 0.0404684 ; 0.00397561 ; 102.003;
19 ; 10 ; 18 ; -0.00726358 ; 0.0350926 ; 0.00479209 ; 101.766;
20 ; 10 ; 18 ; 0.00265938 ; 0.0279849 ; 0.00829848 ; 101.867;
21 ; 10 ; 18 ; 0.0021631 ; 0.0327881 ; 0.00518605 ; 101.434;
22 ; 10 ; 18 ; -0.00466712 ; 0.0241579 ; 0.00328979 ; 102.139;
23 ; 10 ; 18 ; -0.0164756 ; 0.0314826 ; -0.00701379 ; 102.351;
24 ; 10 ; 18 ; -0.012182 ; 0.0381113 ; -0.000691139 ; 102.037;
25 ; 10 ; 18 ; -0.00693117 ; 0.0229639 ; 0.00212051 ; 102.307;
26 ; 10 ; 18 ; -0.0231567 ; 0.0208012 ; 0.00359868 ; 102.942;
27 ; 10 ; 18 ; -0.0215922 ; 0.0273998 ; -0.00342902 ; 102.103;
28 ; 10 ; 18 ; -0.0158394 ; 0.0192469 ; 0.00278953 ; 102.22;
29 ; 10 ; 18 ; -0.0160755 ; 0.0193472 ; 0.00256417 ; 102.764;
30 ; 10 ; 18 ; -0.011936 ; 0.00743773 ; -0.000626685 ; 102.072;
31 ; 10 ; 18 ; -0.0148035 ; 0.0220388 ; -0.00851507 ; 102.459;
32 ; 10 ; 18 ; -0.0097238 ; 0.0150943 ; 0.00358559 ; 101.914;
33 ; 10 ; 18 ; -0.0138637 ; 0.0102783 ; 0.0012317 ; 102.194;
4 ; 11 ; 18 ; 0.0152826 ; 0.0143219 ; -0.00517053 ; 102.21;
5 ; 11 ; 18 ; 0.00298386 ; 0.0090797 ; 0.00430358 ; 101.917;
6 ; 11 ; 18 ; 0.0156522 ; 0.0124876 ; 0.00916772 ; 102.492;
7 ; 11 ; 18 ; 0.0277122 ; 0.0145222 ; -0.00398713 ; 102.199;
8 ; 11 ; 18 ; 0.0268647 ; 0.0179851 ; -0.00130938 ; 102.573;
9 ; 11 ; 18 ; 0.0237046 ; 0.0184976 ; -0.0046459 ; 102.242;
10 ; 11 ; 18 ; 0.039943 ; 0.0260327 ; -0.00783713 ; 102.313;
11 ; 11 ; 18 ; 0.022035 ; 0.0131708 ; -0.00333061 ; 102.255;
12 ; 11 ; 18 ; 0.00940479 ; 0.0208401 ; 0.00980729 ; 101.85;
13 ; 11 ; 18 ; 0.00555674 ; 0.0213248 ; -0.0069284 ; 102.093;
14 ; 11 ; 18 ; 0.0114995 ; 0.0150233 ; -0.00599811 ; 101.67;
15 ; 11 ; 18 ; -0.0073396 ; 0.0216315 ; -0.000130325 ; 101.99;
16 ; 11 ; 18 ; 0.00631861 ; 0.0230868 ; -0.00776222 ; 101.817;
17 ; 11 ; 18 ; -0.0201783 ; 0.0255748 ; 0.0136344 ; 102.153;
18 ; 11 ; 18 ; -0.0095696 ; 0.0279657 ; -0.00304007 ; 101.667;
19 ; 11 ; 18 ; -0.00937889 ; 0.0250375 ; 0.000571527 ; 102.039;
20 ; 11 ; 18 ; 0.0131922 ; 0.0187489 ; -0.00756817 ; 102.214;
21 ; 11 ; 18 ; -0.00729935 ; 0.0336808 ; -0.0061573 ; 102.048;
22 ; 11 ; 18 ; -0.00666154 ; 0.0155831 ; 0.0024427 ; 102.265;
23 ; 11 ; 18 ; -0.010701 ; 0.013377 ; -0.00252465 ; 102.169;
24 ; 11 ; 18 ; -0.00444552 ; 0.0344827 ; 0.00621102 ; 101.724;
25 ; 11 ; 18 ; -0.00827254 ; 0.0205869 ; -0.0020556 ; 102.308;
26 ; 11 ; 18 ; -0.0146821 ; 0.0293737 ; 0.00268853 ; 102.048;
27 ; 11 ; 18 ; -0.0203684 ; 0.0216541 ; -0.0106237 ; 102.509;
28 ; 11 ; 18 ; -0.03001 ; 0.0210445 ; 0.00940546 ; 102.421;
29 ; 11 ; 18 ; -0.00709261 ; 0.0167487 ; 0.00448047 ; 102.442;
30 ; 11 ; 18 ; -0.0172619 ; 0.00713914 ; -0.00097268 ; 102.033;
31 ; 11 ; 18 ; -0.0180176 ; 0.00857016 ; -0.00521088 ; 102.489;
32 ; 11 ; 18 ; -0.0114449 ; 0.0255695 ; -0.00263347 ; 102.611;
33 ; 11 ; 18 ; -0.0136756 ; 0.018545 ; 0.00505414 ; 102.39;
4 ; 12 ; 18 ; 0.0101533 ; -0.00594564 ; 0.0101553 ; 102.119;
5 ; 12 ; 18 ; 0.0169826 ; 0.00390949 ; -0.00619892 ; 102.624;
6 ; 12 ; 18 ; 0.0129951 ; 0.0153781 ; 0.00294028 ; 102.554;
7 ; 12 ; 18 ; 0.0208571 ; 0.00306534 ; 0.00580724 ; 102.227;
8 ; 12 ; 18 ; 0.0267876 ; 0.0106161 ; 0.00109985 ; 102.331;
9 ; 12 ; 18 ; 0.033507 ; 0.0187606 ; -0.000565605 ; 102.238;
10 ; 12 ; 18 ; 0.0369876 ; 0.0179698 ; 0.0041117 ; 101.965;
11 ; 12 ; 18 ; 0.0288541 ; 0.00710838 ; -0.00433031 ; 102.263;
12 ; 12 ; 18 ; 0.000701268 ; 0.00699469 ; -0.0134461 ; 101.986;
13 ; 12 ; 18 ; 0.00382215 ; 0.0158472 ; -0.0111299 ; 102.036;
14 ; 12 ; 18 ; 0.00232638 ; 0.0229603 ; -0.00210539 ; 101.907;
15 ; 12 ; 18 ; -0.000265527 ; 0.0189921 ; -0.000367021 ; 101.762;
16 ; 12 ; 18 ; -0.000340308 ; 0.00838947 ; -0.000627129 ; 102.121;
17 ; 12 ; 18 ; 0.00430276 ; 0.0213307 ; 0.0067899 ; 102.258;
18 ; 12 ; 18 ; 0.00692888 ; 0.0196223 ; 0.00602408 ; 101.602;
19 ; 12 ; 18 ; 0.00532225 ; 0.00601057 ; 0.00819834 ; 101.292;
20 ; 12 ; 18 ; -0.00656845 ; 0.0183392 ; 0.0103834 ; 101.684;
21 ; 12 ; 18 ; -0.00532258 ; 0.012685 ; 0.00963891 ; 102.025;
22 ; 12 ; 18 ; 0.00355206 ; 0.0108579 ; 0.00274418 ; 102.109;
23 ; 12 ; 18 ; 0.00795407 ; 0.0138517 ; 0.00161165 ; 102.133;
24 ; 12 ; 18 ; -0.010282 ; 0.0047122 ; -0.00499984 ; 101.82;
25 ; 12 ; 18 ; -0.0276383 ; 0.0151626 ; -0.0103768 ; 101.952;
26 ; 12 ; 18 ; -0.0306532 ; 0.0254261 ; -0.0136143 ; 102.224;
27 ; 12 ; 18 ; -0.0237357 ; 0.0188605 ; 0.00578948 ; 102.377;
28 ; 12 ; 18 ; -0.0295577 ; -0.000803308 ; 0.00558356 ; 102.432;
29 ; 12 ; 18 ; -0.0200839 ; 0.00886002 ; 0.00724734 ; 102.067;
30 ; 12 ; 18 ; -0.0284129 ; 0.00622936 ; -0.00318053 ; 102.392;
31 ; 12 ; 18 ; -0.0174758 ; 0.019655 ; -0.00663744 ; 102.453;
32 ; 12 ; 18 ; -0.0197448 ; 0.0134756 ; 0.00386682 ; 102.247;
33 ; 12 ; 18 ; -0.00626479 ; 0.0116749 ; 0.00900952 ; 102.192;
4 ; 13 ; 18 ; 0.0124548 ; 0.01708 ; -0.00714171 ; 101.656;
5 ; 13 ; 18 ; 0.00978166 ; 0.00488116 ; 0.000534868 ; 101.867;
6 ; 13 ; 18 ; 0.0194648 ; 0.003437 ; 0.00344121 ; 102.374;
7 ; 13 ; 18 ; 0.0208938 ; -0.00398385 ; 0.00779919 ; 102.107;
8 ; 13 ; 18 ; 0.0346807 ; 0.0277805 ; 0.0074384 ; 102.177;
9 ; 13 ; 18 ; 0.0220795 ; 0.0173137 ; -0.00387881 ; 102.321;
10 ; 13 ; 18 ; 0.0260575 ; 0.0102915 ; 0.0115051 ; 102.327;
11 ; 13 ; 18 ; 0.0246829 ; 0.0225795 ; 0.00544133 ; 102.183;
12 ; 13 ; 18 ; -0.00708302 ; 0.0162144 ; -0.00107634 ; 101.456;
13 ; 13 ; 18 ; 0.0129806 ; 0.00971159 ; 0.00130569 ; 101.537;
14 ; 13 ; 18 ; 0.00154065 ; 0.0181319 ; 0.00522206 ; 102.208;
15 ; 13 ; 18 ; -0.00731843 ; 0.0143234 ; 0.00585996 ; 101.638;
16 ; 13 ; 18 ; 0.00417414 ; 0.0284179 ; -0.00270644 ; 102.325;
17 ; 13 ; 18 ; -0.00594467 ; 0.0244152 ; -0.0100443 ; 101.393;
18 ; 13 ; 18 ; 0.000907502 ; 0.0120335 ; -0.00122313 ; 101.67;
19 ; 13 ; 18 ; 0.00891961 ; 0.0186251 ; -0.00492168 ; 101.838;
20 ; 13 ; 18 ; -0.000966581 ; 0.0137202 ; 0.0121853 ; 101.501;
21 ; 13 ; 18 ; -0.00456555 ; 0.0159029 ; -0.00165481 ; 101.739;
22 ; 13 ; 18 ; -0.00795457 ; 0.00670128 ; 0.00898582 ; 101.658;
23 ; 13 ; 18 ; -0.00650538 ; 0.0134603 ; 0.0087681 ; 102.25;
24 ; 13 ; 18 ; -0.0186563 ; 0.0230624 ; -0.000494767 ; 101.684;
25 ; 13 ; 18 ; -0.0259849 ; 0.00738654 ; -0.0058311 ; 101.608;
26 ; 13 ; 18 ; -0.0113059 ; 0.00945144 ; -0.000564747 ; 102.016;
27 ; 13 ; 18 ; -0.0199252 ; 0.00190345 ; -0.00435025 ; 102.36;
28 ; 13 ; 18 ; -0.0306296 ; 0.0029148 ; -0.0115014 ; 102.014;
29 ; 13 ; 18 ; -0.0314258 ; 0.0144826 ; -0.00111824 ; 102.296;
30 ; 13 ; 18 ; -0.0297911 ; 0.0174625 ; 0.00274647 ; 102.297;
31 ; 13 ; 18 ; -0.0237395 ; 0.00930034 ; -0.00734628 ; 102.165;
32 ; 13 ; 18 ; -0.00595241 ; 0.0156175 ; 0.000538773 ; 101.882;
33 ; 13 ; 18 ; -0.00340638 ; 0.00195763 ; 0.0025257 ; 102.338;
4 ; 14 ; 18 ; 0.0111639 ; 0.0105149 ; -0.00744541 ; 101.982;
5 ; 14 ; 18 ; 0.00752913 ; 0.0166892 ; -0.00167255 ; 102.664;
6 ; 14 ; 18 ; 0.0179736 ; 0.00162113 ; -0.00275339 ; 101.684;
7 ; 14 ; 18 ; 0.0140041 ; 0.000119904 ; -0.00342434 ; 101.818;
8 ; 14 ; 18 ; 0.0300048 ; 0.00747606 ; 0.0132109 ; 102.243;
9 ; 14 ; 18 ; 0.0273968 ; -0.00170569 ; -0.00317317 ; 102.15;
10 ; 14 ; 18 ; 0.0185497 ; 0.0093869 ; -0.0107042 ; 102.217;
11 ; 14 ; 18 ; 0.0227523 ; 0.00184886 ; -0.0038057 ; 102.402;
12 ; 14 ; 18 ; 0.0116346 ; -0.000684816 ; 0.0119281 ; 101.951;
13 ; 14 ; 18 ; 0.00403881 ; 0.00458757 ; -0.0192347 ; 101.955;
14 ; 14 ; 18 ; 0.00690439 ; 0.00660927 ; -0.00559191 ; 101.822;
15 ; 14 ; 18 ; -0.0115698 ; 0.0149924 ; 0.00515072 ; 101.484;
16 ; 14 ; 18 ; -0.00354701 ; 0.0154415 ; 0.000755304 ; 101.251;
17 ; 14 ; 18 ; 0.000519014 ; 0.00118175 ; 0.00651708 ; 102.088;
18 ; 14 ; 18 ; -0.0055519 ; 0.00393827 ; -0.00187383 ; 101.279;
19 ; 14 ; 18 ; 0.00319019 ; 0.0158845 ; 0.010509 ; 101.845;
20 ; 14 ; 18 ; -0.00367784 ; 0.0256844 ; 0.000184473 ; 101.692;
21 ; 14 ; 18 ; -0.00378735 ; 0.00430899 ; 0.00237617 ; 101.668;
22 ; 14 ; 18 ; -0.00729249 ; 0.000355625 ; 0.00317756 ; 101.564;
23 ; 14 ; 18 ; -0.0139043 ; -0.00369176 ; 0.00245775 ; 101.858;
24 ; 14 ; 18 ; -0.0280842 ; 0.0225023 ; 0.00914961 ; 101.655;
25 ; 14 ; 18 ; -0.0192525 ; 0.0034903 ; 0.00624375 ; 101.997;
26 ; 14 ; 18 ; -0.0162367 ; -0.00301609 ; -0.0100459 ; 101.843;
27 ; 14 ; 18 ; -0.0237366 ; -0.00395368 ; 0.00742461 ; 102.199;
28 ; 14 ; 18 ; -0.0213397 ; -0.00861934 ; 0.0098985 ; 101.952;
29 ; 14 ; 18 ; -0.0367124 ; 0.00585377 ; -0.00750369 ; 102.011;
30 ; 14 ; 18 ; -0.0167446 ; 0.00364406 ; 0.00193634 ; 102.029;
31 ; 14 ; 18 ; -0.012701 ; -0.000322549 ; -0.00118839 ; 102.059;
32 ; 14 ; 18 ; -0.00762505 ; -0.00326539 ; -0.00965356 ; 102.313;
33 ; 14 ; 18 ; -0.00199731 ; 1.80304e-06 ; -0.00311853 ; 101.974;
4 ; 15 ; 18 ; -0.00763184 ; 0.00663441 ; -0.0117741 ; 102.078;
5 ; 15 ; 18 ; 0.00752175 ; 0.00168404 ; -0.0143775 ; 101.949;
6 ; 15 ; 18 ; 0.0203638 ; 0.000759936 ; 0.00368216 ; 101.822;
7 ; 15 ; 18 ; 0.0192969 ; 0.0112402 ; -0.00114895 ; 101.876;
8 ; 15 ; 18 ; 0.0282934 ; 0.00184984 ; 0.00589239 ; 101.928;
9 ; 15 ; 18 ; 0.0265995 ; 0.00181815 ; 0.00506915 ; 101.99;
10 ; 15 ; 18 ; 0.0335446 ; 0.00965215 ; -0.00616104 ; 101.818;
11 ; 15 ; 18 ; 0.0191759 ; 0.00375328 ; -0.0108282 ; 102.183;
12 ; 15 ; 18 ; 0.0184696 ; 0.000776411 ; 0.000743921 ; 101.41;
13 ; 15 ; 18 ; -0.00341146 ; 0.00610826 ; 0.0154537 ; 101.725;
14 ; 15 ; 18 ; -0.000920529 ; 0.00453747 ; -0.000408749 ; 101.506;
15 ; 15 ; 18 ; -0.00167285 ; 0.00940585 ; -0.013339 ; 102.254;
16 ; 15 ; 18 ; 0.0114608 ; 0.00458621 ; 0.00119871 ; 101.935;
17 ; 15 ; 18 ; 0.00271916 ; -0.00337399 ; 0.00656875 ; 101.885;
18 ; 15 ; 18 ; -0.00695419 ; 0.00529924 ; 0.00641202 ; 101.713;
19 ; 15 ; 18 ; -0.00517123 ; 0.00475784 ; 0.00305684 ; 101.047;
20 ; 15 ; 18 ; 0.00320895 ; 0.010047 ; -0.000454039 ; 101.489;
21 ; 15 ; 18 ; 0.00434275 ; 0.00201319 ; -0.0107121 ; 101.936;
22 ; 15 ; 18 ; 0.00528227 ; 0.00408116 ; -0.00822574 ; 101.434;
23 ; 15 ; 18 ; -0.0137028 ; -0.0141545 ; -0.000481257 ; 101.763;
24 ; 15 ; 18 ; -0.0177447 ; -0.00139105 ; -0.00388442 ; 101.769;
25 ; 15 ; 18 ; -0.0303635 ; 0.0069854 ; -0.0052093 ; 101.782;
26 ; 15 ; 18 ; -0.00736934 ; 0.0122906 ; 0.000551032 ; 101.868;
27 ; 15 ; 18 ; -0.0288755 ; 0.0155219 ; 0.012711 ; 102.103;
28 ; 15 ; 18 ; -0.0289059 ; 0.00144036 ; 0.00881014 ; 102.02;
29 ; 15 ; 18 ; -0.0159852 ; 0.00211723 ; -0.0027539 ; 102.448;
30 ; 15 ; 18 ; -0.0230192 ; -0.0105082 ; -0.00373279 ; 101.733;
31 ; 15 ; 18 ; -0.0186597 ; -0.00355601 ; -0.010972 ; 101.905;
32 ; 15 ; 18 ; -0.0081165 ; 0.0156176 ; -0.000920713 ; 101.596;
33 ; 15 ; 18 ; -0.00131774 ; 0.00880171 ; 0.0102575 ; 101.97;
4 ; 16 ; 18 ; 0.00239954 ; -0.00579126 ; 0.0017663 ; 101.948;
5 ; 16 ; 18 ; 0.00431514 ; -0.0128466 ; 0.0019804 ; 101.74;
6 ; 16 ; 18 ; 0.00892558 ; 0.000356094 ; 0.00171933 ; 102.426;
7 ; 16 ; 18 ; 0.0332574 ; 0.00483535 ; 0.00974494 ; 101.9;
8 ; 16 ; 18 ; 0.0257189 ; 0.00640029 ; 0.00674314 ; 102.068;
9 ; 16 ; 18 ; 0.0233861 ; 0.0105098 ; -0.00271095 ; 101.749;
10 ; 16 ; 18 ; 0.019766 ; 0.00360022 ; 0.00542823 ; 101.781;
11 ; 16 ; 18 ; 0.0212709 ; -0.0140741 ; -0.000753489 ; 101.83;
12 ; 16 ; 18 ; 0.0115355 ; 4.50713e-05 ; 0.000817269 ; 101.606;
13 ; 16 ; 18 ; -0.000864747 ; 0.00438561 ; 0.000458071 ; 101.656;
14 ; 16 ; 18 ; 0.00327622 ; 0.0147831 ; -0.00200286 ; 101.77;
15 ; 16 ; 18 ; 0.00267634 ; 0.00371843 ; -0.00414726 ; 101.504;
16 ; 16 ; 18 ; 0.00190399 ; 0.0101364 ; -0.00418869 ; 101.868;
17 ; 16 ; 18 ; -0.00426002 ; -0.0081132 ; 0.00454924 ; 101.661;
18 ; 16 ; 18 ; 0.00110359 ; 0.000265696 ; 0.0136689 ; 101.47;
19 ; 16 ; 18 ; -0.00178872 ; 0.00671739 ; 0.00293983 ; 101.346;
20 ; 16 ; 18 ; 0.00271516 ; 0.00789799 ; -0.0168827 ; 101.169;
21 ; 16 ; 18 ; -0.000315661 ; 0.000394501 ; -0.0024747 ; 101.592;
22 ; 16 ; 18 ; -0.00600717 ; -0.0096377 ; -0.00300981 ; 101.992;
23 ; 16 ; 18 ; -0.00631987 ; -0.00198889 ; -0.0080447 ; 101.558;
24 ; 16 ; 18 ; -0.0123773 ; -0.0041661 ; 0.00227135 ; 101.782;
25 ; 16 ; 18 ; -0.0136006 ; 0.00203715 ; -0.00876199 ; 101.78;
26 ; 16 ; 18 ; -0.0167517 ; -0.00631774 ; 0.00826079 ; 101.517;
27 ; 16 ; 18 ; -0.023989 ; -0.0107925 ; 0.00411291 ; 102.176;
28 ; 16 ; 18 ; -0.0343419 ; 0.00860391 ; -0.00485072 ; 101.857;
29 ; 16 ; 18 ; -0.0296211 ; -0.00111005 ; 0.00114984 ; 102.076;
30 ; 16 ; 18 ; -0.0368295 ; -0.00106571 ; -0.00541767 ; 102.174;
31 ; 16 ; 18 ; -0.0260748 ; -0.00478214 ; -3.38852e-05 ; 102.159;
32 ; 16 ; 18 ; -0.00415624 ; 0.00238773 ; 0.00488365 ; 102.14;
33 ; 16 ; 18 ; -0.00200635 ; -0.0201194 ; 0.00181049 ; 101.781;
4 ; 17 ; 18 ; 0.00982295 ; -0.00723225 ; -0.0045996 ; 102.487;
5 ; 17 ; 18 ; 0.0192393 ; 0.0234695 ; -0.000698555 ; 101.935;
6 ; 17 ; 18 ; 0.0154969 ; -0.0065288 ; 0.00392801 ; 102.188;
7 ; 17 ; 18 ; 0.0173848 ; 0.0049593 ; -0.00290953 ; 101.941;
8 ; 17 ; 18 ; 0.0358203 ; 0.00449747 ; 0.0035805 ; 101.941;
9 ; 17 ; 18 ; 0.0287402 ; 0.00694239 ; -0.00528228 ; 101.63;
10 ; 17 ; 18 ; 0.0308038 ; 0.00589003 ; 0.000396272 ; 101.688;
11 ; 17 ; 18 ; 0.0255738 ; -0.00415161 ; 0.00276616 ; 102.085;
12 ; 17 ; 18 ; 0.0136643 ; 0.00853254 ; -0.00498219 ; 101.598;
13 ; 17 ; 18 ; 0.00178313 ; 0.000382184 ; 0.00357295 ; 101.46;
14 ; 17 ; 18 ; 0.0123781 ; -0.000377025 ; 0.000158943 ; 101.844;
15 ; 17 ; 18 ; 0.00904622 ; 0.00550617 ; 0.00569153 ; 101.56;
16 ; 17 ; 18 ; 0.0122428 ; 0.00796374 ; -0.00247362 ; 101.597;
17 ; 17 ; 18 ; 0.0144935 ; -0.00435345 ; -0.000590274 ; 101.691;
18 ; 17 ; 18 ; 0.00957391 ; -0.00109859 ; 0.00525844 ; 101.507;
19 ; 17 ; 18 ; -0.00133967 ; 0.0129813 ; -0.000831021 ; 101.792;
20 ; 17 ; 18 ; 0.00299178 ; -0.00248563 ; -0.000750831 ; 101.54;
21 ; 17 ; 18 ; 0.00703887 ; 0.00766417 ; 0.000544731 ; 101.447;
22 ; 17 ; 18 ; 0.0121725 ; -0.0033901 ; 0.00452799 ; 101.33;
23 ; 17 ; 18 ; 0.00761194 ; 0.00340225 ; 0.0118453 ; 101.737;
24 ; 17 ; 18 ; 0.00165776 ; 5.12796e-05 ; 0.00071311 ; 101.411;
25 ; 17 ; 18 ; -0.0193883 ; -0.00180574 ; 0.00822841 ; 101.754;
26 ; 17 ; 18 ; -0.0110958 ; -0.00710905 ; -0.00239334 ; 101.881;
27 ; 17 ; 18 ; -0.0129681 ; 0.0149446 ; -0.00375818 ; 102.305;
28 ; 17 ; 18 ; -0.0312816 ; -0.0041541 ; 0.00635283 ; 102.077;
29 ; 17 ; 18 ; -0.027144 ; 0.00434269 ; 0.0024562 ; 101.891;
30 ; 17 ; 18 ; -0.0177114 ; -0.00365951 ; -0.00811319 ; 102.183;
31 ; 17 ; 18 ; -0.0305072 ; 0.00274194 ; -0.00518057 ; 101.808;
32 ; 17 ; 18 ; -0.00332724 ; 0.0113371 ; -0.00717649 ; 102.466;
33 ; 17 ; 18 ; 0.0131337 ; -0.00231612 ; 0.00520575 ; 102.339;
4 ; 18 ; 18 ; 0.00718252 ; -0.00210859 ; -0.00356605 ; 101.75;
5 ; 18 ; 18 ; 0.0178826 ; -0.0074304 ; -0.0151218 ; 102.167;
6 ; 18 ; 18 ; 0.0141305 ; -0.000778223 ; -0.00366253 ; 101.974;
7 ; 18 ; 18 ; 0.0160015 ; 0.00577609 ; -0.0155541 ; 101.801;
8 ; 18 ; 18 ; 0.0231663 ; 0.00162012 ; 0.00795344 ; 102.176;
9 ; 18 ; 18 ; 0.0168716 ; -0.0117674 ; -0.00114223 ; 101.859;
10 ; 18 ; 18 ; 0.0269606 ; 0.00429808 ; -0.00295919 ; 102.222;
11 ; 18 ; 18 ; 0.0231073 ; -0.00387478 ; -0.0140183 ; 101.776;
12 ; 18 ; 18 ; 0.0184938 ; 0.000792907 ; 0.00686 ; 101.885;
13 ; 18 ; 18 ; 0.0169152 ; 0.00790718 ; 0.00333933 ; 101.33;
14 ; 18 ; 18 ; 0.0221906 ; 0.00676835 ; 0.00722588 ; 101.582;
15 ; 18 ; 18 ; 0.0142839 ; -0.00572278 ; -0.00951243 ; 101.512;
16 ; 18 ; 18 ; 0.00671363 ; 0.00251631 ; 0.013542 ; 101.652;
17 ; 18 ; 18 ; 0.00378554 ; -0.00107773 ; 0.00494517 ; 101.869;
18 ; 18 ; 18 ; 0.00793206 ; 0.00328953 ; 0.00120829 ; 101.584;
19 ; 18 ; 18 ; 0.00674098 ; 0.00924588 ; 0.00595014 ; 101.835;
20 ; 18 ; 18 ; 0.00437257 ; -0.0129629 ; -0.00324548 ; 101.579;
21 ; 18 ; 18 ; 0.00108317 ; 0.00484908 ; 0.00577945 ; 101.68;
22 ; 18 ; 18 ; -0.00779938 ; -0.00226724 ; 0.0020149 ; 101.33;
23 ; 18 ; 18 ; -0.00630797 ; -0.00426196 ; 0.00238344 ; 101.277;
24 ; 18 ; 18 ; -0.0139367 ; 0.00249439 ; -0.00577172 ; 102.116;
25 ; 18 ; 18 ; -0.0143628 ; -0.00137816 ; -0.00836701 ; 101.625;
26 ; 18 ; 18 ; -0.011932 ; 0.0110244 ; 0.00587989 ; 101.834;
27 ; 18 ; 18 ; -0.021774 ; 0.00666323 ; -0.0100405 ; 101.614;
28 ; 18 ; 18 ; -0.0417657 ; 0.0090544 ; 0.00483002 ; 101.924;
29 ; 18 ; 18 ; -0.0241015 ; -0.00270278 ; -0.0104557 ; 102.185;
30 ; 18 ; 18 ; -0.0228573 ; -0.000802887 ; 0.00268949 ; 102.15;
31 ; 18 ; 18 ; -0.0187609 ; 0.0018874 ; 0.0196768 ; 101.754;
32 ; 18 ; 18 ; -0.0111844 ; -0.00558308 ; -0.00126189 ; 102.332;
33 ; 18 ; 18 ; -0.00430212 ; 0.00872219 ; 0.00610219 ; 102.215;
4 ; 19 ; 18 ; 0.0115456 ; -0.000945609 ; 0.0119526 ; 101.952;
5 ; 19 ; 18 ; 0.0102194 ; 0.00587988 ; -0.0116874 ; 102.017;
6 ; 19 ; 18 ; 0.0145773 ; -0.0161853 ; -0.000942146 ; 101.546;
7 ; 19 ; 18 ; 0.0117494 ; 0.00820097 ; 0.00577623 ; 101.881;
8 ; 19 ; 18 ; 0.0243545 ; 0.0145151 ; -0.0123688 ; 102.169;
9 ; 19 ; 18 ; 0.0236725 ; 0.000238679 ; 0.00683317 ; 101.93;
10 ; 19 ; 18 ; 0.0297167 ; 0.00684896 ; 0.00287393 ; 101.909;
11 ; 19 ; 18 ; 0.0134179 ; -0.00209864 ; 0.00105674 ; 101.596;
12 ; 19 ; 18 ; 0.0138462 ; -0.00435155 ; -0.00516834 ; 101.41;
13 ; 19 ; 18 ; 0.0184298 ; 0.0027895 ; -0.00236655 ; 101.545;
14 ; 19 ; 18 ; 0.0095119 ; -0.0102837 ; -0.00910993 ; 101.94;
15 ; 19 ; 18 ; 0.00485806 ; -0.0102824 ; 0.0126332 ; 101.637;
16 ; 19 ; 18 ; 0.00122707 ; 0.00933462 ; 0.00343388 ; 101.322;
17 ; 19 ; 18 ; -0.000478642 ; -0.00780477 ; -0.00316567 ; 101.791;
18 ; 19 ; 18 ; -0.00802018 ; -0.00334304 ; -0.00689248 ; 101.286;
19 ; 19 ; 18 ; -0.00798824 ; 0.00544973 ; 0.0125618 ; 101.453;
20 ; 19 ; 18 ; 0.00204664 ; 0.00872803 ; 0.00423751 ; 101.621;
21 ; 19 ; 18 ; -0.0021743 ; -0.0137634 ; -0.00243446 ; 101.606;
22 ; 19 ; 18 ; -0.0058602 ; -0.0138403 ; -0.0015259 ; 101.809;
23 ; 19 ; 18 ; -0.00107488 ; -0.0113356 ; -0.00582329 ; 101.763;
24 ; 19 ; 18 ; -0.0145412 ; 0.00243799 ; 0.000230316 ; 101.496;
25 ; 19 ; 18 ; -0.0132769 ; 0.00346847 ; 0.0061086 ; 101.846;
26 ; 19 ; 18 ; -0.0304879 ; 0.00308549 ; -0.00452068 ; 101.477;
27 ; 19 ; 18 ; -0.034573 ; -0.00677473 ; -0.00644261 ; 101.675;
28 ; 19 ; 18 ; -0.0424935 ; 0.0132506 ; 0.00311251 ; 101.807;
29 ; 19 ; 18 ; -0.0321344 ; 0.00291869 ; -0.00894248 ; 101.88;
30 ; 19 ; 18 ; -0.0230473 ; -0.0034355 ; 0.00950521 ; 101.632;
31 ; 19 ; 18 ; -0.0254452 ; 0.00673374 ; 0.00480159 ; 102.082;
32 ; 19 ; 18 ; -0.0149222 ; -0.00231967 ; -0.00465679 ; 101.717;
33 ; 19 ; 18 ; 0.00695119 ; 0.00416736 ; 0.00413283 ; 102.111;
4 ; 20 ; 18 ; 0.0104057 ; -0.00371865 ; 0.00418926 ; 102.207;
5 ; 20 ; 18 ; 0.0246688 ; 0.00573002 ; 0.00305495 ; 102.046;
6 ; 20 ; 18 ; 0.0242392 ; 0.00128755 ; -0.00994266 ; 102.217;
7 ; 20 ; 18 ; 0.0256645 ; -0.00237845 ; 0.00442841 ; 102.131;
8 ; 20 ; 18 ; 0.0243701 ; 0.017697 ; -0.00451849 ; 102.183;
9 ; 20 ; 18 ; 0.0265345 ; 0.00376452 ; -0.00637398 ; 102.097;
10 ; 20 ; 18 ; 0.0304884 ; -0.00374853 ; -0.00614526 ; 102.019;
11 ; 20 ; 18 ; 0.0363017 ; -0.00370126 ; 0.0062224 ; 101.796;
12 ; 20 ; 18 ; 0.010511 ; 0.00572239 ; 0.00679109 ; 102.073;
13 ; 20 ; 18 ; 0.00444992 ; -0.00436402 ; -0.0100078 ; 101.744;
14 ; 20 ; 18 ; 0.010025 ; 0.0117756 ; 0.00317013 ; 101.651;
15 ; 20 ; 18 ; 0.00542206 ; 0.00484484 ; 0.00468301 ; 101.457;
16 ; 20 ; 18 ; 0.00492075 ; 0.00130121 ; 0.00984357 ; 101.684;
17 ; 20 ; 18 ; 0.00523347 ; -0.005908 ; -0.00223599 ; 101.284;
18 ; 20 ; 18 ; -0.0197624 ; -0.00194854 ; 0.000490658 ; 101.498;
19 ; 20 ; 18 ; 0.00395125 ; 0.0117102 ; 0.0023707 ; 102.144;
20 ; 20 ; 18 ; -0.0154427 ; -0.00254135 ; 0.00291996 ; 101.618;
21 ; 20 ; 18 ; -0.00432059 ; 0.0080532 ; -0.000191493 ; 101.498;
22 ; 20 ; 18 ; -0.0118923 ; -0.00986901 ; -0.0137012 ; 101.319;
23 ; 20 ; 18 ; -0.0128996 ; -0.00551973 ; -0.0192377 ; 101.352;
24 ; 20 ; 18 ; -0.0268848 ; 0.00662317 ; -0.00287413 ; 102.338;
25 ; 20 ; 18 ; -0.0206569 ; 0.00577078 ; -0.00512697 ; 101.466;
26 ; 20 ; 18 ; -0.0272355 ; -0.00711685 ; -0.0049521 ; 101.74;
27 ; 20 ; 18 ; -0.0319689 ; -0.00715839 ; -0.011189 ; 101.684;
28 ; 20 ; 18 ; -0.024363 ; 0.00364326 ; -0.00139399 ; 102.412;
29 ; 20 ; 18 ; -0.0199839 ; -0.0135449 ; 0.00695603 ; 102.247;
30 ; 20 ; 18 ; -0.034533 ; -0.00256855 ; 0.0104243 ; 101.881;
31 ; 20 ; 18 ; -0.0237328 ; 0.00561379 ; -0.00442545 ; 102.521;
32 ; 20 ; 18 ; -0.0166038 ; 0.00438172 ; 0.000503406 ; 101.764;
33 ; 20 ; 18 ; -0.00158136 ; -0.00879194 ; -0.00534782 ; 102.269;
4 ; 21 ; 18 ; 0.00917875 ; -0.00270733 ; -0.00311441 ; 102.199;
5 ; 21 ; 18 ; 0.00749859 ; 0.00962606 ; -0.000690632 ; 101.859;
6 ; 21 ; 18 ; 0.035382 ; 0.00625022 ; -0.00344362 ; 102.203;
7 ; 21 ; 18 ; 0.0316798 ; 0.0033241 ; -0.000432801 ; 102.201;
8 ; 21 ; 18 ; 0.0178026 ; 0.00164272 ; -0.000874495 ; 102.504;
9 ; 21 ; 18 ; 0.0276025 ; 0.00538178 ; -0.00492157 ; 101.804;
10 ; 21 ; 18 ; 0.0193721 ; -0.000830702 ; 0.00575462 ; 102.45;
11 ; 21 ; 18 ; 0.0373397 ; 0.00479962 ; 0.00210753 ; 102.04;
12 ; 21 ; 18 ; 0.0229468 ; -0.00666562 ; 0.00292481 ; 101.61;
13 ; 21 ; 18 ; 0.00869059 ; -0.00691716 ; 0.00807456 ; 101.5;
14 ; 21 ; 18 ; 0.0146006 ; 0.011072 ; -0.00601884 ; 101.87;
15 ; 21 ; 18 ; 0.00364712 ; -0.0053998 ; -0.0138779 ; 101.6;
16 ; 21 ; 18 ; 0.00581977 ; -0.00930982 ; 0.00425287 ; 101.783;
17 ; 21 ; 18 ; 0.00685888 ; 0.00277275 ; -0.00238148 ; 101.749;
18 ; 21 ; 18 ; -0.00220566 ; 0.00487939 ; -0.00762727 ; 101.49;
19 ; 21 ; 18 ; -0.00659776 ; -0.0114385 ; 0.00197933 ; 101.632;
20 ; 21 ; 18 ; -0.00474845 ; -0.00357732 ; 0.00433657 ; 101.587;
21 ; 21 ; 18 ; -0.00140862 ; 0.00502286 ; -0.001636 ; 101.481;
22 ; 21 ; 18 ; -0.0115039 ; -0.00694979 ; -0.00285016 ; 101.753;
23 ; 21 ; 18 ; -0.0089256 ; 0.00607299 ; -0.00552263 ; 102.093;
24 ; 21 ; 18 ; -0.00832929 ; -0.0055739 ; 0.0030615 ; 101.406;
25 ; 21 ; 18 ; -0.0144034 ; 0.0101343 ; 0.00516364 ; 101.731;
26 ; 21 ; 18 ; -0.0290401 ; -0.0150453 ; -0.00565759 ; 101.761;
27 ; 21 ; 18 ; -0.0179816 ; 0.00207618 ; 0.00243705 ; 102.415;
28 ; 21 ; 18 ; -0.0272467 ; 0.0122993 ; 0.00333625 ; 102.093;
29 ; 21 ; 18 ; -0.0179343 ; 0.00539344 ; -0.00204984 ; 102.009;
30 ; 21 ; 18 ; -0.0212222 ; 0.000574876 ; 0.00994135 ; 101.918;
31 ; 21 ; 18 ; -0.0247784 ; 0.0081531 ; -0.00290032 ; 102.042;
32 ; 21 ; 18 ; -0.0184933 ; -0.00980449 ; -0.00495856 ; 102.327;
33 ; 21 ; 18 ; -0.00389823 ; -0.00212562 ; 0.00801302 ; 101.981;
4 ; 22 ; 18 ; -0.00927235 ; -0.00146637 ; -0.01143 ; 102.405;
5 ; 22 ; 18 ; 0.00505718 ; -0.00211019 ; -0.00674596 ; 101.744;
6 ; 22 ; 18 ; 0.0114897 ; -0.000262023 ; 0.00642327 ; 102.055;
7 ; 22 ; 18 ; 0.0245433 ; 0.00186721 ; -0.00585267 ; 102.019;
8 ; 22 ; 18 ; 0.039337 ; -0.0038911 ; -0.000268285 ; 102.292;
9 ; 22 ; 18 ; 0.0294819 ; 0.0021021 ; -0.00152524 ; 102.641;
10 ; 22 ; 18 ; 0.0343864 ; -0.0118279 ; 0.00518962 ; 101.653;
11 ; 22 ; 18 ; 0.0259241 ; -0.00435981 ; 0.00221026 ; 101.998;
12 ; 22 ; 18 ; 0.0235413 ; 0.00454635 ; -0.00220551 ; 101.624;
13 ; 22 ; 18 ; 0.0144874 ; -0.00495817 ; 0.00672575 ; 101.355;
14 ; 22 ; 18 ; 0.0116495 ; -0.000260972 ; -0.000101344 ; 101.668;
15 ; 22 ; 18 ; 0.00509594 ; 0.00201817 ; -0.00132992 ; 101.648;
16 ; 22 ; 18 ; -0.0022431 ; 0.00943672 ; 0.00758413 ; 101.611;
17 ; 22 ; 18 ; -0.00432818 ; -0.00575897 ; -0.00886789 ; 102.343;
18 ; 22 ; 18 ; 0.0019898 ; -0.0103081 ; -0.00180517 ; 101.731;
19 ; 22 ; 18 ; 0.00860116 ; -0.00175131 ; -0.0084882 ; 101.652;
20 ; 22 ; 18 ; -0.00757406 ; -0.0116638 ; -0.00441054 ; 101.553;
21 ; 22 ; 18 ; 0.000133784 ; 0.0190174 ; -0.00742079 ; 102.023;
22 ; 22 ; 18 ; 0.00687664 ; 0.00706132 ; 0.00214903 ; 101.826;
23 ; 22 ; 18 ; -0.0136326 ; -0.00464266 ; 0.00373024 ; 102.029;
24 ; 22 ; 18 ; -0.0144577 ; -0.00714864 ; -0.00311171 ; 101.698;
25 ; 22 ; 18 ; -0.0173776 ; 0.00288471 ; -0.00228995 ; 101.675;
26 ; 22 ; 18 ; -0.0205849 ; -0.0115112 ; 0.00999474 ; 101.518;
27 ; 22 ; 18 ; -0.0226559 ; 0.000493476 ; -0.0127021 ; 102.042;
28 ; 22 ; 18 ; -0.0382756 ; -0.00979453 ; -0.00725809 ; 102.228;
29 ; 22 ; 18 ; -0.0138042 ; -0.0173783 ; 0.00177965 ; 102.139;
30 ; 22 ; 18 ; -0.00519773 ; 0.00203773 ; 0.00878128 ; 102.044;
31 ; 22 ; 18 ; -0.0164162 ; 0.000973748 ; -0.00294143 ; 101.904;
32 ; 22 ; 18 ; -0.00915016 ; 0.00700679 ; -0.00648361 ; 102.282;
33 ; 22 ; 18 ; 0.00225314 ; -0.0124698 ; 0.00166456 ; 101.728;
4 ; 23 ; 18 ; 0.00424944 ; -0.0064863 ; -9.68397e-05 ; 102;
5 ; 23 ; 18 ; 0.0101983 ; 0.00187847 ; -0.00875619 ; 101.954;
6 ; 23 ; 18 ; 0.0211975 ; -0.0180908 ; -0.00925388 ; 102.084;
7 ; 23 ; 18 ; 0.0209573 ; -0.00550053 ; -0.00457103 ; 102.181;
8 ; 23 ; 18 ; 0.0174783 ; 0.00618281 ; -0.000297793 ; 102.043;
9 ; 23 ; 18 ; 0.0160981 ; -0.0235106 ; -0.00926498 ; 101.886;
10 ; 23 ; 18 ; 0.019444 ; -0.00983408 ; 0.00295902 ; 102.269;
11 ; 23 ; 18 ; 0.0238004 ; -0.0117483 ; -0.000784279 ; 102.408;
12 ; 23 ; 18 ; 0.00864508 ; -0.00152843 ; 0.0026819 ; 101.583;
13 ; 23 ; 18 ; 0.0113515 ; -0.0164845 ; -0.00453385 ; 101.456;
14 ; 23 ; 18 ; 0.0106996 ; -0.0188295 ; 0.00120937 ; 102.169;
15 ; 23 ; 18 ; 0.0209656 ; -0.0107035 ; -0.0094806 ; 101.617;
16 ; 23 ; 18 ; 0.00834728 ; -0.00528844 ; 0.00388913 ; 101.261;
17 ; 23 ; 18 ; 0.00240707 ; -0.00186839 ; -0.0122275 ; 101.423;
18 ; 23 ; 18 ; 0.013056 ; -0.00333455 ; -0.00851201 ; 101.597;
19 ; 23 ; 18 ; 0.0120355 ; -0.0210287 ; -0.00537532 ; 101.468;
20 ; 23 ; 18 ; -0.00582444 ; -0.00821391 ; -0.000559046 ; 101.584;
21 ; 23 ; 18 ; -0.00462768 ; -0.00557532 ; 0.00809167 ; 101.316;
22 ; 23 ; 18 ; -0.00814147 ; 0.0003262 ; 0.0133761 ; 101.784;
23 ; 23 ; 18 ; -0.0140929 ; -0.00763391 ; 0.00356279 ; 101.493;
24 ; 23 ; 18 ; -0.0206697 ; -0.0090688 ; 0.00204463 ; 101.755;
25 ; 23 ; 18 ; -0.0277118 ; -0.00856665 ; -0.00715339 ; 102.454;
26 ; 23 ; 18 ; -0.0168776 ; -0.00896243 ; 0.0104033 ; 102.2;
27 ; 23 ; 18 ; -0.0253888 ; -0.00479629 ; -0.009792 ; 101.765;
28 ; 23 ; 18 ; -0.022527 ; -0.0249577 ; -0.00803114 ; 102.374;
29 ; 23 ; 18 ; -0.0220596 ; -0.0182114 ; -0.00540151 ; 102.381;
30 ; 23 ; 18 ; -0.0220297 ; 0.000829607 ; 0.00752713 ; 102.007;
31 ; 23 ; 18 ; -0.0132877 ; 0.00132995 ; 0.0049422 ; 102.205;
32 ; 23 ; 18 ; -0.0137374 ; -0.00743103 ; 0.000950975 ; 102.068;
33 ; 23 ; 18 ; -0.00350759 ; -0.00332548 ; -0.0144217 ; 102.433;
4 ; 24 ; 18 ; -0.00815711 ; -0.0153146 ; -0.010592 ; 102.633;
5 ; 24 ; 18 ; 0.00921773 ; -0.0120321 ; -0.00976736 ; 101.891;
6 ; 24 ; 18 ; 0.0130194 ; -0.0182521 ; -0.00266478 ; 102.424;
7 ; 24 ; 18 ; 0.0306476 ; -0.00997901 ; -0.00647132 ; 102.383;
8 ; 24 ; 18 ; 0.0443435 ; 0.00494035 ; -0.0169111 ; 102.149;
9 ; 24 ; 18 ; 0.019145 ; 0.00850862 ; -0.0108509 ; 102.698;
10 ; 24 ; 18 ; 0.0150578 ; -0.0176625 ; 0.00267877 ; 102.005;
11 ; 24 ; 18 ; 0.0267031 ; -0.00840283 ; 0.00513253 ; 102.084;
12 ; 24 ; 18 ; 0.0107829 ; -0.0126779 ; 0.0100784 ; 101.94;
13 ; 24 ; 18 ; 0.0125955 ; -0.0182838 ; 0.00279561 ; 101.678;
14 ; 24 ; 18 ; 0.0136693 ; -0.00948138 ; -0.000160792 ; 101.929;
15 ; 24 ; 18 ; 0.00516599 ; -0.00662538 ; -0.0110869 ; 102.003;
16 ; 24 ; 18 ; 0.00701673 ; -0.0162159 ; -0.00702982 ; 102.079;
17 ; 24 ; 18 ; 0.00648799 ; -0.0129196 ; -0.00536895 ; 101.77;
18 ; 24 ; 18 ; -0.0119443 ; -0.000882631 ; 0.000630944 ; 102.081;
19 ; 24 ; 18 ; -0.0110509 ; -0.00774657 ; -0.00842647 ; 101.245;
20 ; 24 ; 18 ; 0.012357 ; -0.011772 ; -0.00193775 ; 101.696;
21 ; 24 ; 18 ; 0.00271141 ; -0.0068002 ; -0.0127004 ; 101.562;
22 ; 24 ; 18 ; -0.00620032 ; -0.0170477 ; -0.0159173 ; 101.908;
23 ; 24 ; 18 ; -0.00752774 ; -0.0118078 ; 0.00823994 ; 101.323;
24 ; 24 ; 18 ; -0.0137047 ; -0.0212693 ; 0.00478197 ; 101.686;
25 ; 24 ; 18 ; -0.0135468 ; -0.0154085 ; 0.00313096 ; 101.871;
26 ; 24 ; 18 ; -0.0339003 ; -0.0173333 ; -0.00766117 ; 101.809;
27 ; 24 ; 18 ; -0.0256963 ; -0.00817157 ; 0.0152259 ; 102.245;
28 ; 24 ; 18 ; -0.0221292 ; -0.00412852 ; -0.00509913 ; 102.126;
29 ; 24 ; 18 ; -0.0247222 ; 6.46739e-05 ; 0.00512648 ; 102.13;
30 ; 24 ; 18 ; -0.0242606 ; -0.0138392 ; 0.0126653 ; 102.769;
31 ; 24 ; 18 ; -0.0201845 ; 0.00236423 ; -0.00716636 ; 102.257;
32 ; 24 ; 18 ; -0.0167526 ; -0.00259149 ; -0.0116123 ; 101.578;
33 ; 24 ; 18 ; -0.0160708 ; 0.000968011 ; -0.00621312 ; 102.459;
4 ; 25 ; 18 ; 0.00856721 ; -0.00460059 ; -0.00103531 ; 102.285;
5 ; 25 ; 18 ; 0.00559896 ; -0.00643688 ; 0.0193999 ; 102.379;
6 ; 25 ; 18 ; 0.022465 ; -0.00655593 ; 0.00247948 ; 101.653;
7 ; 25 ; 18 ; 0.0203938 ; -0.0145667 ; -0.0149823 ; 102.361;
8 ; 25 ; 18 ; 0.00506463 ; -0.00968912 ; 0.00624955 ; 102.45;
9 ; 25 ; 18 ; 0.0292962 ; -0.0079095 ; -0.000767312 ; 102.318;
10 ; 25 ; 18 ; 0.0288584 ; -0.0238594 ; -0.00202468 ; 101.892;
11 ; 25 ; 18 ; 0.0132256 ; -0.0157775 ; 0.0217208 ; 101.955;
12 ; 25 ; 18 ; 0.00809989 ; -0.0100157 ; 0.00100215 ; 102.213;
13 ; 25 ; 18 ; 0.00459248 ; -0.00951507 ; 0.0050671 ; 101.85;
14 ; 25 ; 18 ; 0.0111439 ; -0.0210539 ; -0.00710979 ; 101.626;
15 ; 25 ; 18 ; -0.0054799 ; -0.00609866 ; 0.00249883 ; 102.176;
16 ; 25 ; 18 ; 0.0011682 ; -0.0167917 ; 0.00638968 ; 101.689;
17 ; 25 ; 18 ; -0.000964266 ; -0.0171903 ; -0.0202578 ; 101.639;
18 ; 25 ; 18 ; 0.00168799 ; -0.00457913 ; 0.00343978 ; 101.444;
19 ; 25 ; 18 ; -0.0115651 ; -0.00213272 ; 0.0041007 ; 101.597;
20 ; 25 ; 18 ; 0.0036861 ; -0.00360151 ; 0.00782952 ; 102.274;
21 ; 25 ; 18 ; 0.00164134 ; -0.0144118 ; -0.00552467 ; 101.953;
22 ; 25 ; 18 ; -0.0110026 ; -0.0201347 ; 0.0050861 ; 101.904;
23 ; 25 ; 18 ; -0.00410922 ; -0.0212556 ; -0.00379603 ; 101.897;
24 ; 25 ; 18 ; -0.00728935 ; -0.0167549 ; 0.00527144 ; 102.114;
25 ; 25 ; 18 ; -0.0235514 ; -0.0201395 ; -0.00490573 ; 101.866;
26 ; 25 ; 18 ; -0.0104188 ; -0.0120118 ; -0.000488369 ; 102.513;
27 ; 25 ; 18 ; -0.0274075 ; -0.0121338 ; 0.0100929 ; 101.923;
28 ; 25 ; 18 ; -0.0148202 ; -0.0252194 ; -0.00183544 ; 102.905;
29 ; 25 ; 18 ; -0.00553278 ; -0.00863701 ; 0.00185811 ; 102.248;
30 ; 25 ; 18 ; -0.0152951 ; -0.0132782 ; 0.0144494 ; 102.371;
31 ; 25 ; 18 ; -0.0141457 ; -0.0101358 ; 0.0180669 ; 102.569;
32 ; 25 ; 18 ; -0.0175525 ; -0.00334611 ; 0.0113305 ; 102.186;
33 ; 25 ; 18 ; -0.00855852 ; -0.00331789 ; 0.0070524 ; 102.015;
4 ; 26 ; 18 ; -0.00476195 ; -0.0108926 ; -0.011726 ; 102.089;
5 ; 26 ; 18 ; -0.00313705 ; -0.0122925 ; -0.00275174 ; 101.99;
6 ; 26 ; 18 ; 0.0137787 ; -0.00761017 ; -0.00405068 ; 102.486;
7 ; 26 ; 18 ; 0.0165972 ; -0.0169357 ; -0.00744864 ; 102.358;
8 ; 26 ; 18 ; 0.0253805 ; -0.0135085 ; -0.018017 ; 102.467;
9 ; 26 ; 18 ; 0.0303857 ; -0.00797483 ; -0.00423413 ; 102.367;
10 ; 26 ; 18 ; 0.0391209 ; -0.0136551 ; -0.0087059 ; 102.633;
11 ; 26 ; 18 ; 0.0247924 ; -0.0190304 ; -0.00539197 ; 102.452;
12 ; 26 ; 18 ; 0.0158591 ; -0.0266081 ; 0.00638391 ; 101.945;
13 ; 26 ; 18 ; 0.0124328 ; -0.0116 ; -0.0102528 ; 101.722;
14 ; 26 ; 18 ; 0.00254117 ; -0.0156542 ; -0.0106724 ; 101.664;
15 ; 26 ; 18 ; -0.000224357 ; -0.016455 ; 0.00654496 ; 102.137;
16 ; 26 ; 18 ; 0.000883587 ; -0.0271505 ; -0.00706898 ; 102.179;
17 ; 26 ; 18 ; -0.0056385 ; -0.0244175 ; -0.00999729 ; 101.99;
18 ; 26 ; 18 ; -0.00334283 ; -0.0230495 ; 0.0102206 ; 101.916;
19 ; 26 ; 18 ; -0.00649945 ; -0.0125612 ; -0.000799625 ; 101.758;
20 ; 26 ; 18 ; 0.00422892 ; -0.0194831 ; 0.00183756 ; 101.625;
21 ; 26 ; 18 ; 0.00439747 ; -0.0276083 ; 0.0145188 ; 101.568;
22 ; 26 ; 18 ; -0.00781177 ; -0.0301642 ; 0.00952539 ; 102.083;
23 ; 26 ; 18 ; 0.00314764 ; -0.0162544 ; 0.00364522 ; 101.93;
24 ; 26 ; 18 ; 0.0011693 ; -0.0216435 ; -0.00093646 ; 101.931;
25 ; 26 ; 18 ; -0.010542 ; -0.015131 ; 0.0054039 ; 101.959;
26 ; 26 ; 18 ; -0.0133676 ; -0.0107308 ; -0.00339738 ; 102.375;
27 ; 26 ; 18 ; -0.023962 ; -0.00685492 ; 0.000166559 ; 102.004;
28 ; 26 ; 18 ; -0.0302977 ; -0.0234684 ; 0.00335993 ; 102.343;
29 ; 26 ; 18 ; -0.0186268 ; -0.0300567 ; 0.0101707 ; 102.512;
30 ; 26 ; 18 ; -0.0177103 ; -0.0155432 ; -0.00666898 ; 102.845;
31 ; 26 ; 18 ; -0.0182832 ; -0.0147157 ; -0.00253987 ; 102.05;
32 ; 26 ; 18 ; -0.00792045 ; -0.0186295 ; 0.00625474 ; 102.515;
33 ; 26 ; 18 ; 0.00348635 ; -0.0155473 ; -0.00983969 ; 102.348;
4 ; 27 ; 18 ; -0.00352966 ; -0.0183272 ; -0.0111824 ; 102.294;
5 ; 27 ; 18 ; 0.002581 ; -0.0141839 ; -0.0064803 ; 103.033;
6 ; 27 ; 18 ; -0.0028232 ; -0.0228779 ; -0.00543657 ; 102.47;
7 ; 27 ; 18 ; 0.00877624 ; -0.0147377 ; 0.00790162 ; 102.379;
8 ; 27 ; 18 ; 0.0205664 ; -0.0190128 ; -0.00665692 ; 102.448;
9 ; 27 ; 18 ; 0.0104153 ; -0.0238917 ; -0.00614716 ; 102.193;
10 ; 27 ; 18 ; 0.0104936 ; -0.0262412 ; -0.00431611 ; 102.233;
11 ; 27 ; 18 ; 0.00229504 ; -0.0165965 ; 0.0128402 ; 102.504;
12 ; 27 ; 18 ; 0.0125846 ; -0.0234893 ; 0.00722435 ; 101.928;
13 ; 27 ; 18 ; 0.0110097 ; -0.031409 ; 0.0223947 ; 102.209;
14 ; 27 ; 18 ; 0.0071197 ; -0.0352546 ; -0.0104034 ; 101.851;
15 ; 27 ; 18 ; 0.00670214 ; -0.0136097 ; -0.00622824 ; 102.138;
16 ; 27 ; 18 ; 0.0110126 ; -0.0187777 ; -0.0124061 ; 101.6;
17 ; 27 ; 18 ; -0.00820849 ; -0.043699 ; -0.0127531 ; 101.868;
18 ; 27 ; 18 ; -0.00677472 ; -0.0420717 ; 0.00132476 ; 102.025;
19 ; 27 ; 18 ; 0.000535834 ; -0.0290067 ; 0.00861767 ; 102.228;
20 ; 27 ; 18 ; 0.000571237 ; -0.0188676 ; -0.0058536 ; 101.989;
21 ; 27 ; 18 ; -0.00753152 ; -0.0273022 ; -0.00141021 ; 101.647;
22 ; 27 ; 18 ; -0.000246733 ; -0.028765 ; 0.00475745 ; 102.457;
23 ; 27 ; 18 ; -0.019661 ; -0.0319804 ; 0.0103161 ; 102.253;
24 ; 27 ; 18 ; -0.0108186 ; -0.0161595 ; -0.000790178 ; 102.125;
25 ; 27 ; 18 ; -0.0227138 ; -0.0384904 ; 0.000811428 ; 101.869;
26 ; 27 ; 18 ; -0.0252844 ; -0.0236641 ; -0.0080717 ; 102.026;
27 ; 27 ; 18 ; -0.0190382 ; -0.00186638 ; 0.000326739 ; 102.542;
28 ; 27 ; 18 ; -0.0339161 ; -0.0242833 ; -0.00470024 ; 102.405;
29 ; 27 ; 18 ; -0.0211407 ; -0.0142656 ; 0.0102907 ; 102.059;
30 ; 27 ; 18 ; -0.0129955 ; -0.0163921 ; -0.00156847 ; 102.322;
31 ; 27 ; 18 ; -0.015024 ; -0.0189637 ; 0.00997971 ; 102.402;
32 ; 27 ; 18 ; -0.00788628 ; -0.00512978 ; -0.000433724 ; 102.474;
33 ; 27 ; 18 ; -0.000730591 ; -0.0167596 ; -0.00716144 ; 102.346;
4 ; 28 ; 18 ; 0.0111004 ; -0.0195302 ; 0.00370561 ; 102.303;
5 ; 28 ; 18 ; 0.00946039 ; -0.0196481 ; -0.00159589 ; 102.559;
6 ; 28 ; 18 ; 0.0062122 ; -0.0132769 ; 0.00422962 ; 102.408;
7 ; 28 ; 18 ; 0.0196598 ; -0.0199805 ; -0.00154602 ; 102.724;
8 ; 28 ; 18 ; 0.0190528 ; -0.0157593 ; -0.00845319 ; 102.635;
9 ; 28 ; 18 ; 0.0153845 ; -0.0297028 ; 0.00061199 ; 102.507;
10 ; 28 ; 18 ; 0.016785 ; -0.0308935 ; 0.0107605 ; 102.269;
11 ; 28 ; 18 ; 0.0211537 ; -0.0134494 ; -0.00951999 ; 102.538;
12 ; 28 ; 18 ; 0.0163495 ; -0.024382 ; 0.0105881 ; 102.478;
13 ; 28 ; 18 ; 0.0213429 ; -0.0348955 ; -0.00569074 ; 101.903;
14 ; 28 ; 18 ; 0.0146173 ; -0.0288262 ; 0.00148245 ; 101.652;
15 ; 28 ; 18 ; -0.00218592 ; -0.0417823 ; -0.00377215 ; 101.999;
16 ; 28 ; 18 ; 0.00476124 ; -0.0229878 ; 0.0207723 ; 101.964;
17 ; 28 ; 18 ; 0.00850735 ; -0.0318421 ; 0.000551774 ; 101.49;
18 ; 28 ; 18 ; 0.00664558 ; -0.0328297 ; 0.000144608 ; 102.241;
19 ; 28 ; 18 ; -0.0022091 ; -0.0320947 ; -0.0105684 ; 101.941;
20 ; 28 ; 18 ; 0.0114285 ; -0.0330513 ; -0.013109 ; 101.886;
21 ; 28 ; 18 ; -0.00627679 ; -0.0213274 ; 0.00805611 ; 101.881;
22 ; 28 ; 18 ; 0.00222723 ; -0.0263748 ; -0.0106162 ; 102.148;
23 ; 28 ; 18 ; -0.000857327 ; -0.0226102 ; 0.000685139 ; 101.988;
24 ; 28 ; 18 ; -0.0184027 ; -0.0276065 ; -0.00945151 ; 101.91;
25 ; 28 ; 18 ; -0.0299624 ; -0.0213677 ; 0.0065344 ; 102.166;
26 ; 28 ; 18 ; -0.019346 ; -0.0244957 ; 0.00531132 ; 102.544;
27 ; 28 ; 18 ; -0.0267561 ; -0.0102492 ; 0.00677112 ; 102.472;
28 ; 28 ; 18 ; -0.0210294 ; -0.0160661 ; 0.00179318 ; 102.488;
29 ; 28 ; 18 ; -0.0154137 ; -0.0256854 ; 0.00183225 ; 102.409;
30 ; 28 ; 18 ; -0.0103342 ; -0.025117 ; 0.000680118 ; 102.336;
31 ; 28 ; 18 ; -0.0166288 ; -0.0164352 ; 0.00814601 ; 102.291;
32 ; 28 ; 18 ; -0.00655686 ; -0.0275502 ; -0.00626992 ; 102.551;
33 ; 28 ; 18 ; -0.00282492 ; -0.0192708 ; 0.0100554 ; 102.572;
4 ; 29 ; 18 ; 0.0105534 ; -0.0159755 ; -0.0120679 ; 102.591;
5 ; 29 ; 18 ; 0.00266762 ; -0.0221227 ; 0.0120772 ; 102.407;
6 ; 29 ; 18 ; -0.00193283 ; -0.0219378 ; 0.0060202 ; 102.858;
7 ; 29 ; 18 ; 0.0185884 ; -0.00903666 ; 0.00277415 ; 102.778;
8 ; 29 ; 18 ; 0.0169626 ; -0.00693736 ; -0.00129639 ; 102.228;
9 ; 29 ; 18 ; 0.0132605 ; -0.0220599 ; 0.00790166 ; 102.493;
10 ; 29 ; 18 ; 0.0205954 ; -0.0180729 ; 0.0115669 ; 102.352;
11 ; 29 ; 18 ; 0.0141978 ; -0.0286753 ; 0.000971246 ; 102.271;
12 ; 29 ; 18 ; 0.00526328 ; -0.0168948 ; 0.00546971 ; 102.354;
13 ; 29 ; 18 ; -0.00306094 ; -0.0267881 ; -0.00646324 ; 102.284;
14 ; 29 ; 18 ; 0.00565411 ; -0.022317 ; 0.00707241 ; 101.99;
15 ; 29 ; 18 ; -0.00990191 ; -0.0142053 ; -0.00561214 ; 101.981;
16 ; 29 ; 18 ; -0.00347727 ; -0.0163044 ; -0.00883505 ; 102;
17 ; 29 ; 18 ; -0.000471544 ; -0.0397255 ; -0.00190731 ; 101.936;
18 ; 29 ; 18 ; -0.00529347 ; -0.0342417 ; -0.00658263 ; 101.934;
19 ; 29 ; 18 ; -0.00329227 ; -0.030933 ; -0.00845445 ; 101.865;
20 ; 29 ; 18 ; -0.00959979 ; -0.0331689 ; 0.00146286 ; 102.453;
21 ; 29 ; 18 ; -0.0122153 ; -0.0182219 ; -0.00905744 ; 102.211;
22 ; 29 ; 18 ; -0.00729784 ; -0.0257694 ; -0.00924806 ; 101.866;
23 ; 29 ; 18 ; -0.0114411 ; -0.028318 ; 0.00333482 ; 102.346;
24 ; 29 ; 18 ; -0.00835052 ; -0.0300557 ; -0.0116922 ; 102.181;
25 ; 29 ; 18 ; -0.00375351 ; -0.0246366 ; 0.00453494 ; 102.44;
26 ; 29 ; 18 ; -0.0224153 ; -0.0259869 ; -0.00572685 ; 102.711;
27 ; 29 ; 18 ; -0.0115165 ; -0.0321205 ; -0.0066706 ; 102.505;
28 ; 29 ; 18 ; -0.0242177 ; -0.0269321 ; -0.00442048 ; 102.056;
29 ; 29 ; 18 ; -0.0181046 ; -0.0027945 ; 0.00611156 ; 102.163;
30 ; 29 ; 18 ; -0.0178653 ; -0.0154126 ; 0.00219492 ; 102.43;
31 ; 29 ; 18 ; -0.00319961 ; -0.024162 ; 0.00408927 ; 102.505;
32 ; 29 ; 18 ; -0.0122199 ; -0.0236002 ; -0.00392225 ; 102.483;
33 ; 29 ; 18 ; 0.00513976 ; -0.0170811 ; 0.00517074 ; 102.846;
4 ; 30 ; 18 ; 0.00850768 ; -0.0210467 ; -0.0173477 ; 102.375;
5 ; 30 ; 18 ; -0.00232225 ; -0.0168774 ; -0.00423401 ; 102.74;
6 ; 30 ; 18 ; 0.00442828 ; -0.0170853 ; -0.0108735 ; 102.367;
7 ; 30 ; 18 ; 0.00877865 ; -0.0212096 ; 0.00121908 ; 102.39;
8 ; 30 ; 18 ; 0.00104977 ; -0.0204796 ; -0.00184186 ; 102.294;
9 ; 30 ; 18 ; 0.0197188 ; -0.00998069 ; -0.00788742 ; 102.178;
10 ; 30 ; 18 ; 0.0224118 ; -0.0110611 ; -0.00177127 ; 102.477;
11 ; 30 ; 18 ; 0.0298917 ; -0.0156572 ; -0.00652047 ; 102.557;
12 ; 30 ; 18 ; 0.00347858 ; -0.0173105 ; 0.00449939 ; 101.929;
13 ; 30 ; 18 ; 0.0106788 ; -0.026207 ; 0.00735886 ; 101.844;
14 ; 30 ; 18 ; -0.00727579 ; -0.0197152 ; 0.00209166 ; 102.22;
15 ; 30 ; 18 ; -0.000749928 ; -0.0352727 ; -0.00148023 ; 101.893;
16 ; 30 ; 18 ; 0.0171444 ; -0.00724464 ; 0.00448725 ; 102.412;
17 ; 30 ; 18 ; -0.00305906 ; -0.0287807 ; 0.0173481 ; 102.221;
18 ; 30 ; 18 ; -0.000856469 ; -0.0182959 ; 0.00198361 ; 102.269;
19 ; 30 ; 18 ; 0.00410554 ; -0.0236042 ; -0.00559308 ; 102.001;
20 ; 30 ; 18 ; -0.00849698 ; -0.0318473 ; 0.0113351 ; 101.721;
21 ; 30 ; 18 ; 0.00665015 ; -0.0199163 ; 0.00321363 ; 102.112;
22 ; 30 ; 18 ; -0.00833355 ; -0.0188822 ; -0.00585847 ; 102.261;
23 ; 30 ; 18 ; -0.0120642 ; -0.0230645 ; -0.015381 ; 101.985;
24 ; 30 ; 18 ; -0.0112374 ; -0.030094 ; 0.00882437 ; 102.146;
25 ; 30 ; 18 ; -0.00540699 ; -0.021169 ; -0.00242494 ; 101.886;
26 ; 30 ; 18 ; -0.00315707 ; -0.0187167 ; -0.00487997 ; 102.812;
27 ; 30 ; 18 ; -0.0205414 ; -0.0160941 ; -0.00820974 ; 102.236;
28 ; 30 ; 18 ; -0.00426601 ; -0.00712374 ; 0.000492047 ; 102.498;
29 ; 30 ; 18 ; -0.00804281 ; -0.0177545 ; 0.00756643 ; 102.657;
30 ; 30 ; 18 ; -0.0322706 ; -0.01496 ; 0.017502 ; 102.167;
31 ; 30 ; 18 ; -0.00315705 ; -0.0120595 ; 0.00395669 ; 102.687;
32 ; 30 ; 18 ; -0.0103089 ; -0.00578169 ; 0.00563699 ; 102.404;
33 ; 30 ; 18 ; 0.00168766 ; -0.0270344 ; 0.00592522 ; 102.097;
4 ; 31 ; 18 ; 0.017436 ; -0.0153067 ; 0.00665085 ; 102.944;
5 ; 31 ; 18 ; 0.00820358 ; -0.0163952 ; -0.0144709 ; 103.029;
6 ; 31 ; 18 ; 0.00799119 ; -0.0179683 ; 0.00917613 ; 102.509;
7 ; 31 ; 18 ; -0.000244954 ; -0.0169108 ; 0.00437017 ; 102.799;
8 ; 31 ; 18 ; 0.0120257 ; -0.0204286 ; 0.0014999 ; 102.451;
9 ; 31 ; 18 ; 0.0100106 ; -0.0160844 ; 0.0116265 ; 102.621;
10 ; 31 ; 18 ; 0.0135618 ; -0.0141377 ; 0.00041445 ; 102.16;
11 ; 31 ; 18 ; 0.0135878 ; -0.0198979 ; -0.00116084 ; 102.486;
12 ; 31 ; 18 ; 0.0119444 ; -0.0259729 ; -0.00713577 ; 102.332;
13 ; 31 ; 18 ; 0.0115274 ; -0.0179295 ; -0.0120746 ; 102.127;
14 ; 31 ; 18 ; -5.39906e-05 ; -0.016614 ; 0.00225187 ; 102.206;
15 ; 31 ; 18 ; 0.010153 ; -0.0253539 ; 0.00436491 ; 102.253;
16 ; 31 ; 18 ; 0.000491888 ; -0.00921292 ; 0.00393817 ; 102.227;
17 ; 31 ; 18 ; 0.00447229 ; -0.0212067 ; -0.00954643 ; 101.93;
18 ; 31 ; 18 ; 0.00521935 ; -0.0282531 ; 0.000100584 ; 101.927;
19 ; 31 ; 18 ; -0.00649289 ; -0.0178878 ; 0.00221177 ; 101.88;
20 ; 31 ; 18 ; 0.0132683 ; -0.0184889 ; 0.00711645 ; 101.405;
21 ; 31 ; 18 ; 0.0025003 ; -0.0300668 ; -0.00625532 ; 101.859;
22 ; 31 ; 18 ; 0.00158179 ; -0.0163231 ; -0.000998132 ; 101.713;
23 ; 31 ; 18 ; -0.000641927 ; -0.0237886 ; -0.0014356 ; 102.637;
24 ; 31 ; 18 ; -0.0204709 ; -0.0342279 ; 0.00126746 ; 102.357;
25 ; 31 ; 18 ; -0.0217413 ; -0.013041 ; 0.00461637 ; 101.919;
26 ; 31 ; 18 ; -0.0034834 ; -0.014849 ; 0.0111384 ; 101.875;
27 ; 31 ; 18 ; -0.0178431 ; -0.00992736 ; 0.000252823 ; 102.569;
28 ; 31 ; 18 ; -0.0293835 ; -0.000171046 ; -0.000980717 ; 102.695;
29 ; 31 ; 18 ; -0.0251201 ; -0.0257822 ; 0.00233586 ; 102.392;
30 ; 31 ; 18 ; -0.0235963 ; -0.0200218 ; 0.0109221 ; 102.482;
31 ; 31 ; 18 ; -0.0200549 ; -0.0178412 ; -0.00179732 ; 102.745;
32 ; 31 ; 18 ; -0.0184925 ; 0.00257698 ; 0.00346583 ; 103.022;
33 ; 31 ; 18 ; -0.00548233 ; -0.00687207 ; -0.0126879 ; 103.03;
4 ; 32 ; 18 ; 0.0161971 ; -0.00531054 ; 0.00344552 ; 102.073;
5 ; 32 ; 18 ; 0.0140862 ; -0.0189434 ; -0.00367326 ; 103.009;
6 ; 32 ; 18 ; 0.0146621 ; -0.0167867 ; 0.000691859 ; 102.417;
7 ; 32 ; 18 ; 0.0205741 ; -0.00872527 ; -0.00207619 ; 102.699;
8 ; 32 ; 18 ; 0.0247741 ; -0.00683549 ; -0.00561359 ; 102.147;
9 ; 32 ; 18 ; 0.0164553 ; -0.00999116 ; 0.000108295 ; 102.509;
10 ; 32 ; 18 ; 0.0104279 ; -0.0125057 ; -0.00212324 ; 102.447;
11 ; 32 ; 18 ; 0.0119585 ; -0.00215097 ; 0.00250192 ; 102.382;
12 ; 32 ; 18 ; 0.0125879 ; -0.0134723 ; 0.00571874 ; 102.461;
13 ; 32 ; 18 ; 0.00305915 ; -0.0238942 ; -0.013856 ; 101.992;
14 ; 32 ; 18 ; 0.0151525 ; -0.0142149 ; 0.00494342 ; 102.065;
15 ; 32 ; 18 ; 0.0146805 ; -0.0205011 ; 0.00934548 ; 101.827;
16 ; 32 ; 18 ; 0.00421492 ; -0.010544 ; 0.0213474 ; 101.694;
17 ; 32 ; 18 ; 0.00601662 ; -0.0191224 ; 0.00141595 ; 102.038;
18 ; 32 ; 18 ; 0.00299145 ; -0.0183131 ; -0.00088537 ; 101.663;
19 ; 32 ; 18 ; -0.0144849 ; -0.0152223 ; 0.00276831 ; 102.145;
20 ; 32 ; 18 ; 0.00663251 ; -0.00354297 ; 0.00331123 ; 101.984;
21 ; 32 ; 18 ; -0.00346164 ; -0.0157071 ; -0.00452975 ; 101.667;
22 ; 32 ; 18 ; -0.0149089 ; -0.00853275 ; -0.00918082 ; 102.049;
23 ; 32 ; 18 ; -0.0135408 ; -0.0108038 ; 0.0101909 ; 102.542;
24 ; 32 ; 18 ; -0.0155431 ; -0.0202317 ; 0.00794914 ; 101.57;
25 ; 32 ; 18 ; -0.015769 ; -0.00585699 ; 0.0138933 ; 102.205;
26 ; 32 ; 18 ; -0.0137101 ; -0.0164184 ; 0.00533697 ; 102.355;
27 ; 32 ; 18 ; -0.0159287 ; -0.021651 ; -0.00516933 ; 102.492;
28 ; 32 ; 18 ; -0.0288476 ; 0.00143297 ; -0.00430405 ; 102.946;
29 ; 32 ; 18 ; -0.0255376 ; -0.00607109 ; -0.00627518 ; 103.149;
30 ; 32 ; 18 ; -0.0275855 ; -0.00126919 ; -0.0129207 ; 102.638;
31 ; 32 ; 18 ; -0.00333918 ; -0.00847851 ; -0.0144492 ; 102.418;
32 ; 32 ; 18 ; -0.0115059 ; -0.00705707 ; -0.0126717 ; 102.628;
33 ; 32 ; 18 ; 0.00174302 ; -0.00956735 ; 0.0055739 ; 102.678;
4 ; 33 ; 18 ; 0.0021398 ; -0.00710039 ; -0.00485962 ; 102.856;
5 ; 33 ; 18 ; 0.0129296 ; -0.0112154 ; -0.000918783 ; 102.624;
6 ; 33 ; 18 ; 0.0118315 ; -0.0145087 ; -0.0021347 ; 102.567;
7 ; 33 ; 18 ; 0.0206645 ; 0.00112363 ; 0.0030858 ; 102.686;
8 ; 33 ; 18 ; 0.0117094 ; -0.0128601 ; -0.00531051 ; 102.381;
9 ; 33 ; 18 ; 0.0220973 ; 0.00531637 ; 0.00313633 ; 102.395;
10 ; 33 ; 18 ; 0.0137336 ; 0.00938707 ; 0.0094629 ; 102.229;
11 ; 33 ; 18 ; 0.0147243 ; 0.00497687 ; 0.00789891 ; 102.248;
12 ; 33 ; 18 ; 0.0193094 ; -0.0014958 ; -0.00351697 ; 102.121;
13 ; 33 ; 18 ; 0.00384919 ; 0.00468041 ; -0.00810545 ; 101.855;
14 ; 33 ; 18 ; 0.00256973 ; -0.0112096 ; -0.00850393 ; 102.216;
15 ; 33 ; 18 ; -0.00182936 ; -0.00788932 ; 0.0124814 ; 102.277;
16 ; 33 ; 18 ; 0.00529546 ; 0.000543975 ; 0.00329032 ; 101.928;
17 ; 33 ; 18 ; 0.00218961 ; 0.00295576 ; 0.00899832 ; 101.968;
18 ; 33 ; 18 ; 0.00044649 ; -0.00481035 ; 0.0015474 ; 101.645;
19 ; 33 ; 18 ; -0.00554497 ; 0.0023161 ; -0.0128875 ; 102.524;
20 ; 33 ; 18 ; -0.00214928 ; -0.0020073 ; -0.00371728 ; 101.831;
21 ; 33 ; 18 ; -0.0161314 ; 0.00946467 ; 0.0120346 ; 101.761;
22 ; 33 ; 18 ; 0.00413012 ; -0.000111966 ; 0.000364316 ; 102.05;
23 ; 33 ; 18 ; -0.00287798 ; -0.0171825 ; -0.00847745 ; 102.037;
24 ; 33 ; 18 ; 0.000304757 ; 0.00304535 ; 0.0070054 ; 102.294;
25 ; 33 ; 18 ; -0.0045599 ; -0.00949753 ; 0.00438429 ; 102.545;
26 ; 33 ; 18 ; 0.00215321 ; -0.00491631 ; 0.00555021 ; 102.492;
27 ; 33 ; 18 ; -0.0277241 ; -0.00768221 ; 0.00642298 ; 102.336;
28 ; 33 ; 18 ; -0.0155365 ; -0.00828868 ; -0.0039744 ; 102.776;
29 ; 33 ; 18 ; -0.0161457 ; -0.0107893 ; -0.0123095 ; 102.473;
30 ; 33 ; 18 ; -0.0149234 ; -0.00377145 ; 0.00799909 ; 102.595;
31 ; 33 ; 18 ; -0.0062537 ; 0.00275095 ; -0.000740693 ; 102.986;
32 ; 33 ; 18 ; -0.0063192 ; -0.0275382 ; 0.00456312 ; 102.328;
33 ; 33 ; 18 ; 0.0046908 ; -0.00830801 ; 0.00581882 ; 102.804;
4 ; 4 ; 19 ; 0.00558782 ; 0.00568614 ; -0.000990892 ; 102.881;
5 ; 4 ; 19 ; 0.0175985 ; -0.00236479 ; -0.0132348 ; 102.774;
6 ; 4 ; 19 ; 0.00423841 ; 0.00125146 ; 0.0102979 ; 102.593;
7 ; 4 ; 19 ; 0.0202472 ; 0.00103716 ; 0.00490297 ; 102.825;
8 ; 4 ; 19 ; 0.0159263 ; 0.014703 ; 0.00521715 ; 102.23;
9 ; 4 ; 19 ; 0.0196068 ; 0.00547614 ; 3.28492e-07 ; 102.163;
10 ; 4 ; 19 ; 0.0164929 ; -0.0060955 ; 0.00686793 ; 102.607;
11 ; 4 ; 19 ; 0.0216718 ; 0.00868397 ; 0.00439041 ; 102.401;
12 ; 4 ; 19 ; 0.00428271 ; 0.00684976 ; -0.00140543 ; 102.227;
13 ; 4 ; 19 ; 0.00313514 ; 0.00676666 ; -0.0025785 ; 102.497;
14 ; 4 ; 19 ; 0.00216401 ; 0.00337698 ; 0.00971516 ; 102.412;
15 ; 4 ; 19 ; -0.00957612 ; 0.010572 ; -0.00411478 ; 102.225;
16 ; 4 ; 19 ; -0.0106572 ; 0.0166605 ; 0.0193068 ; 102.195;
17 ; 4 ; 19 ; 0.00646813 ; -0.00531769 ; -0.000119424 ; 101.618;
18 ; 4 ; 19 ; 0.00196058 ; 0.0104823 ; 0.00587881 ; 102.34;
19 ; 4 ; 19 ; 0.00551136 ; -0.00287346 ; 0.0137296 ; 101.673;
20 ; 4 ; 19 ; -0.00638652 ; 0.00858793 ; 0.000871413 ; 101.996;
21 ; 4 ; 19 ; -0.00277028 ; 0.00760363 ; 0.0102583 ; 102.095;
22 ; 4 ; 19 ; -0.00674214 ; -0.00677959 ; 0.00362747 ; 101.634;
23 ; 4 ; 19 ; 0.0063632 ; 0.0112588 ; -0.00254284 ; 102;
24 ; 4 ; 19 ; -0.00250949 ; 0.001665 ; 0.0055547 ; 102.685;
25 ; 4 ; 19 ; -0.0115716 ; 0.000737221 ; -0.00864873 ; 102.283;
26 ; 4 ; 19 ; -0.0243707 ; 0.0123111 ; -0.010616 ; 102.649;
27 ; 4 ; 19 ; -0.0196303 ; -0.00182319 ; 0.000654214 ; 102.458;
28 ; 4 ; 19 ; -0.0114866 ; -0.00671298 ; -0.00723398 ; 102.272;
29 ; 4 ; 19 ; -0.00766961 ; -0.00523308 ; 0.00679276 ; 102.541;
30 ; 4 ; 19 ; -0.0091021 ; 0.00573759 ; -0.00345596 ; 102.186;
31 ; 4 ; 19 ; -0.0133123 ; 0.0107022 ; -0.00196619 ; 102.305;
32 ; 4 ; 19 ; -0.030229 ; 0.00553103 ; -0.0066933 ; 102.528;
33 ; 4 ; 19 ; -0.000163886 ; -0.00701431 ; 0.0028092 ; 102.704;
4 ; 5 ; 19 ; 0.0184205 ; 0.00118774 ; 0.00628412 ; 102.758;
5 ; 5 ; 19 ; 0.0073066 ; 0.0073163 ; -0.00777203 ; 102.897;
6 ; 5 ; 19 ; 0.00322334 ; 0.00647803 ; -0.0023404 ; 102.795;
7 ; 5 ; 19 ; 0.0159753 ; 0.00535335 ; 8.91095e-05 ; 102.462;
8 ; 5 ; 19 ; 0.0320228 ; 0.0103943 ; 0.00189415 ; 102.46;
9 ; 5 ; 19 ; 0.0296126 ; 0.00393052 ; -0.00135524 ; 102.595;
10 ; 5 ; 19 ; 0.0152869 ; 0.00953032 ; -0.0068002 ; 101.999;
11 ; 5 ; 19 ; 0.0215687 ; 0.00452274 ; 0.00706222 ; 102.632;
12 ; 5 ; 19 ; 0.0207772 ; 0.00222378 ; 0.00371115 ; 101.986;
13 ; 5 ; 19 ; 0.0073178 ; 0.0183814 ; 0.000356569 ; 102.039;
14 ; 5 ; 19 ; 0.00171401 ; 0.0143751 ; 0.000807074 ; 102.412;
15 ; 5 ; 19 ; -0.00441346 ; 0.01063 ; -0.00938964 ; 102.115;
16 ; 5 ; 19 ; -0.00302888 ; 0.0221523 ; -0.00459609 ; 102.403;
17 ; 5 ; 19 ; -0.000873452 ; 0.0124556 ; 0.0028993 ; 102.245;
18 ; 5 ; 19 ; 0.00369897 ; 0.0185935 ; -0.0090265 ; 101.851;
19 ; 5 ; 19 ; 0.00742428 ; 0.015201 ; -0.00869709 ; 101.967;
20 ; 5 ; 19 ; -0.00162937 ; 0.0111337 ; 0.00361252 ; 101.51;
21 ; 5 ; 19 ; 0.000982393 ; 0.0060091 ; 0.00244121 ; 102.286;
22 ; 5 ; 19 ; -0.0049878 ; 0.00324807 ; -0.00307908 ; 102.257;
23 ; 5 ; 19 ; 0.00784149 ; 0.00784423 ; -0.00759016 ; 102.094;
24 ; 5 ; 19 ; -0.0129279 ; 0.0183771 ; -0.00771645 ; 101.936;
25 ; 5 ; 19 ; -0.00629042 ; 0.000395713 ; -0.016107 ; 101.84;
26 ; 5 ; 19 ; -0.0180776 ; 0.0179131 ; 0.0130517 ; 102.337;
27 ; 5 ; 19 ; -0.011544 ; 0.0109302 ; 0.0245016 ; 102.646;
28 ; 5 ; 19 ; -0.0321533 ; 0.0135808 ; 0.0053075 ; 102.269;
29 ; 5 ; 19 ; -0.0195608 ; 0.00190656 ; -0.00981552 ; 102.855;
30 ; 5 ; 19 ; -0.0210059 ; 0.0107182 ; 0.00154729 ; 102.767;
31 ; 5 ; 19 ; -0.0264033 ; 0.00871177 ; 0.00145963 ; 102.394;
32 ; 5 ; 19 ; -0.0110071 ; 0.00728957 ; -0.0131451 ; 102.939;
33 ; 5 ; 19 ; 0.00430217 ; 0.00731046 ; 0.00284628 ; 102.476;
4 ; 6 ; 19 ; 0.013583 ; 0.00142382 ; 0.0113117 ; 103.008;
5 ; 6 ; 19 ; -0.000878631 ; 0.0261954 ; -0.0155321 ; 102.514;
6 ; 6 ; 19 ; 0.011912 ; 0.00462971 ; -0.00327321 ; 102.475;
7 ; 6 ; 19 ; 0.0211313 ; 0.00690266 ; -0.00880155 ; 102.75;
8 ; 6 ; 19 ; 0.0174097 ; 0.0180504 ; -0.00626912 ; 102.853;
9 ; 6 ; 19 ; 0.0174168 ; 0.0177538 ; 0.0053553 ; 102.499;
10 ; 6 ; 19 ; 0.0146692 ; 0.0143105 ; 0.000721869 ; 102.217;
11 ; 6 ; 19 ; 0.00929554 ; 0.0108065 ; 0.00274525 ; 102.571;
12 ; 6 ; 19 ; 0.0149045 ; 0.021053 ; -0.00617012 ; 101.821;
13 ; 6 ; 19 ; -0.00631441 ; 0.0268517 ; 0.00233222 ; 102.338;
14 ; 6 ; 19 ; -0.00300406 ; 0.0198711 ; 0.00318919 ; 102.258;
15 ; 6 ; 19 ; 0.0230129 ; 0.0222732 ; -0.0124707 ; 102.139;
16 ; 6 ; 19 ; 0.0104319 ; 0.0116363 ; -0.000551104 ; 101.998;
17 ; 6 ; 19 ; -0.00309696 ; 0.0226426 ; -0.00564 ; 102.354;
18 ; 6 ; 19 ; 0.00151437 ; 0.0114714 ; 0.00592109 ; 102.031;
19 ; 6 ; 19 ; 0.00390759 ; 0.0210726 ; 0.00599864 ; 101.671;
20 ; 6 ; 19 ; -0.00402601 ; 0.0170284 ; 0.0109587 ; 101.958;
21 ; 6 ; 19 ; -0.00147023 ; 0.00319978 ; 0.00115167 ; 102.124;
22 ; 6 ; 19 ; -0.00912887 ; 0.0239593 ; 0.0149039 ; 102.204;
23 ; 6 ; 19 ; 0.0105897 ; 0.0262018 ; 0.0104193 ; 101.856;
24 ; 6 ; 19 ; -0.0066954 ; 0.0234551 ; -0.00426155 ; 101.91;
25 ; 6 ; 19 ; -0.00463 ; 0.0041174 ; -0.00276094 ; 102.231;
26 ; 6 ; 19 ; -0.0250106 ; 0.00944759 ; -0.00825928 ; 102.416;
27 ; 6 ; 19 ; -0.00905426 ; 0.0133727 ; -0.0184361 ; 102.366;
28 ; 6 ; 19 ; -0.0178292 ; 0.0181703 ; 0.00328624 ; 102.841;
29 ; 6 ; 19 ; -0.0148587 ; -0.00474912 ; -0.00539219 ; 102.419;
30 ; 6 ; 19 ; -0.0217166 ; 0.0192639 ; 0.00397675 ; 102.884;
31 ; 6 ; 19 ; -0.0232466 ; 0.021489 ; 0.00684962 ; 102.632;
32 ; 6 ; 19 ; -0.00401321 ; 0.0238932 ; -0.000332551 ; 102.359;
33 ; 6 ; 19 ; 0.00244263 ; 0.0111626 ; 0.00808069 ; 102.956;
4 ; 7 ; 19 ; 0.00991435 ; 0.0229703 ; 0.00745879 ; 102.408;
5 ; 7 ; 19 ; 0.0148958 ; 0.019781 ; 0.00644149 ; 102.425;
6 ; 7 ; 19 ; 0.0194288 ; 0.0237716 ; 0.00642046 ; 101.916;
7 ; 7 ; 19 ; 0.00858006 ; 0.0184995 ; -0.00489707 ; 102.402;
8 ; 7 ; 19 ; 0.0140059 ; 0.0109133 ; -0.00272529 ; 102.575;
9 ; 7 ; 19 ; 0.02218 ; 0.0188991 ; -0.00700597 ; 102.294;
10 ; 7 ; 19 ; 0.0320477 ; 0.0260323 ; 0.000120066 ; 101.87;
11 ; 7 ; 19 ; 0.0225157 ; 0.0253705 ; -0.00156027 ; 102.736;
12 ; 7 ; 19 ; 0.0121989 ; 0.0247743 ; 0.00981052 ; 102.262;
13 ; 7 ; 19 ; 0.0028339 ; 0.0338162 ; 0.00383698 ; 102.481;
14 ; 7 ; 19 ; -0.000305578 ; 0.0280068 ; -0.00787069 ; 102.033;
15 ; 7 ; 19 ; -0.000143093 ; 0.0167253 ; -0.00368638 ; 101.824;
16 ; 7 ; 19 ; -0.00171217 ; 0.0259137 ; 0.00557683 ; 102.146;
17 ; 7 ; 19 ; 0.0111882 ; 0.0393025 ; 0.00486356 ; 101.876;
18 ; 7 ; 19 ; -0.00220201 ; 0.0308469 ; 0.000914969 ; 101.928;
19 ; 7 ; 19 ; -0.0143815 ; 0.0386371 ; -0.00230534 ; 102.106;
20 ; 7 ; 19 ; -0.00269226 ; 0.0129222 ; 0.0064036 ; 101.68;
21 ; 7 ; 19 ; -0.0046087 ; 0.029106 ; -0.00578765 ; 101.788;
22 ; 7 ; 19 ; -0.000966083 ; 0.0170025 ; -0.00484741 ; 102.324;
23 ; 7 ; 19 ; -0.00229855 ; 0.0359092 ; 0.00389842 ; 102.041;
24 ; 7 ; 19 ; 0.00801915 ; 0.0274306 ; 0.00964029 ; 102.479;
25 ; 7 ; 19 ; -0.00858928 ; 0.0203804 ; -0.0100791 ; 101.924;
26 ; 7 ; 19 ; -0.0204681 ; 0.0270428 ; -0.00420269 ; 102.379;
27 ; 7 ; 19 ; -0.0115769 ; 0.0132632 ; -0.00484004 ; 102.669;
28 ; 7 ; 19 ; -0.0217859 ; 0.0218368 ; 0.00332269 ; 102.584;
29 ; 7 ; 19 ; -0.0249862 ; 0.0172849 ; -0.00193737 ; 102.589;
30 ; 7 ; 19 ; -0.0172176 ; 0.00612358 ; 0.00860835 ; 102.651;
31 ; 7 ; 19 ; -0.00362279 ; 0.0186151 ; 0.00467307 ; 102.638;
32 ; 7 ; 19 ; 0.00221382 ; 0.00574924 ; -0.00591363 ; 102.465;
33 ; 7 ; 19 ; -0.000707035 ; 0.0115853 ; -0.0113 ; 102.391;
4 ; 8 ; 19 ; 0.0145459 ; 0.00533466 ; 0.00481975 ; 102.068;
5 ; 8 ; 19 ; 0.0135046 ; 0.0217742 ; 0.0114621 ; 102.314;
6 ; 8 ; 19 ; 0.0242355 ; 0.0162188 ; 0.00287895 ; 102.505;
7 ; 8 ; 19 ; 0.0180956 ; 0.00238295 ; -0.000748512 ; 102.769;
8 ; 8 ; 19 ; 0.0217729 ; 0.0190455 ; 0.00796079 ; 102.492;
9 ; 8 ; 19 ; 0.0203475 ; 0.0280764 ; -0.00275824 ; 102.68;
10 ; 8 ; 19 ; 0.0120021 ; 0.0269259 ; -0.00962572 ; 102.614;
11 ; 8 ; 19 ; 0.0169069 ; 0.0148971 ; -0.0104588 ; 102.399;
12 ; 8 ; 19 ; 0.0120662 ; 0.03368 ; 0.00218911 ; 102.278;
13 ; 8 ; 19 ; 0.0121401 ; 0.0308836 ; -0.000944333 ; 102.024;
14 ; 8 ; 19 ; 0.000641168 ; 0.0319314 ; -0.0161826 ; 102.35;
15 ; 8 ; 19 ; 0.000118599 ; 0.0316052 ; -0.000386309 ; 102.252;
16 ; 8 ; 19 ; -0.0130253 ; 0.0313817 ; 0.0016672 ; 102.342;
17 ; 8 ; 19 ; -0.000447711 ; 0.0196076 ; -0.0121164 ; 102.034;
18 ; 8 ; 19 ; -0.002832 ; 0.04274 ; 0.00295425 ; 102.058;
19 ; 8 ; 19 ; -0.00973777 ; 0.0262688 ; 0.012201 ; 101.835;
20 ; 8 ; 19 ; -0.00660375 ; 0.0178852 ; -0.00112462 ; 102.284;
21 ; 8 ; 19 ; 0.00832559 ; 0.0257614 ; -0.000534905 ; 102.24;
22 ; 8 ; 19 ; -0.0031354 ; 0.0257154 ; 0.00411338 ; 101.895;
23 ; 8 ; 19 ; -0.00492277 ; 0.0197379 ; 0.00211817 ; 102.53;
24 ; 8 ; 19 ; -0.0138535 ; 0.0208433 ; 0.00980164 ; 101.875;
25 ; 8 ; 19 ; -0.00760505 ; 0.0365595 ; 0.0212681 ; 101.937;
26 ; 8 ; 19 ; -0.0257179 ; 0.031109 ; 0.00756904 ; 102.845;
27 ; 8 ; 19 ; -0.0123843 ; 0.0189725 ; 0.00111693 ; 102.577;
28 ; 8 ; 19 ; -0.0115024 ; 0.0265597 ; 0.0176445 ; 102.38;
29 ; 8 ; 19 ; -0.0153294 ; 0.0175813 ; -0.0106028 ; 103.279;
30 ; 8 ; 19 ; -0.01202 ; 0.0148098 ; 0.000990664 ; 102.761;
31 ; 8 ; 19 ; -0.0169698 ; 0.014983 ; -0.00722608 ; 102.298;
32 ; 8 ; 19 ; -0.0034635 ; 0.0185802 ; -0.00173437 ; 102.646;
33 ; 8 ; 19 ; -0.0051723 ; 0.0118274 ; -0.00570285 ; 102.454;
4 ; 9 ; 19 ; 0.0220728 ; 0.0300644 ; -0.00623258 ; 102.282;
5 ; 9 ; 19 ; 0.0174118 ; 0.0244169 ; -0.0215925 ; 102.398;
6 ; 9 ; 19 ; 0.01478 ; 0.028826 ; 0.00297863 ; 102.379;
7 ; 9 ; 19 ; 0.0149654 ; 0.0117082 ; 0.00508498 ; 102.572;
8 ; 9 ; 19 ; 0.00811879 ; 0.0210706 ; 0.00235993 ; 102.38;
9 ; 9 ; 19 ; 0.024246 ; 0.0215486 ; 0.00698075 ; 102.476;
10 ; 9 ; 19 ; 0.0321641 ; 0.0336034 ; -0.00235675 ; 102.211;
11 ; 9 ; 19 ; 0.0112222 ; 0.0226151 ; -0.0137757 ; 102.365;
12 ; 9 ; 19 ; 0.00708272 ; 0.022612 ; 0.00966856 ; 102.658;
13 ; 9 ; 19 ; 0.0154015 ; 0.0325819 ; -0.00255128 ; 102.407;
14 ; 9 ; 19 ; 0.0133308 ; 0.0197388 ; -0.00224999 ; 102.27;
15 ; 9 ; 19 ; 0.00472781 ; 0.0247057 ; -0.00711003 ; 102.516;
16 ; 9 ; 19 ; -0.00599335 ; 0.0230249 ; 0.0015858 ; 102.085;
17 ; 9 ; 19 ; -0.000111141 ; 0.0237376 ; -0.00671697 ; 102.188;
18 ; 9 ; 19 ; 0.00215597 ; 0.0193108 ; -0.0122263 ; 101.738;
19 ; 9 ; 19 ; 0.00705273 ; 0.0371816 ; 0.00233196 ; 102.001;
20 ; 9 ; 19 ; -0.00166978 ; 0.0373725 ; 0.00997672 ; 101.956;
21 ; 9 ; 19 ; 0.000645963 ; 0.0348934 ; -0.00654289 ; 102.118;
22 ; 9 ; 19 ; -0.00344212 ; 0.0296494 ; -0.00684854 ; 101.802;
23 ; 9 ; 19 ; -0.00155404 ; 0.0280849 ; -0.00377403 ; 102.025;
24 ; 9 ; 19 ; 0.00600975 ; 0.0243331 ; -0.0110165 ; 102.007;
25 ; 9 ; 19 ; -0.0124383 ; 0.0257902 ; 0.00259966 ; 102.513;
26 ; 9 ; 19 ; -0.0206456 ; 0.0261527 ; 0.000725878 ; 102.294;
27 ; 9 ; 19 ; -0.0337574 ; 0.010665 ; -0.00526166 ; 102.54;
28 ; 9 ; 19 ; -0.013188 ; 0.0169926 ; 0.00207324 ; 102.5;
29 ; 9 ; 19 ; -0.0210461 ; 0.0221987 ; 0.00146935 ; 102.694;
30 ; 9 ; 19 ; -0.0101631 ; 0.0234439 ; 0.00149183 ; 102.598;
31 ; 9 ; 19 ; -0.0131978 ; 0.0237721 ; -0.00732754 ; 102.469;
32 ; 9 ; 19 ; -0.00607057 ; 0.0433281 ; -0.00159422 ; 102.302;
33 ; 9 ; 19 ; -0.00307464 ; 0.0109647 ; -0.00197529 ; 102.416;
4 ; 10 ; 19 ; 0.00359227 ; 0.0217437 ; 0.007532 ; 102.653;
5 ; 10 ; 19 ; 0.00665469 ; 0.00989402 ; -0.0121513 ; 102.284;
6 ; 10 ; 19 ; 0.0154985 ; 0.0221045 ; 2.95656e-05 ; 102.153;
7 ; 10 ; 19 ; 0.00200503 ; 0.0167969 ; -0.00976121 ; 102.639;
8 ; 10 ; 19 ; 0.0160064 ; 0.0133305 ; -0.00115073 ; 102.327;
9 ; 10 ; 19 ; 0.0339488 ; 0.0199649 ; -0.0137737 ; 102.474;
10 ; 10 ; 19 ; 0.0121904 ; 0.0227505 ; -0.00795201 ; 102.448;
11 ; 10 ; 19 ; 0.0158013 ; 0.0208642 ; 0.00345141 ; 102.022;
12 ; 10 ; 19 ; 0.0260078 ; 0.0205461 ; 0.00946301 ; 102.26;
13 ; 10 ; 19 ; 0.0198468 ; 0.0253616 ; 0.00256639 ; 101.742;
14 ; 10 ; 19 ; 0.00997384 ; 0.0208026 ; -0.0111421 ; 101.938;
15 ; 10 ; 19 ; 0.011565 ; 0.0179101 ; 0.00878597 ; 102.055;
16 ; 10 ; 19 ; 0.00950916 ; 0.0223435 ; 2.36737e-05 ; 102.323;
17 ; 10 ; 19 ; -0.00123635 ; 0.0259631 ; -0.0123923 ; 101.644;
18 ; 10 ; 19 ; 0.00649278 ; 0.0176685 ; -0.00383042 ; 101.739;
19 ; 10 ; 19 ; 0.00890943 ; 0.0352782 ; 0.00338879 ; 102.165;
20 ; 10 ; 19 ; -0.00580342 ; 0.0198852 ; -0.00804266 ; 102.134;
21 ; 10 ; 19 ; -0.0104236 ; 0.028629 ; -0.000802277 ; 101.624;
22 ; 10 ; 19 ; 0.00525402 ; 0.0221995 ; 0.00272584 ; 101.863;
23 ; 10 ; 19 ; 0.00316202 ; 0.0242352 ; -0.0028631 ; 102.059;
24 ; 10 ; 19 ; -0.0114727 ; 0.0228928 ; -0.0133162 ; 102.189;
25 ; 10 ; 19 ; -0.0202808 ; 0.0305442 ; 0.00321775 ; 102.046;
26 ; 10 ; 19 ; -0.00863852 ; 0.0281085 ; 0.00602266 ; 102.322;
27 ; 10 ; 19 ; -0.0317602 ; 0.00487245 ; 0.00911634 ; 102.375;
28 ; 10 ; 19 ; -0.0283592 ; 0.00111553 ; -0.00186553 ; 102.142;
29 ; 10 ; 19 ; -0.0223519 ; 0.0308133 ; -0.000581088 ; 102.509;
30 ; 10 ; 19 ; -0.0135987 ; 0.00921028 ; -0.00441622 ; 102.149;
31 ; 10 ; 19 ; -0.0208978 ; 0.02561 ; 0.00978051 ; 102.323;
32 ; 10 ; 19 ; -0.0126649 ; 0.0164971 ; 0.0108588 ; 102.348;
33 ; 10 ; 19 ; -0.0169218 ; 0.00897129 ; -0.00495666 ; 102.581;
4 ; 11 ; 19 ; 0.00655422 ; 0.00653058 ; -0.00290793 ; 101.937;
5 ; 11 ; 19 ; -0.00254837 ; 0.0224512 ; -0.00426798 ; 102.56;
6 ; 11 ; 19 ; 0.00920896 ; 0.0219144 ; 0.000602029 ; 102.093;
7 ; 11 ; 19 ; 0.0304711 ; 0.0176949 ; -0.00117338 ; 102.737;
8 ; 11 ; 19 ; 0.0260137 ; 0.00725927 ; -0.00243089 ; 102.464;
9 ; 11 ; 19 ; 0.024324 ; 0.00901317 ; -0.00832635 ; 102.393;
10 ; 11 ; 19 ; 0.0251505 ; 0.0128322 ; 0.000534762 ; 102.229;
11 ; 11 ; 19 ; 0.016042 ; 0.0235877 ; -0.00334462 ; 102.036;
12 ; 11 ; 19 ; 0.0180793 ; 0.00107108 ; 0.00421978 ; 102.362;
13 ; 11 ; 19 ; 0.0253499 ; 0.0219134 ; 0.0100856 ; 101.845;
14 ; 11 ; 19 ; 0.0256347 ; 0.0280581 ; -0.00411845 ; 101.941;
15 ; 11 ; 19 ; -0.00596174 ; 0.0278133 ; 0.00391428 ; 102.146;
16 ; 11 ; 19 ; -0.005963 ; 0.0293965 ; -0.00398041 ; 101.953;
17 ; 11 ; 19 ; -0.0195463 ; 0.0128473 ; -0.000970831 ; 101.909;
18 ; 11 ; 19 ; 0.0101542 ; 0.0249819 ; -0.00531432 ; 101.672;
19 ; 11 ; 19 ; 0.00351951 ; 0.0289929 ; -0.00791286 ; 101.622;
20 ; 11 ; 19 ; 4.93555e-05 ; 0.0311655 ; 0.00206286 ; 101.833;
21 ; 11 ; 19 ; -0.0180853 ; 0.0196738 ; -0.00752471 ; 102.24;
22 ; 11 ; 19 ; -0.0134769 ; 0.0186313 ; 7.54085e-06 ; 102.384;
23 ; 11 ; 19 ; 0.00083765 ; 0.0221821 ; 0.00144286 ; 101.815;
24 ; 11 ; 19 ; -0.00155344 ; 0.0235477 ; -0.00530501 ; 102.08;
25 ; 11 ; 19 ; -0.0109496 ; 0.0219671 ; 0.012014 ; 102.162;
26 ; 11 ; 19 ; -0.00177628 ; 0.0230324 ; -0.000907599 ; 102.256;
27 ; 11 ; 19 ; -0.0250866 ; 0.0205849 ; 0.00384747 ; 101.95;
28 ; 11 ; 19 ; -0.0260612 ; 0.017258 ; 0.0156991 ; 102.302;
29 ; 11 ; 19 ; -0.018653 ; 0.0205679 ; -0.00406914 ; 102.421;
30 ; 11 ; 19 ; -0.031651 ; 0.00348265 ; 0.00616309 ; 102.246;
31 ; 11 ; 19 ; -0.00925298 ; 0.00335204 ; -0.0136592 ; 102.518;
32 ; 11 ; 19 ; -0.0197496 ; 0.0143895 ; 0.0104696 ; 102.406;
33 ; 11 ; 19 ; -0.0134164 ; 0.0238715 ; -0.0015166 ; 102.17;
4 ; 12 ; 19 ; -0.0107552 ; 0.00337855 ; -0.00099503 ; 102.386;
5 ; 12 ; 19 ; 0.0162871 ; 0.00788076 ; 0.00374519 ; 102.126;
6 ; 12 ; 19 ; 0.0151104 ; 0.00677945 ; 0.00434158 ; 102.152;
7 ; 12 ; 19 ; 0.0252558 ; -0.000232414 ; 0.00291463 ; 102.521;
8 ; 12 ; 19 ; 0.0194809 ; 0.0194575 ; -0.0054205 ; 102.549;
9 ; 12 ; 19 ; 0.0295113 ; 0.0217482 ; 0.0058531 ; 102.132;
10 ; 12 ; 19 ; 0.0294661 ; 0.0238514 ; -0.00385642 ; 102.412;
11 ; 12 ; 19 ; 0.0348826 ; 0.0102235 ; -0.00386148 ; 102.148;
12 ; 12 ; 19 ; 0.0155356 ; 0.0105685 ; -0.00549775 ; 102.06;
13 ; 12 ; 19 ; 0.0203591 ; 0.0352577 ; -0.0048025 ; 102.306;
14 ; 12 ; 19 ; 0.00860718 ; 0.0189048 ; -0.00817631 ; 101.907;
15 ; 12 ; 19 ; -0.00532122 ; 0.0131239 ; -0.00483123 ; 101.705;
16 ; 12 ; 19 ; 0.00397158 ; 0.0189755 ; -0.00149625 ; 102.172;
17 ; 12 ; 19 ; 0.00640771 ; 0.0241067 ; 0.00625764 ; 102.215;
18 ; 12 ; 19 ; 0.0130853 ; 0.0201209 ; -0.00928679 ; 102.135;
19 ; 12 ; 19 ; -0.0156264 ; 0.00980732 ; -0.00726386 ; 101.882;
20 ; 12 ; 19 ; -0.000656694 ; 0.0117304 ; 0.0011864 ; 101.405;
21 ; 12 ; 19 ; -0.00461128 ; 0.00960765 ; 0.0079659 ; 101.726;
22 ; 12 ; 19 ; 0.00713124 ; 0.00419639 ; -0.00434368 ; 102.145;
23 ; 12 ; 19 ; -0.00397635 ; 0.0156643 ; 0.0122757 ; 102.346;
24 ; 12 ; 19 ; -0.00787163 ; 0.0108111 ; -0.00297456 ; 101.606;
25 ; 12 ; 19 ; -0.0117678 ; 0.0184479 ; -0.0143082 ; 102.029;
26 ; 12 ; 19 ; -0.0217243 ; -0.00954167 ; -0.00636274 ; 102.193;
27 ; 12 ; 19 ; -0.0450439 ; 0.0181389 ; 0.0036649 ; 102.615;
28 ; 12 ; 19 ; -0.0350056 ; 0.0202979 ; 0.000578435 ; 102.275;
29 ; 12 ; 19 ; -0.0361619 ; 0.030183 ; 0.000375971 ; 102.147;
30 ; 12 ; 19 ; -0.033597 ; 0.00383608 ; 0.00903078 ; 102.193;
31 ; 12 ; 19 ; -0.0324603 ; 0.00864807 ; 0.00693563 ; 102.117;
32 ; 12 ; 19 ; -0.00222914 ; 0.0114667 ; 0.00511044 ; 102.279;
33 ; 12 ; 19 ; -0.0117786 ; 0.000125597 ; 0.00329624 ; 102.303;
4 ; 13 ; 19 ; 0.00370352 ; 0.00231281 ; -0.00445644 ; 102.415;
5 ; 13 ; 19 ; 0.0138815 ; 0.00873045 ; -0.00413817 ; 101.867;
6 ; 13 ; 19 ; 0.0264262 ; 0.0253984 ; -7.1087e-06 ; 101.873;
7 ; 13 ; 19 ; 0.016554 ; -0.0133197 ; -0.000320421 ; 101.96;
8 ; 13 ; 19 ; 0.0294131 ; -0.000320004 ; -0.00453315 ; 102.504;
9 ; 13 ; 19 ; 0.021895 ; -0.00264647 ; 0.0076465 ; 102.231;
10 ; 13 ; 19 ; 0.0212951 ; 0.0273037 ; 0.00536619 ; 101.972;
11 ; 13 ; 19 ; 0.0216302 ; 0.00745739 ; -0.00175516 ; 102.132;
12 ; 13 ; 19 ; 0.0191424 ; 0.00804475 ; -0.00222906 ; 101.992;
13 ; 13 ; 19 ; 0.0185823 ; 0.00578297 ; -0.000744727 ; 101.884;
14 ; 13 ; 19 ; 0.0101317 ; 0.00644898 ; -0.000332064 ; 101.532;
15 ; 13 ; 19 ; 0.00182645 ; 0.00374914 ; -0.00972607 ; 101.422;
16 ; 13 ; 19 ; 0.00828004 ; 0.0128678 ; -0.0057773 ; 101.806;
17 ; 13 ; 19 ; 0.00894251 ; 0.0179324 ; -0.0127063 ; 101.731;
18 ; 13 ; 19 ; -0.000647641 ; 0.0195488 ; -0.00240839 ; 101.879;
19 ; 13 ; 19 ; -0.0144982 ; 0.0163045 ; 0.00879716 ; 101.26;
20 ; 13 ; 19 ; -0.00383748 ; 0.0108484 ; -0.00157632 ; 101.816;
21 ; 13 ; 19 ; 0.000778395 ; 0.0161455 ; -0.00528562 ; 101.529;
22 ; 13 ; 19 ; -0.00937654 ; 0.0180557 ; 0.00772383 ; 101.895;
23 ; 13 ; 19 ; -0.0199363 ; 0.0135673 ; 0.00448517 ; 102.165;
24 ; 13 ; 19 ; -0.0218052 ; 0.0129241 ; 0.0149645 ; 102.039;
25 ; 13 ; 19 ; -0.0155779 ; 0.0133574 ; -0.000367189 ; 102.174;
26 ; 13 ; 19 ; -0.0238855 ; 0.00691303 ; -0.000762776 ; 102.005;
27 ; 13 ; 19 ; -0.0297045 ; 0.014354 ; 0.00483213 ; 102.082;
28 ; 13 ; 19 ; -0.0193322 ; 0.0208388 ; 0.00329186 ; 101.928;
29 ; 13 ; 19 ; -0.0200925 ; -0.00217704 ; -0.00647381 ; 102.237;
30 ; 13 ; 19 ; -0.0106613 ; 0.0107216 ; -0.00152789 ; 102.041;
31 ; 13 ; 19 ; -0.00612405 ; 0.0166547 ; 0.0050318 ; 102.06;
32 ; 13 ; 19 ; -0.00475517 ; 0.00534677 ; -0.00674633 ; 102.526;
33 ; 13 ; 19 ; -0.00385524 ; -0.00442385 ; -0.00371943 ; 101.727;
4 ; 14 ; 19 ; 0.00447428 ; 0.00311459 ; -0.00735601 ; 102.501;
5 ; 14 ; 19 ; 0.00901812 ; 0.00765087 ; -0.00134674 ; 102.102;
6 ; 14 ; 19 ; 0.0162086 ; 0.0157238 ; 0.000272261 ; 102.35;
7 ; 14 ; 19 ; 0.016189 ; -0.0088438 ; -0.00166533 ; 102.405;
8 ; 14 ; 19 ; 0.027529 ; 0.001868 ; 0.00239728 ; 102.476;
9 ; 14 ; 19 ; 0.0308853 ; -0.00446697 ; -0.00996922 ; 101.717;
10 ; 14 ; 19 ; 0.0291591 ; 0.0147246 ; -0.00908081 ; 102.117;
11 ; 14 ; 19 ; 0.016464 ; 0.00458772 ; 0.000358851 ; 101.932;
12 ; 14 ; 19 ; 0.0161972 ; 0.0112237 ; 0.00619054 ; 101.516;
13 ; 14 ; 19 ; 0.0168477 ; 0.00207197 ; 0.00667223 ; 101.732;
14 ; 14 ; 19 ; 0.00761452 ; 0.0075284 ; -0.000483473 ; 101.494;
15 ; 14 ; 19 ; 0.00639039 ; 0.017982 ; -0.00945761 ; 101.877;
16 ; 14 ; 19 ; -0.00908358 ; -0.00563682 ; 0.00155844 ; 101.809;
17 ; 14 ; 19 ; 0.00555077 ; 0.0249339 ; -0.0137996 ; 101.645;
18 ; 14 ; 19 ; -0.019809 ; 0.00713493 ; 0.00527267 ; 101.434;
19 ; 14 ; 19 ; -0.000352146 ; 0.0181558 ; -0.00526012 ; 101.346;
20 ; 14 ; 19 ; -0.00812952 ; -0.00611395 ; -0.00556508 ; 101.664;
21 ; 14 ; 19 ; -0.00781716 ; -0.00142987 ; 0.000897686 ; 101.921;
22 ; 14 ; 19 ; -0.00150907 ; 0.0215781 ; -0.00550153 ; 102.011;
23 ; 14 ; 19 ; -0.00790391 ; 0.00527347 ; -0.0122331 ; 101.134;
24 ; 14 ; 19 ; -0.0104556 ; 0.00929656 ; 0.00570009 ; 101.81;
25 ; 14 ; 19 ; -0.0231016 ; 0.00508338 ; -0.000286242 ; 101.693;
26 ; 14 ; 19 ; -0.0142335 ; 0.0140936 ; -0.00662832 ; 101.995;
27 ; 14 ; 19 ; -0.0312866 ; 0.00160497 ; 0.00853596 ; 101.55;
28 ; 14 ; 19 ; -0.0309971 ; -0.0015102 ; 0.00528108 ; 102.068;
29 ; 14 ; 19 ; -0.0249231 ; 0.0185738 ; 0.00555884 ; 102.358;
30 ; 14 ; 19 ; -0.0171819 ; 0.0257792 ; 0.00382369 ; 102.206;
31 ; 14 ; 19 ; -0.0130992 ; 0.00932232 ; -0.00213214 ; 101.841;
32 ; 14 ; 19 ; -0.00842437 ; -0.000998839 ; -0.00893062 ; 102.445;
33 ; 14 ; 19 ; -0.00626699 ; -0.00813466 ; 0.00552925 ; 102.473;
4 ; 15 ; 19 ; 0.00310101 ; 0.017463 ; 0.0152337 ; 102.063;
5 ; 15 ; 19 ; 0.00356067 ; 0.0034814 ; -0.00513377 ; 102.052;
6 ; 15 ; 19 ; 0.0253823 ; -0.0024338 ; -0.00589881 ; 101.895;
7 ; 15 ; 19 ; 0.0271196 ; -0.0073966 ; 0.000145113 ; 102.346;
8 ; 15 ; 19 ; 0.0241389 ; 0.000915773 ; 0.00857803 ; 102.275;
9 ; 15 ; 19 ; 0.0302693 ; 0.0123349 ; 0.00580575 ; 102.143;
10 ; 15 ; 19 ; 0.0183706 ; 0.00310673 ; -0.00452542 ; 102.618;
11 ; 15 ; 19 ; 0.012851 ; 0.0146658 ; -0.00763377 ; 101.786;
12 ; 15 ; 19 ; 0.0164689 ; 0.0151798 ; -0.000436662 ; 101.607;
13 ; 15 ; 19 ; 0.0258167 ; 0.0113781 ; 0.00495894 ; 101.918;
14 ; 15 ; 19 ; 0.00112407 ; 0.0103287 ; -0.00683809 ; 101.661;
15 ; 15 ; 19 ; -0.0016282 ; -0.0014742 ; 0.00269191 ; 101.846;
16 ; 15 ; 19 ; 0.00618179 ; 0.0141038 ; 0.0124003 ; 101.742;
17 ; 15 ; 19 ; 0.00438702 ; 0.00217664 ; -0.0147998 ; 101.492;
18 ; 15 ; 19 ; -0.0177729 ; 0.0141864 ; 0.000282224 ; 101.712;
19 ; 15 ; 19 ; -0.0106633 ; 0.00642733 ; 0.00201668 ; 101.442;
20 ; 15 ; 19 ; -0.00875634 ; -0.00370662 ; 0.000195681 ; 102.176;
21 ; 15 ; 19 ; -0.0060991 ; 0.00713285 ; -0.0100486 ; 101.438;
22 ; 15 ; 19 ; -0.00517743 ; -0.000192445 ; -0.00864046 ; 101.989;
23 ; 15 ; 19 ; -0.0180448 ; 0.0112381 ; 0.00429449 ; 101.994;
24 ; 15 ; 19 ; -0.0128881 ; 0.00411933 ; -0.00133214 ; 101.703;
25 ; 15 ; 19 ; -0.0266993 ; 0.00711475 ; 0.00443218 ; 101.849;
26 ; 15 ; 19 ; -0.0161129 ; 0.00441594 ; 0.00392453 ; 102.096;
27 ; 15 ; 19 ; -0.0326041 ; 0.00230758 ; -0.000905106 ; 102.393;
28 ; 15 ; 19 ; -0.0302356 ; 0.00469836 ; -0.0151497 ; 101.993;
29 ; 15 ; 19 ; -0.0300837 ; 0.00251207 ; -0.00469757 ; 101.941;
30 ; 15 ; 19 ; -0.0318434 ; -0.0154522 ; 0.00281247 ; 102.152;
31 ; 15 ; 19 ; -0.0221044 ; 0.0107357 ; -0.00316634 ; 102.248;
32 ; 15 ; 19 ; -0.0193131 ; 0.0118284 ; 0.00134169 ; 102.08;
33 ; 15 ; 19 ; -0.0203759 ; 0.00294628 ; -0.00482787 ; 101.834;
4 ; 16 ; 19 ; 0.010538 ; -0.0013483 ; 0.00743129 ; 102.118;
5 ; 16 ; 19 ; 0.00837445 ; 0.00141552 ; -0.00377249 ; 102.517;
6 ; 16 ; 19 ; 0.024151 ; 0.00227752 ; -0.00230732 ; 102.135;
7 ; 16 ; 19 ; 0.0211653 ; 0.000121677 ; -0.000141861 ; 101.893;
8 ; 16 ; 19 ; 0.0279761 ; 0.00241784 ; -0.0066471 ; 102.166;
9 ; 16 ; 19 ; 0.0257511 ; 0.00482279 ; 0.00545953 ; 101.957;
10 ; 16 ; 19 ; 0.0362171 ; -0.00839624 ; -0.00166934 ; 102.077;
11 ; 16 ; 19 ; 0.0352849 ; 0.0125352 ; -0.00494711 ; 101.828;
12 ; 16 ; 19 ; 0.0234228 ; -0.000498328 ; -0.0169795 ; 101.914;
13 ; 16 ; 19 ; 0.0108345 ; 0.00605603 ; -0.00120891 ; 101.462;
14 ; 16 ; 19 ; 0.00140796 ; -0.00398711 ; -0.00973965 ; 101.669;
15 ; 16 ; 19 ; 0.00263615 ; 0.00233852 ; 0.00331016 ; 101.386;
16 ; 16 ; 19 ; -0.00455715 ; 0.00384643 ; -0.00271837 ; 101.854;
17 ; 16 ; 19 ; -0.00383818 ; 0.0116762 ; -0.00858962 ; 101.96;
18 ; 16 ; 19 ; -0.00849397 ; -0.0014297 ; 0.000794198 ; 101.465;
19 ; 16 ; 19 ; -0.0226617 ; -0.00244789 ; 0.00400114 ; 101.557;
20 ; 16 ; 19 ; 0.00289777 ; 0.00787207 ; -0.00422341 ; 101.722;
21 ; 16 ; 19 ; -0.00278287 ; 0.00269273 ; -0.0050587 ; 101.432;
22 ; 16 ; 19 ; 0.00472681 ; -0.00641985 ; -0.0102432 ; 101.455;
23 ; 16 ; 19 ; -0.00503677 ; 0.0153464 ; -0.0144938 ; 101.18;
24 ; 16 ; 19 ; -0.0154045 ; 0.00273348 ; -0.00372712 ; 102.127;
25 ; 16 ; 19 ; -0.0139331 ; 0.0114337 ; 0.00892324 ; 101.789;
26 ; 16 ; 19 ; -0.0132419 ; 0.000810234 ; -0.00108437 ; 101.945;
27 ; 16 ; 19 ; -0.0331942 ; -0.0062228 ; -0.005562 ; 102.398;
28 ; 16 ; 19 ; -0.0391289 ; 0.00412628 ; 0.00531091 ; 102.025;
29 ; 16 ; 19 ; -0.0331208 ; -0.0158805 ; 0.00980079 ; 101.907;
30 ; 16 ; 19 ; -0.0273181 ; 0.00405056 ; 0.000110304 ; 101.889;
31 ; 16 ; 19 ; -0.0230466 ; 0.0158571 ; -0.00383714 ; 101.592;
32 ; 16 ; 19 ; -0.0100927 ; -0.00572922 ; 0.00656406 ; 102.27;
33 ; 16 ; 19 ; -0.00629416 ; 0.00286694 ; -0.00644184 ; 102.297;
4 ; 17 ; 19 ; 0.0163896 ; -0.00759605 ; 0.00263772 ; 101.672;
5 ; 17 ; 19 ; 0.0217507 ; -0.00439664 ; 0.00861977 ; 101.754;
6 ; 17 ; 19 ; 0.0231091 ; -0.00125468 ; -0.0103773 ; 102.269;
7 ; 17 ; 19 ; 0.0235412 ; 0.00518608 ; -0.0085256 ; 102.127;
8 ; 17 ; 19 ; 0.0370606 ; -0.00602957 ; 0.0028254 ; 101.598;
9 ; 17 ; 19 ; 0.0306471 ; -0.00159658 ; -0.00682977 ; 102.438;
10 ; 17 ; 19 ; 0.0365453 ; -0.0122516 ; -0.00964424 ; 102.16;
11 ; 17 ; 19 ; 0.0283694 ; -0.0153833 ; 0.0057872 ; 101.804;
12 ; 17 ; 19 ; 0.0241394 ; -0.000778385 ; 0.00378867 ; 101.701;
13 ; 17 ; 19 ; 0.00947092 ; -0.00456319 ; -0.00505997 ; 101.807;
14 ; 17 ; 19 ; 0.00907313 ; -0.010322 ; -8.7258e-05 ; 101.625;
15 ; 17 ; 19 ; 0.0112721 ; 0.0011511 ; 0.00519302 ; 101.56;
16 ; 17 ; 19 ; -0.0015615 ; -0.00572745 ; 0.00126067 ; 101.548;
17 ; 17 ; 19 ; 0.0107008 ; -4.63852e-05 ; 0.00771294 ; 101.64;
18 ; 17 ; 19 ; -0.00375312 ; -8.34668e-05 ; 0.00401795 ; 101.304;
19 ; 17 ; 19 ; 0.00818307 ; 0.0137726 ; 0.0153173 ; 101.346;
20 ; 17 ; 19 ; 0.00787144 ; -0.00738217 ; 0.00224984 ; 101.977;
21 ; 17 ; 19 ; -0.000763756 ; -0.0123412 ; -0.00145386 ; 101.757;
22 ; 17 ; 19 ; 0.00113905 ; -0.0122268 ; 0.0213048 ; 101.816;
23 ; 17 ; 19 ; 0.00706925 ; 0.00761478 ; -7.966e-05 ; 101.767;
24 ; 17 ; 19 ; -0.00730995 ; -0.00378825 ; -0.00105904 ; 102.018;
25 ; 17 ; 19 ; -0.0185254 ; -0.00746767 ; 0.000242712 ; 101.521;
26 ; 17 ; 19 ; -0.0285392 ; 0.0105686 ; 0.0056891 ; 101.763;
27 ; 17 ; 19 ; -0.0295311 ; -0.00389559 ; -0.00383709 ; 102.055;
28 ; 17 ; 19 ; -0.0316234 ; 0.00364505 ; -0.00245469 ; 102.123;
29 ; 17 ; 19 ; -0.0263709 ; 0.000954884 ; -0.00443164 ; 101.941;
30 ; 17 ; 19 ; -0.0342845 ; 0.0048887 ; -0.00829327 ; 102.006;
31 ; 17 ; 19 ; -0.0253371 ; 0.0103439 ; 0.0128802 ; 101.924;
32 ; 17 ; 19 ; -0.00423088 ; 0.00266084 ; -0.0101942 ; 102.421;
33 ; 17 ; 19 ; -0.0143377 ; 0.00706225 ; -0.00775648 ; 101.725;
4 ; 18 ; 19 ; 0.0172732 ; -0.00275574 ; 0.0043822 ; 102.158;
5 ; 18 ; 19 ; 0.0128168 ; -0.0102768 ; 0.00171112 ; 101.861;
6 ; 18 ; 19 ; 0.0315516 ; -0.000758082 ; 0.00433151 ; 101.855;
7 ; 18 ; 19 ; 0.0233712 ; -0.00339372 ; -0.000415843 ; 102.227;
8 ; 18 ; 19 ; 0.0143059 ; 0.00165111 ; -0.00272172 ; 101.758;
9 ; 18 ; 19 ; 0.0243183 ; -0.00498055 ; -0.00110807 ; 101.739;
10 ; 18 ; 19 ; 0.0309564 ; 5.6465e-05 ; 0.00155086 ; 102.272;
11 ; 18 ; 19 ; 0.0291858 ; -0.00887031 ; -0.00585053 ; 101.991;
12 ; 18 ; 19 ; 0.0293585 ; 0.00365277 ; -0.00161122 ; 101.74;
13 ; 18 ; 19 ; -0.00727004 ; 0.00125895 ; -0.0260482 ; 102.121;
14 ; 18 ; 19 ; 0.00956402 ; 0.00287103 ; -0.0134776 ; 101.445;
15 ; 18 ; 19 ; 0.00984026 ; 0.0108872 ; -0.0106651 ; 101.601;
16 ; 18 ; 19 ; 0.0186168 ; -0.00139165 ; -0.0045655 ; 101.828;
17 ; 18 ; 19 ; -0.00472179 ; 0.00510063 ; -0.00489784 ; 101.218;
18 ; 18 ; 19 ; -0.0079141 ; -0.00537723 ; -0.00753409 ; 101.935;
19 ; 18 ; 19 ; 0.00863757 ; 0.00483397 ; -0.0127293 ; 101.778;
20 ; 18 ; 19 ; 0.00382825 ; -0.00967696 ; -0.00510541 ; 101.453;
21 ; 18 ; 19 ; -0.00156778 ; 0.00292741 ; 0.0128661 ; 102;
22 ; 18 ; 19 ; -0.0079559 ; 0.0116629 ; 0.00135437 ; 101.476;
23 ; 18 ; 19 ; -0.0189487 ; -0.00121268 ; -0.0112117 ; 102.03;
24 ; 18 ; 19 ; -0.0164194 ; 0.00664277 ; -0.00609232 ; 101.257;
25 ; 18 ; 19 ; -0.00943002 ; 0.0126435 ; -0.00395914 ; 101.657;
26 ; 18 ; 19 ; -0.0114189 ; -0.00508915 ; 0.0111817 ; 101.697;
27 ; 18 ; 19 ; -0.020983 ; 0.00412441 ; -0.00472129 ; 101.767;
28 ; 18 ; 19 ; -0.0332043 ; 0.00233943 ; 0.00757234 ; 102.213;
29 ; 18 ; 19 ; -0.0208812 ; 0.00590156 ; -0.00663587 ; 101.517;
30 ; 18 ; 19 ; -0.0241859 ; -0.00252442 ; -0.00764637 ; 102.063;
31 ; 18 ; 19 ; -0.0182716 ; 5.68216e-05 ; 0.0166501 ; 101.893;
32 ; 18 ; 19 ; -0.00610843 ; 0.00444035 ; 0.000334451 ; 102.006;
33 ; 18 ; 19 ; -0.00951395 ; 0.00373854 ; -0.00301738 ; 102.185;
4 ; 19 ; 19 ; 0.0207511 ; 0.0151721 ; 0.00357965 ; 101.981;
5 ; 19 ; 19 ; 0.0103351 ; -0.00923029 ; -0.0126513 ; 102.077;
6 ; 19 ; 19 ; 0.0188907 ; -0.00427662 ; -0.00584251 ; 101.954;
7 ; 19 ; 19 ; 0.0363567 ; 0.00482121 ; 0.000201897 ; 102.188;
8 ; 19 ; 19 ; 0.0240768 ; 0.00187612 ; 0.00682181 ; 101.629;
9 ; 19 ; 19 ; 0.0404528 ; 0.00123054 ; -0.0225657 ; 101.761;
10 ; 19 ; 19 ; 0.0232601 ; 0.00212887 ; -0.00491995 ; 102.129;
11 ; 19 ; 19 ; 0.0204665 ; -0.00732248 ; 0.00443579 ; 102.019;
12 ; 19 ; 19 ; 0.00814904 ; -0.00528996 ; -0.0011045 ; 101.812;
13 ; 19 ; 19 ; 0.0124715 ; -0.00757022 ; 0.0033221 ; 101.704;
14 ; 19 ; 19 ; 0.010559 ; 0.0017388 ; 0.00183169 ; 101.442;
15 ; 19 ; 19 ; -0.00399769 ; 0.00405592 ; 0.00301662 ; 101.416;
16 ; 19 ; 19 ; 0.00858823 ; -0.00640646 ; 0.00727904 ; 101.666;
17 ; 19 ; 19 ; -0.0107293 ; 0.000694203 ; -0.00127308 ; 101.5;
18 ; 19 ; 19 ; -0.00432034 ; -0.000640139 ; 0.00170526 ; 101.122;
19 ; 19 ; 19 ; -0.00476822 ; 0.00820522 ; -0.000310226 ; 101.325;
20 ; 19 ; 19 ; -0.00200029 ; -0.0121912 ; 0.00240169 ; 101.409;
21 ; 19 ; 19 ; 0.0003547 ; 0.00171876 ; -0.00575639 ; 101.529;
22 ; 19 ; 19 ; 0.00222954 ; -0.0117723 ; -0.000825841 ; 101.491;
23 ; 19 ; 19 ; -0.00229899 ; -0.00709586 ; -0.00105608 ; 101.833;
24 ; 19 ; 19 ; -0.000240103 ; -0.00477178 ; -0.00490248 ; 102.025;
25 ; 19 ; 19 ; -0.0215651 ; 0.0101406 ; 0.00712092 ; 101.837;
26 ; 19 ; 19 ; -0.0299024 ; -0.0109193 ; 0.0136572 ; 101.862;
27 ; 19 ; 19 ; -0.0216066 ; 0.0106837 ; -0.0064665 ; 102.221;
28 ; 19 ; 19 ; -0.0319225 ; -0.00691519 ; -0.00259179 ; 101.808;
29 ; 19 ; 19 ; -0.0285843 ; 0.0039421 ; -0.00706992 ; 101.828;
30 ; 19 ; 19 ; -0.0267967 ; 0.00444419 ; 0.00826949 ; 102.056;
31 ; 19 ; 19 ; -0.027225 ; 0.013436 ; -0.00285487 ; 101.705;
32 ; 19 ; 19 ; -0.0216227 ; 0.00368414 ; 0.00623678 ; 102.382;
33 ; 19 ; 19 ; -1.0953e-05 ; -0.00141308 ; 0.00416588 ; 101.782;
4 ; 20 ; 19 ; 0.00717121 ; 0.00803172 ; -0.00291914 ; 101.942;
5 ; 20 ; 19 ; 0.0119039 ; 0.000199338 ; 0.00124131 ; 101.573;
6 ; 20 ; 19 ; 0.00829072 ; -0.00505736 ; 3.30889e-05 ; 102.212;
7 ; 20 ; 19 ; 0.0296076 ; -0.00735037 ; -0.0126747 ; 102.122;
8 ; 20 ; 19 ; 0.0257347 ; 0.00676676 ; -0.0117884 ; 102.695;
9 ; 20 ; 19 ; 0.0259798 ; -0.00261633 ; -0.0101075 ; 101.806;
10 ; 20 ; 19 ; 0.0260366 ; -0.00413276 ; 0.00628552 ; 102.162;
11 ; 20 ; 19 ; 0.0105943 ; -0.000227484 ; 0.00709226 ; 101.529;
12 ; 20 ; 19 ; 0.0270888 ; -0.0062048 ; -0.00616639 ; 101.89;
13 ; 20 ; 19 ; 0.010994 ; -0.00571353 ; 0.00239844 ; 102.325;
14 ; 20 ; 19 ; 0.0170336 ; -0.00815619 ; -0.00859796 ; 101.666;
15 ; 20 ; 19 ; 0.00365304 ; -0.00715505 ; 0.0122209 ; 101.69;
16 ; 20 ; 19 ; 0.00125661 ; -0.000692969 ; -0.000275013 ; 101.652;
17 ; 20 ; 19 ; -0.00909022 ; -0.00795183 ; 0.00807403 ; 102.132;
18 ; 20 ; 19 ; 0.0118702 ; -0.000381299 ; -0.001948 ; 101.347;
19 ; 20 ; 19 ; 0.0154632 ; 0.00338083 ; -0.00724597 ; 101.368;
20 ; 20 ; 19 ; 0.00400838 ; 0.00343985 ; -0.00999739 ; 101.581;
21 ; 20 ; 19 ; 0.000810396 ; -0.0011986 ; -0.0148091 ; 102.035;
22 ; 20 ; 19 ; -0.0148068 ; -0.0028809 ; -0.0120613 ; 101.45;
23 ; 20 ; 19 ; -0.0137138 ; 0.00402945 ; -0.00172856 ; 101.567;
24 ; 20 ; 19 ; -0.0135193 ; 0.00709105 ; 0.000982917 ; 101.826;
25 ; 20 ; 19 ; -0.0149873 ; 0.0129102 ; -0.0020879 ; 102.121;
26 ; 20 ; 19 ; -0.0129909 ; -0.00211589 ; 0.00398645 ; 101.454;
27 ; 20 ; 19 ; -0.0196122 ; 0.00429702 ; -0.00254795 ; 102.063;
28 ; 20 ; 19 ; -0.0287139 ; 0.00581626 ; -0.00520364 ; 101.678;
29 ; 20 ; 19 ; -0.0361867 ; -7.15432e-06 ; -0.0209478 ; 101.963;
30 ; 20 ; 19 ; -0.0216596 ; -0.00487192 ; -0.00660645 ; 102.037;
31 ; 20 ; 19 ; -0.0113882 ; 0.00371667 ; 0.00417854 ; 102.036;
32 ; 20 ; 19 ; -0.0132564 ; -0.00768732 ; -0.00500353 ; 101.88;
33 ; 20 ; 19 ; -0.00366549 ; -0.00312596 ; -0.00151885 ; 102.153;
4 ; 21 ; 19 ; 0.0158656 ; -0.00586087 ; 0.00208478 ; 101.649;
5 ; 21 ; 19 ; 0.0172344 ; -0.00575986 ; 0.00472707 ; 102.019;
6 ; 21 ; 19 ; 0.0247322 ; 0.00228648 ; 0.000114115 ; 101.784;
7 ; 21 ; 19 ; 0.0182463 ; 0.000583812 ; 0.0126452 ; 101.562;
8 ; 21 ; 19 ; 0.0237373 ; 0.00394931 ; 0.00408146 ; 102.03;
9 ; 21 ; 19 ; 0.0237622 ; -0.000760763 ; -0.0116203 ; 102.149;
10 ; 21 ; 19 ; 0.0258949 ; -0.0112254 ; 0.00102903 ; 101.952;
11 ; 21 ; 19 ; 0.00972576 ; -0.00668013 ; 0.00217798 ; 101.704;
12 ; 21 ; 19 ; 0.0264856 ; -0.00441029 ; 0.00777205 ; 101.877;
13 ; 21 ; 19 ; 0.0169139 ; 0.00349072 ; -0.00149996 ; 101.527;
14 ; 21 ; 19 ; 0.00333199 ; 0.00367899 ; 0.014703 ; 101.589;
15 ; 21 ; 19 ; 0.00861163 ; -0.00784071 ; -0.00986396 ; 101.295;
16 ; 21 ; 19 ; -0.000248073 ; -0.000672621 ; 0.00163122 ; 101.413;
17 ; 21 ; 19 ; -0.00452349 ; -0.00522558 ; 0.00271871 ; 101.782;
18 ; 21 ; 19 ; 0.00794841 ; -0.00028181 ; -0.00233826 ; 101.432;
19 ; 21 ; 19 ; 0.00390418 ; -0.00468911 ; -0.011424 ; 101.596;
20 ; 21 ; 19 ; -0.00521591 ; 0.00826827 ; -0.00560741 ; 101.488;
21 ; 21 ; 19 ; 0.0143624 ; -0.00342942 ; 0.00261792 ; 101.64;
22 ; 21 ; 19 ; -0.00443953 ; -0.0214318 ; -0.00458438 ; 101.844;
23 ; 21 ; 19 ; -0.00446455 ; -0.0148487 ; -0.00530978 ; 101.668;
24 ; 21 ; 19 ; -0.0252149 ; 0.0151128 ; -0.0019489 ; 101.458;
25 ; 21 ; 19 ; -0.00755347 ; 0.00727272 ; 0.00366353 ; 101.641;
26 ; 21 ; 19 ; -0.0186677 ; -0.0175088 ; 0.00852293 ; 101.917;
27 ; 21 ; 19 ; -0.0288986 ; 0.00146313 ; -0.0135207 ; 101.902;
28 ; 21 ; 19 ; -0.0162072 ; 0.0038896 ; 0.0123186 ; 102.799;
29 ; 21 ; 19 ; -0.028694 ; -0.00592868 ; 0.00257305 ; 102.454;
30 ; 21 ; 19 ; -0.0274043 ; 0.00924325 ; -0.00663685 ; 101.686;
31 ; 21 ; 19 ; -0.0236264 ; -0.00161062 ; -0.013296 ; 101.663;
32 ; 21 ; 19 ; -0.0181624 ; 0.00293589 ; -0.00261411 ; 101.474;
33 ; 21 ; 19 ; -0.014546 ; -0.000842344 ; 0.0105469 ; 101.824;
4 ; 22 ; 19 ; -0.000482271 ; -0.000573692 ; 0.00461902 ; 102.384;
5 ; 22 ; 19 ; 0.0056461 ; -0.00250989 ; -0.00281717 ; 101.901;
6 ; 22 ; 19 ; 0.030142 ; 0.00597574 ; -0.000542204 ; 101.849;
7 ; 22 ; 19 ; 0.026461 ; -0.000794799 ; 0.014991 ; 101.933;
8 ; 22 ; 19 ; 0.0295616 ; 0.0107035 ; 0.00380886 ; 102.6;
9 ; 22 ; 19 ; 0.0237016 ; 0.00048352 ; -0.00126332 ; 101.974;
10 ; 22 ; 19 ; 0.0307891 ; 0.00578869 ; -0.00765703 ; 102.297;
11 ; 22 ; 19 ; 0.0347378 ; 0.00189173 ; 0.00431691 ; 102.028;
12 ; 22 ; 19 ; 0.0354619 ; -0.0123403 ; 0.0120355 ; 102.166;
13 ; 22 ; 19 ; 0.0219068 ; -0.0129662 ; -0.00287489 ; 101.605;
14 ; 22 ; 19 ; 0.00393914 ; -0.00560533 ; -0.00226723 ; 102.009;
15 ; 22 ; 19 ; 0.00572183 ; 0.000444944 ; -0.00197963 ; 101.779;
16 ; 22 ; 19 ; 0.0121551 ; 0.00545208 ; -0.00449603 ; 101.501;
17 ; 22 ; 19 ; -0.00708954 ; -0.00747543 ; 0.0053394 ; 101.748;
18 ; 22 ; 19 ; -0.000546435 ; -0.00934553 ; 0.00316541 ; 101.491;
19 ; 22 ; 19 ; 0.0188312 ; -0.00343055 ; -0.00242779 ; 101.62;
20 ; 22 ; 19 ; 0.00547905 ; -0.0098195 ; -0.0119346 ; 101.608;
21 ; 22 ; 19 ; 0.0101159 ; -0.00197151 ; -0.00524744 ; 101.562;
22 ; 22 ; 19 ; -0.0079937 ; -0.0160012 ; -0.0142578 ; 101.915;
23 ; 22 ; 19 ; -0.0126678 ; -0.00752241 ; 0.00559646 ; 101.682;
24 ; 22 ; 19 ; -0.0132316 ; -0.0151319 ; -0.0080602 ; 101.446;
25 ; 22 ; 19 ; -0.00866411 ; -0.0108052 ; -0.00547347 ; 101.973;
26 ; 22 ; 19 ; -0.0307949 ; -0.00648842 ; -0.00719877 ; 101.954;
27 ; 22 ; 19 ; -0.0306506 ; 0.00133105 ; -0.00507013 ; 102.066;
28 ; 22 ; 19 ; -0.0343873 ; 0.00466649 ; -0.00345141 ; 101.735;
29 ; 22 ; 19 ; -0.0243014 ; 0.00427381 ; 0.00504444 ; 102.409;
30 ; 22 ; 19 ; -0.01791 ; 0.00305274 ; -0.00679029 ; 101.882;
31 ; 22 ; 19 ; -0.0191892 ; 0.00941012 ; -0.00426271 ; 101.698;
32 ; 22 ; 19 ; -0.0189771 ; 0.00633036 ; -0.00520935 ; 102.196;
33 ; 22 ; 19 ; 0.0107231 ; 0.0261191 ; 0.0125534 ; 102.433;
4 ; 23 ; 19 ; 0.00132311 ; 0.0100703 ; -0.00117851 ; 102.055;
5 ; 23 ; 19 ; 0.0148072 ; -0.0179489 ; 0.00141637 ; 101.859;
6 ; 23 ; 19 ; 0.0212887 ; 0.00328481 ; 0.00800039 ; 102.119;
7 ; 23 ; 19 ; 0.0270828 ; -0.00489923 ; 0.00479929 ; 102.256;
8 ; 23 ; 19 ; 0.0289688 ; -0.000827613 ; -0.00343381 ; 102.191;
9 ; 23 ; 19 ; 0.0305406 ; -0.00709724 ; -0.00259503 ; 101.81;
10 ; 23 ; 19 ; 0.0286166 ; 0.000248722 ; 0.000300815 ; 102.041;
11 ; 23 ; 19 ; 0.0280554 ; -0.00952235 ; 0.000861666 ; 102.373;
12 ; 23 ; 19 ; 0.00508221 ; -0.0158408 ; 0.00804446 ; 101.56;
13 ; 23 ; 19 ; 0.0225038 ; -0.0126645 ; -0.00143038 ; 101.759;
14 ; 23 ; 19 ; 0.0146505 ; 0.000186148 ; 0.00512236 ; 101.621;
15 ; 23 ; 19 ; -0.00837524 ; -0.00817959 ; -0.00315875 ; 101.456;
16 ; 23 ; 19 ; 0.0146021 ; -0.00690545 ; 0.00499614 ; 101.739;
17 ; 23 ; 19 ; 0.00877897 ; -0.0116318 ; 0.0011202 ; 101.781;
18 ; 23 ; 19 ; -0.00425226 ; -0.0251173 ; 0.0077936 ; 101.491;
19 ; 23 ; 19 ; 0.00575733 ; -0.0143621 ; -0.0134991 ; 101.337;
20 ; 23 ; 19 ; -0.00496616 ; -0.000947576 ; -0.0100961 ; 101.471;
21 ; 23 ; 19 ; -0.00116426 ; -0.0180213 ; 0.00603669 ; 101.86;
22 ; 23 ; 19 ; -0.0116574 ; -0.00215782 ; -0.000526066 ; 101.737;
23 ; 23 ; 19 ; -0.00455007 ; -0.00505816 ; -0.00818941 ; 102.22;
24 ; 23 ; 19 ; -0.0129017 ; -0.0188051 ; 0.000410151 ; 102.098;
25 ; 23 ; 19 ; -0.0193076 ; -0.0192858 ; -0.00718484 ; 101.679;
26 ; 23 ; 19 ; -0.0218258 ; -0.000947903 ; -0.00268135 ; 101.716;
27 ; 23 ; 19 ; -0.0277938 ; 0.00434118 ; 0.0122076 ; 102.302;
28 ; 23 ; 19 ; -0.0281406 ; 0.010283 ; 0.00462514 ; 101.843;
29 ; 23 ; 19 ; -0.00505833 ; -0.00391745 ; 0.00635174 ; 101.832;
30 ; 23 ; 19 ; -0.0169013 ; -0.00368499 ; 0.00241876 ; 101.932;
31 ; 23 ; 19 ; -0.0289226 ; -0.00342457 ; -0.00234082 ; 102.009;
32 ; 23 ; 19 ; -0.0351779 ; -0.0193856 ; -0.0070628 ; 102.124;
33 ; 23 ; 19 ; 0.00103248 ; 0.0151694 ; 0.0022677 ; 102.365;
4 ; 24 ; 19 ; 0.00363825 ; 0.00803999 ; -0.0132775 ; 102.304;
5 ; 24 ; 19 ; 0.0239194 ; 0.00228766 ; 3.09121e-05 ; 102.544;
6 ; 24 ; 19 ; 0.0126235 ; -0.0217235 ; -0.0068318 ; 101.658;
7 ; 24 ; 19 ; 0.0190636 ; -0.0170826 ; -0.00535652 ; 102.411;
8 ; 24 ; 19 ; 0.0308193 ; -0.0059268 ; 0.000340471 ; 102.072;
9 ; 24 ; 19 ; 0.0277664 ; -0.0169343 ; -0.0164455 ; 101.951;
10 ; 24 ; 19 ; 0.0144448 ; -0.00652154 ; 0.00401447 ; 102.468;
11 ; 24 ; 19 ; 0.0141379 ; -0.0152038 ; -0.00575445 ; 101.942;
12 ; 24 ; 19 ; 0.0208104 ; -0.00620273 ; 0.000756068 ; 101.965;
13 ; 24 ; 19 ; 0.00818144 ; -0.014272 ; -0.00797569 ; 101.727;
14 ; 24 ; 19 ; -0.0146395 ; -0.0125056 ; -0.00986327 ; 102.325;
15 ; 24 ; 19 ; -0.000118405 ; -0.0116345 ; -0.00414044 ; 101.569;
16 ; 24 ; 19 ; 0.0145267 ; -0.0109487 ; -0.0107626 ; 101.761;
17 ; 24 ; 19 ; -0.00289052 ; -0.0109593 ; -0.00784721 ; 101.814;
18 ; 24 ; 19 ; -0.0112718 ; -0.0197572 ; -0.00416176 ; 101.71;
19 ; 24 ; 19 ; -0.0073439 ; -0.00558827 ; -0.00767025 ; 101.557;
20 ; 24 ; 19 ; -0.00793611 ; -0.00645789 ; 0.00453016 ; 102.164;
21 ; 24 ; 19 ; -0.00684946 ; -0.0174563 ; -0.00724253 ; 101.896;
22 ; 24 ; 19 ; -0.0199718 ; -0.0113405 ; 0.0011084 ; 101.744;
23 ; 24 ; 19 ; 0.000281526 ; -0.0197233 ; -0.00177878 ; 101.911;
24 ; 24 ; 19 ; -0.0172967 ; -0.0272006 ; 0.00509788 ; 102.417;
25 ; 24 ; 19 ; -0.0287262 ; -0.0175078 ; 0.0162182 ; 101.735;
26 ; 24 ; 19 ; -0.011599 ; -0.0179561 ; -0.000603322 ; 102.261;
27 ; 24 ; 19 ; -0.0161116 ; -0.00541414 ; 0.0054403 ; 102.048;
28 ; 24 ; 19 ; -0.0312834 ; -0.00927475 ; -0.000635359 ; 103.007;
29 ; 24 ; 19 ; -0.0191028 ; -0.0117928 ; 0.00433035 ; 102.407;
30 ; 24 ; 19 ; -0.0190266 ; -0.00830352 ; 0.00451544 ; 101.847;
31 ; 24 ; 19 ; -0.0131296 ; -0.011006 ; -0.00100899 ; 102.307;
32 ; 24 ; 19 ; -0.024757 ; -0.020112 ; -0.00552918 ; 102.094;
33 ; 24 ; 19 ; -0.00185014 ; 0.00350792 ; -0.00268587 ; 102.017;
4 ; 25 ; 19 ; 0.0228975 ; -0.00653675 ; -0.00304895 ; 102.155;
5 ; 25 ; 19 ; 0.0148142 ; -0.00397048 ; -0.00381449 ; 102.225;
6 ; 25 ; 19 ; 0.0135658 ; -0.00345947 ; 0.00791335 ; 102.514;
7 ; 25 ; 19 ; 0.0315442 ; -0.00691513 ; -0.00553269 ; 102.865;
8 ; 25 ; 19 ; 0.0283614 ; -0.00188095 ; 0.00459774 ; 102.016;
9 ; 25 ; 19 ; 0.0288574 ; 0.0025052 ; -0.00480624 ; 102.463;
10 ; 25 ; 19 ; 0.0145765 ; -0.0256803 ; 0.0063665 ; 102.143;
11 ; 25 ; 19 ; 0.019183 ; -0.0115347 ; 0.00579675 ; 102.2;
12 ; 25 ; 19 ; 0.0105565 ; -0.0117266 ; -0.00454707 ; 101.919;
13 ; 25 ; 19 ; 0.00781113 ; -0.0102803 ; 0.00230497 ; 101.71;
14 ; 25 ; 19 ; 0.0160218 ; -0.0129931 ; 0.00713759 ; 102.251;
15 ; 25 ; 19 ; -0.00537536 ; -0.0200001 ; -0.00293952 ; 101.865;
16 ; 25 ; 19 ; -0.000472423 ; -0.0171651 ; -0.00889919 ; 101.947;
17 ; 25 ; 19 ; 0.000876872 ; -0.015791 ; -0.0125346 ; 101.888;
18 ; 25 ; 19 ; 0.000701795 ; -0.0260105 ; -0.00772698 ; 101.748;
19 ; 25 ; 19 ; -0.00106319 ; -0.00646712 ; 0.00203682 ; 101.41;
20 ; 25 ; 19 ; -0.00420139 ; -0.0213296 ; 0.00178521 ; 101.984;
21 ; 25 ; 19 ; -0.00248143 ; -0.0160253 ; -0.00641086 ; 101.84;
22 ; 25 ; 19 ; -0.0130859 ; -0.0253156 ; -0.00385664 ; 101.471;
23 ; 25 ; 19 ; -0.00108261 ; -0.00934991 ; -0.00493401 ; 101.989;
24 ; 25 ; 19 ; -4.61614e-06 ; -0.0194114 ; 0.00162311 ; 101.952;
25 ; 25 ; 19 ; -0.0272955 ; -0.0202598 ; 0.00567711 ; 102.424;
26 ; 25 ; 19 ; -0.0276245 ; -0.0268538 ; 0.00199408 ; 102.291;
27 ; 25 ; 19 ; -0.0229064 ; -0.00969349 ; -0.00616279 ; 102.194;
28 ; 25 ; 19 ; -0.00996841 ; -0.0124477 ; -0.0105247 ; 102.498;
29 ; 25 ; 19 ; -0.0233515 ; -0.00831941 ; 0.00194288 ; 102.572;
30 ; 25 ; 19 ; -0.0360308 ; -0.00713109 ; 0.00590801 ; 101.694;
31 ; 25 ; 19 ; -0.0189842 ; -0.0116016 ; 0.000542028 ; 101.943;
32 ; 25 ; 19 ; -0.0336102 ; -0.0211533 ; -0.00113595 ; 102.566;
33 ; 25 ; 19 ; -0.0109177 ; -0.0231974 ; 0.000709175 ; 101.945;
4 ; 26 ; 19 ; 0.0168662 ; -0.0265975 ; -0.0101738 ; 103.071;
5 ; 26 ; 19 ; 0.0192583 ; 0.00223424 ; 0.00571842 ; 102.571;
6 ; 26 ; 19 ; 0.0125987 ; -0.0141695 ; 0.0108794 ; 102.44;
7 ; 26 ; 19 ; 0.0220143 ; -0.0112751 ; -0.00544641 ; 102.619;
8 ; 26 ; 19 ; 0.0132151 ; -0.00400004 ; -0.00751391 ; 102.59;
9 ; 26 ; 19 ; 0.0183372 ; -0.00974872 ; 0.00171556 ; 102.142;
10 ; 26 ; 19 ; 0.0301132 ; -0.0246248 ; 0.00578915 ; 102.095;
11 ; 26 ; 19 ; 0.0220398 ; -0.0169861 ; 0.00406751 ; 102.101;
12 ; 26 ; 19 ; 0.00958705 ; -0.0209863 ; 0.00566473 ; 102.217;
13 ; 26 ; 19 ; 0.0121297 ; -0.0228874 ; -0.00758244 ; 102.04;
14 ; 26 ; 19 ; -0.000217915 ; -0.0138666 ; 0.00653326 ; 102.274;
15 ; 26 ; 19 ; -0.00272918 ; -0.025462 ; 0.0024616 ; 102.071;
16 ; 26 ; 19 ; 0.00238019 ; -0.0249163 ; 0.00266808 ; 101.486;
17 ; 26 ; 19 ; -0.0052751 ; -0.0209818 ; 0.00146818 ; 101.735;
18 ; 26 ; 19 ; 0.00876451 ; -0.0373277 ; 0.00216839 ; 101.691;
19 ; 26 ; 19 ; -0.00345334 ; -0.0157778 ; 0.0159889 ; 101.777;
20 ; 26 ; 19 ; -0.00100167 ; -0.0323493 ; 0.0023076 ; 101.757;
21 ; 26 ; 19 ; 0.0150028 ; -0.0188353 ; 0.00622388 ; 102.119;
22 ; 26 ; 19 ; -0.00247315 ; -0.0201857 ; -0.00546517 ; 101.469;
23 ; 26 ; 19 ; -0.00291545 ; -0.00580153 ; -0.00567496 ; 101.986;
24 ; 26 ; 19 ; -0.0136164 ; -0.0145027 ; -0.0138588 ; 102.152;
25 ; 26 ; 19 ; -0.024028 ; -0.0230546 ; 0.00198665 ; 102.059;
26 ; 26 ; 19 ; -0.0254935 ; -0.0247683 ; 0.00800167 ; 101.98;
27 ; 26 ; 19 ; -0.0300284 ; -0.0139678 ; -0.00302522 ; 102.538;
28 ; 26 ; 19 ; -0.00971675 ; -0.0280247 ; -0.0111222 ; 102.424;
29 ; 26 ; 19 ; -0.0240791 ; -0.00991843 ; -0.0066168 ; 102.502;
30 ; 26 ; 19 ; -0.0203635 ; -0.0126297 ; 0.00354665 ; 102.382;
31 ; 26 ; 19 ; -0.0065351 ; -0.0114192 ; -0.000288542 ; 102.453;
32 ; 26 ; 19 ; -0.0256148 ; -0.013344 ; 0.0149782 ; 102.591;
33 ; 26 ; 19 ; -0.00892743 ; -0.00979842 ; 0.00520186 ; 102.133;
4 ; 27 ; 19 ; 0.00378077 ; -0.0144426 ; -0.0176608 ; 102.268;
5 ; 27 ; 19 ; 0.00298249 ; -0.012368 ; 0.00108358 ; 102.488;
6 ; 27 ; 19 ; 0.00980739 ; -0.0149444 ; -0.000494684 ; 102.325;
7 ; 27 ; 19 ; 0.00796155 ; -0.0125116 ; 0.00939531 ; 102.634;
8 ; 27 ; 19 ; 0.0231566 ; -0.0217065 ; -0.00947187 ; 102.306;
9 ; 27 ; 19 ; 0.0263665 ; -0.0303023 ; 0.00985697 ; 102.925;
10 ; 27 ; 19 ; 0.043477 ; -0.0176487 ; 0.00464455 ; 102.266;
11 ; 27 ; 19 ; 0.0233387 ; -0.0176311 ; -0.00825121 ; 102.02;
12 ; 27 ; 19 ; 0.0130007 ; -0.0134926 ; -0.00317466 ; 102.249;
13 ; 27 ; 19 ; 0.0111516 ; -0.00512657 ; -0.00149048 ; 102.241;
14 ; 27 ; 19 ; 0.00478324 ; -0.0290798 ; -0.0160057 ; 101.883;
15 ; 27 ; 19 ; -0.0107931 ; -0.0366748 ; -0.00446789 ; 102.008;
16 ; 27 ; 19 ; 0.00213952 ; -0.0297872 ; 0.00569874 ; 101.504;
17 ; 27 ; 19 ; -0.0120219 ; -0.0212592 ; 0.00740845 ; 102.346;
18 ; 27 ; 19 ; 0.000799693 ; -0.0284315 ; -0.0061665 ; 101.629;
19 ; 27 ; 19 ; -0.00159534 ; -0.0190308 ; 0.00900872 ; 101.844;
20 ; 27 ; 19 ; -0.00631834 ; -0.0233868 ; -0.00726779 ; 102.104;
21 ; 27 ; 19 ; 0.00463682 ; -0.0316489 ; 0.00472583 ; 101.982;
22 ; 27 ; 19 ; -0.00253039 ; -0.0235472 ; -0.00613858 ; 101.82;
23 ; 27 ; 19 ; -0.00943451 ; -0.0226017 ; 0.00299169 ; 102.154;
24 ; 27 ; 19 ; -0.0192129 ; -0.0131579 ; -0.00132929 ; 101.805;
25 ; 27 ; 19 ; -0.0106415 ; -0.0300701 ; -0.00508344 ; 102.217;
26 ; 27 ; 19 ; -0.00496161 ; -0.0377618 ; -0.00533471 ; 102.099;
27 ; 27 ; 19 ; -0.0246141 ; -0.0238115 ; -0.00979719 ; 102.302;
28 ; 27 ; 19 ; -0.0246383 ; -0.0191648 ; 0.000504109 ; 102.35;
29 ; 27 ; 19 ; -0.0324297 ; -0.0168989 ; -0.00187609 ; 102.306;
30 ; 27 ; 19 ; -0.0133564 ; -0.0254093 ; 0.0032126 ; 102.445;
31 ; 27 ; 19 ; -0.00656166 ; -0.0286534 ; -0.00374035 ; 102.694;
32 ; 27 ; 19 ; -0.00826517 ; -0.0186717 ; -0.00191754 ; 102.218;
33 ; 27 ; 19 ; -0.00327986 ; -0.0129798 ; 0.0133306 ; 102.413;
4 ; 28 ; 19 ; 0.00549827 ; -0.0114748 ; -0.00909584 ; 102.324;
5 ; 28 ; 19 ; 0.0123692 ; -0.0222951 ; 0.00404028 ; 102.539;
6 ; 28 ; 19 ; 0.0127074 ; -0.0187117 ; -0.0186498 ; 102.702;
7 ; 28 ; 19 ; 0.0159937 ; -0.0105319 ; -0.0151252 ; 102.282;
8 ; 28 ; 19 ; 0.0368832 ; -0.0265288 ; -0.0107187 ; 102.395;
9 ; 28 ; 19 ; 0.0293027 ; -0.0135392 ; -0.00649407 ; 102.622;
10 ; 28 ; 19 ; 0.0263456 ; -0.0258667 ; -0.00888807 ; 102.41;
11 ; 28 ; 19 ; 0.00578436 ; -0.0330809 ; -0.0154156 ; 102.454;
12 ; 28 ; 19 ; 0.00859299 ; -0.0255853 ; -0.00281776 ; 102.146;
13 ; 28 ; 19 ; 0.00307828 ; -0.0246867 ; -0.00172244 ; 102.457;
14 ; 28 ; 19 ; 0.0158857 ; -0.0219694 ; -0.000507172 ; 102.109;
15 ; 28 ; 19 ; 0.0125146 ; -0.0292111 ; 0.00467451 ; 102.21;
16 ; 28 ; 19 ; 0.00788841 ; -0.0334355 ; 0.0044447 ; 102.471;
17 ; 28 ; 19 ; 0.00748424 ; -0.0255561 ; 0.00372762 ; 102.006;
18 ; 28 ; 19 ; 0.00305025 ; -0.0387747 ; -0.0160597 ; 101.99;
19 ; 28 ; 19 ; -0.00111188 ; -0.02713 ; -0.00173975 ; 101.858;
20 ; 28 ; 19 ; -0.0003087 ; -0.0202035 ; 0.00115587 ; 102.338;
21 ; 28 ; 19 ; -0.0119055 ; -0.0422219 ; -0.00114701 ; 102.074;
22 ; 28 ; 19 ; -0.00532504 ; -0.0217645 ; 0.00861379 ; 102.283;
23 ; 28 ; 19 ; -0.005548 ; -0.0152243 ; 0.00947198 ; 101.964;
24 ; 28 ; 19 ; -0.0136828 ; -0.0189058 ; -0.00493479 ; 102.019;
25 ; 28 ; 19 ; -0.0162936 ; -0.0263153 ; -0.00278526 ; 102.41;
26 ; 28 ; 19 ; -0.027848 ; -0.0243743 ; 0.00778918 ; 102.367;
27 ; 28 ; 19 ; -0.0131413 ; -0.00938604 ; 0.00125542 ; 102.923;
28 ; 28 ; 19 ; -0.0366433 ; -0.0174744 ; -0.0082202 ; 102.382;
29 ; 28 ; 19 ; -6.88178e-05 ; -0.0252087 ; -0.00847623 ; 102.577;
30 ; 28 ; 19 ; -0.0125085 ; -0.033152 ; 0.00231747 ; 102.239;
31 ; 28 ; 19 ; -0.0104991 ; -0.0302019 ; 0.00218408 ; 102.078;
32 ; 28 ; 19 ; -0.0296143 ; -0.021814 ; 0.00481787 ; 102.164;
33 ; 28 ; 19 ; -0.0141087 ; -0.0174388 ; 0.00881253 ; 102.458;
4 ; 29 ; 19 ; 0.00333104 ; -0.0143534 ; -0.00525953 ; 102.258;
5 ; 29 ; 19 ; 0.0138699 ; -0.0213752 ; -0.00382409 ; 103.046;
6 ; 29 ; 19 ; 0.0109873 ; -0.0132354 ; -0.00331365 ; 102.61;
7 ; 29 ; 19 ; 0.0278511 ; -0.0239942 ; -0.00162547 ; 102.537;
8 ; 29 ; 19 ; 0.0305246 ; -0.0174575 ; -0.00671154 ; 102.582;
9 ; 29 ; 19 ; 0.0104322 ; -0.0191134 ; -0.00182744 ; 102.608;
10 ; 29 ; 19 ; 0.0031722 ; -0.0176074 ; -0.00316313 ; 102.767;
11 ; 29 ; 19 ; 0.00762946 ; -0.0303612 ; 0.00183839 ; 102.614;
12 ; 29 ; 19 ; 0.00986858 ; -0.0310497 ; -0.00613688 ; 102.28;
13 ; 29 ; 19 ; 0.02292 ; -0.0162836 ; 0.00784717 ; 102.029;
14 ; 29 ; 19 ; 0.019727 ; -0.0261518 ; 0.00379888 ; 101.783;
15 ; 29 ; 19 ; 0.00166576 ; -0.0246411 ; -0.00415127 ; 101.968;
16 ; 29 ; 19 ; -0.00215631 ; -0.0270228 ; -0.00270554 ; 102.078;
17 ; 29 ; 19 ; 0.00580061 ; -0.0263712 ; -0.0100868 ; 101.677;
18 ; 29 ; 19 ; 0.00285784 ; -0.0309047 ; -0.000771455 ; 102.073;
19 ; 29 ; 19 ; -0.00398761 ; -0.0336364 ; -0.00781297 ; 102.349;
20 ; 29 ; 19 ; -0.00737794 ; -0.0301267 ; -0.00260719 ; 101.956;
21 ; 29 ; 19 ; -0.00361358 ; -0.0284045 ; -0.0153836 ; 102.169;
22 ; 29 ; 19 ; -0.00286399 ; -0.0251713 ; 0.000805115 ; 102.178;
23 ; 29 ; 19 ; -0.00361067 ; -0.021492 ; -0.0107762 ; 101.983;
24 ; 29 ; 19 ; 0.00256688 ; -0.0116617 ; 0.00161724 ; 102.127;
25 ; 29 ; 19 ; -0.0129592 ; -0.0229351 ; -0.0112667 ; 102.439;
26 ; 29 ; 19 ; -0.0224978 ; -0.0214137 ; 0.00731225 ; 102.358;
27 ; 29 ; 19 ; -0.0104864 ; -0.0126239 ; -0.000905755 ; 102.545;
28 ; 29 ; 19 ; -0.0280978 ; -0.0208873 ; -0.00115293 ; 102.654;
29 ; 29 ; 19 ; -0.0196908 ; -0.0229238 ; -0.0078305 ; 102.416;
30 ; 29 ; 19 ; -0.0130368 ; -0.0187579 ; 0.00392602 ; 102.64;
31 ; 29 ; 19 ; -0.0131346 ; -0.0106269 ; 0.00293481 ; 102.594;
32 ; 29 ; 19 ; -0.01236 ; -0.0213521 ; -0.000650571 ; 102.405;
33 ; 29 ; 19 ; -0.00766258 ; -0.0222195 ; -0.0138654 ; 102.568;
4 ; 30 ; 19 ; 0.00554517 ; -0.00814297 ; 0.0085604 ; 102.786;
5 ; 30 ; 19 ; 0.00387805 ; -0.021979 ; 0.00934264 ; 102.249;
6 ; 30 ; 19 ; 0.00590485 ; -0.0146265 ; -0.00397527 ; 102.754;
7 ; 30 ; 19 ; 0.0109321 ; -0.0155071 ; 0.00266432 ; 102.675;
8 ; 30 ; 19 ; 0.0153687 ; -0.015247 ; -0.00598988 ; 102.609;
9 ; 30 ; 19 ; 0.0258741 ; -0.00934639 ; -0.00307154 ; 102.681;
10 ; 30 ; 19 ; 0.0188785 ; -0.017753 ; -0.00351474 ; 102.675;
11 ; 30 ; 19 ; 0.0158703 ; -0.0216483 ; -0.00243446 ; 102.41;
12 ; 30 ; 19 ; 0.00408183 ; -0.00065874 ; -0.00107913 ; 101.945;
13 ; 30 ; 19 ; 0.000298709 ; -0.0251663 ; -0.0188904 ; 102.194;
14 ; 30 ; 19 ; 0.0139527 ; -0.0225191 ; -0.0027028 ; 102.179;
15 ; 30 ; 19 ; 0.00393249 ; -0.0221294 ; -0.00434696 ; 102.044;
16 ; 30 ; 19 ; -0.00607733 ; -0.0182109 ; 0.0069184 ; 102.232;
17 ; 30 ; 19 ; -0.00646543 ; -0.0174762 ; -0.00257441 ; 102.3;
18 ; 30 ; 19 ; -0.0112868 ; -0.0193294 ; -0.00620187 ; 101.538;
19 ; 30 ; 19 ; -0.00952056 ; -0.0282286 ; 0.0120275 ; 102.402;
20 ; 30 ; 19 ; -0.00899634 ; -0.0203098 ; 0.000190288 ; 102.519;
21 ; 30 ; 19 ; 0.00410623 ; -0.0310321 ; -0.0047935 ; 101.848;
22 ; 30 ; 19 ; -0.00482639 ; -0.0280696 ; 0.00336583 ; 101.588;
23 ; 30 ; 19 ; -0.0130825 ; -0.011391 ; -0.00895166 ; 102.081;
24 ; 30 ; 19 ; -0.00290626 ; -0.018405 ; 0.00784744 ; 102.185;
25 ; 30 ; 19 ; -0.00560242 ; -0.0129828 ; -0.000372635 ; 102.135;
26 ; 30 ; 19 ; -0.0165959 ; -0.0152741 ; -0.00479631 ; 102.12;
27 ; 30 ; 19 ; -0.0126286 ; -0.00640406 ; -0.00331259 ; 102.022;
28 ; 30 ; 19 ; -0.0127672 ; -0.0208966 ; -0.00676058 ; 102.24;
29 ; 30 ; 19 ; -0.0214349 ; -0.0221118 ; 0.00662366 ; 102.193;
30 ; 30 ; 19 ; -0.014134 ; -0.0101623 ; 0.00295241 ; 102.583;
31 ; 30 ; 19 ; -0.00958691 ; -0.0169308 ; -0.010957 ; 102.88;
32 ; 30 ; 19 ; -0.00418143 ; -0.0174237 ; -0.0034626 ; 102.649;
33 ; 30 ; 19 ; 0.000401587 ; -0.014308 ; -0.00120951 ; 102.701;
4 ; 31 ; 19 ; 0.00659116 ; -0.0208619 ; -0.0035805 ; 102.593;
5 ; 31 ; 19 ; 0.0164261 ; -0.0124356 ; -0.00729844 ; 102.726;
6 ; 31 ; 19 ; 0.0158563 ; -0.0203003 ; -0.00373321 ; 102.827;
7 ; 31 ; 19 ; 0.0285745 ; -0.026726 ; -0.00961788 ; 102.331;
8 ; 31 ; 19 ; 0.020322 ; -0.0114743 ; 0.00360947 ; 102.437;
9 ; 31 ; 19 ; 0.024303 ; -0.0150067 ; 0.0025962 ; 102.424;
10 ; 31 ; 19 ; 0.0291109 ; -0.0141306 ; 0.00537233 ; 102.273;
11 ; 31 ; 19 ; 0.0210403 ; 0.00184194 ; 0.00487041 ; 102.559;
12 ; 31 ; 19 ; 0.0185242 ; -0.0169133 ; 0.00428088 ; 101.974;
13 ; 31 ; 19 ; 0.00534737 ; -0.0178532 ; -0.00969106 ; 101.735;
14 ; 31 ; 19 ; 0.00748516 ; -0.00630296 ; -0.00560031 ; 102.342;
15 ; 31 ; 19 ; -0.0107998 ; -0.0259697 ; -0.00487153 ; 102.162;
16 ; 31 ; 19 ; -0.0141935 ; -0.0131065 ; -0.00767851 ; 102.162;
17 ; 31 ; 19 ; -0.00814931 ; -0.0236878 ; -0.0044427 ; 102.286;
18 ; 31 ; 19 ; 0.00291267 ; -0.0312704 ; -0.00656057 ; 101.997;
19 ; 31 ; 19 ; -0.00689216 ; -0.0241387 ; -0.000958637 ; 102.078;
20 ; 31 ; 19 ; 0.00737666 ; -0.012348 ; 0.00567311 ; 102.16;
21 ; 31 ; 19 ; -0.00252021 ; -0.0188794 ; -0.00214355 ; 102.315;
22 ; 31 ; 19 ; 0.00287352 ; -0.0271164 ; 0.00354248 ; 102.223;
23 ; 31 ; 19 ; 0.00383661 ; -0.0143433 ; 0.00492328 ; 102.46;
24 ; 31 ; 19 ; -0.00956835 ; -0.00711025 ; -0.00506912 ; 102.058;
25 ; 31 ; 19 ; -0.0231014 ; -0.0232426 ; 0.0102646 ; 102.675;
26 ; 31 ; 19 ; -0.0181 ; -0.0126249 ; 0.0041116 ; 102.595;
27 ; 31 ; 19 ; -0.0161184 ; -0.0199663 ; -0.000806862 ; 102.274;
28 ; 31 ; 19 ; -0.0118966 ; -0.00754912 ; -0.000720065 ; 102.603;
29 ; 31 ; 19 ; -0.00621967 ; -0.0127988 ; -0.0217438 ; 102.578;
30 ; 31 ; 19 ; -0.0149764 ; -0.00498027 ; -0.00578121 ; 102.24;
31 ; 31 ; 19 ; -0.0136716 ; -0.00751241 ; -0.00143192 ; 102.786;
32 ; 31 ; 19 ; -0.0121919 ; -0.0166341 ; 0.00220612 ; 102.858;
33 ; 31 ; 19 ; 0.000138678 ; -0.00880068 ; 0.00418457 ; 102.297;
4 ; 32 ; 19 ; -0.0173226 ; -0.0238552 ; 0.00116038 ; 102.72;
5 ; 32 ; 19 ; 0.0105165 ; 0.0069767 ; 0.00976787 ; 102.493;
6 ; 32 ; 19 ; 0.0155178 ; -0.0101883 ; -0.00419257 ; 102.992;
7 ; 32 ; 19 ; 0.0238455 ; -0.00430149 ; -0.00904065 ; 102.065;
8 ; 32 ; 19 ; 0.0184837 ; 0.00245834 ; -0.00587208 ; 102.75;
9 ; 32 ; 19 ; 0.0253725 ; -0.017574 ; -0.00887397 ; 102.709;
10 ; 32 ; 19 ; 0.00658449 ; -0.00715298 ; -0.00623731 ; 102.765;
11 ; 32 ; 19 ; 0.0147471 ; -0.0121824 ; -0.00361095 ; 102.098;
12 ; 32 ; 19 ; -0.00991783 ; -0.0153994 ; 0.00591232 ; 102.073;
13 ; 32 ; 19 ; 0.00462248 ; -0.0104082 ; 0.00401875 ; 102.435;
14 ; 32 ; 19 ; 0.00881582 ; -0.00315135 ; 0.0138304 ; 102.28;
15 ; 32 ; 19 ; 0.0025444 ; -0.00830324 ; 0.00166529 ; 101.989;
16 ; 32 ; 19 ; 0.00394733 ; -0.0086029 ; 0.00955229 ; 101.986;
17 ; 32 ; 19 ; 0.00486525 ; -0.0145591 ; -0.00817534 ; 102.023;
18 ; 32 ; 19 ; 0.00441592 ; -0.0208359 ; -0.00954047 ; 102.42;
19 ; 32 ; 19 ; -0.00100883 ; -0.0191172 ; -0.00920326 ; 101.734;
20 ; 32 ; 19 ; 0.0104947 ; -0.0071373 ; 0.00245092 ; 102.364;
21 ; 32 ; 19 ; -0.013281 ; -0.0215236 ; -0.00329187 ; 101.661;
22 ; 32 ; 19 ; 0.00249243 ; -0.0038902 ; -0.00124769 ; 101.94;
23 ; 32 ; 19 ; -0.00397682 ; -0.0120168 ; 0.00594114 ; 102.295;
24 ; 32 ; 19 ; -0.00917157 ; -0.0105291 ; -0.00891107 ; 101.959;
25 ; 32 ; 19 ; -0.0122191 ; -0.00834785 ; -0.0028704 ; 101.776;
26 ; 32 ; 19 ; -0.0318989 ; -0.00198233 ; -0.0101144 ; 101.957;
27 ; 32 ; 19 ; -0.0281453 ; -0.014856 ; -0.00104166 ; 102.141;
28 ; 32 ; 19 ; -0.00447892 ; -0.00624202 ; -0.00088133 ; 102.205;
29 ; 32 ; 19 ; -0.0198226 ; 0.00480138 ; -0.00965965 ; 102.566;
30 ; 32 ; 19 ; -0.0129818 ; 0.00178273 ; -0.00265393 ; 102.761;
31 ; 32 ; 19 ; -0.0185071 ; -0.0110659 ; -0.0127164 ; 102.72;
32 ; 32 ; 19 ; -0.0225079 ; -0.00696416 ; -0.00351016 ; 102.394;
33 ; 32 ; 19 ; 0.00188372 ; -0.0156499 ; 0.0111507 ; 102.702;
4 ; 33 ; 19 ; 0.00160017 ; -0.00171747 ; 0.000259942 ; 102.859;
5 ; 33 ; 19 ; 0.0187304 ; -0.0198914 ; -0.00350604 ; 103.063;
6 ; 33 ; 19 ; 0.00267423 ; 0.00728717 ; -0.000404149 ; 102.726;
7 ; 33 ; 19 ; 0.0100515 ; -0.0135535 ; -0.0102868 ; 102.932;
8 ; 33 ; 19 ; 0.0177212 ; -0.00748686 ; -0.00266941 ; 102.246;
9 ; 33 ; 19 ; 0.0289207 ; 0.00100351 ; -0.00537114 ; 102.745;
10 ; 33 ; 19 ; 0.013718 ; -0.0104217 ; 0.00268965 ; 102.166;
11 ; 33 ; 19 ; 0.00180844 ; -0.00253698 ; -0.00287911 ; 102.368;
12 ; 33 ; 19 ; 0.000316377 ; -0.0096962 ; 0.010317 ; 102.137;
13 ; 33 ; 19 ; 0.00602738 ; -0.0129583 ; -0.00104478 ; 102.691;
14 ; 33 ; 19 ; -0.0125709 ; -0.00890484 ; -0.0131534 ; 102.265;
15 ; 33 ; 19 ; -0.00550124 ; 0.00323874 ; 0.00198872 ; 102.017;
16 ; 33 ; 19 ; 0.00530498 ; -0.0148271 ; 0.00301236 ; 102.034;
17 ; 33 ; 19 ; -0.00504001 ; -0.015093 ; 0.00171081 ; 102.114;
18 ; 33 ; 19 ; 0.010044 ; -0.00177392 ; 0.00726742 ; 102.157;
19 ; 33 ; 19 ; -0.00560034 ; 0.0103299 ; 0.00364882 ; 101.592;
20 ; 33 ; 19 ; 0.000368669 ; 0.00369929 ; 0.00806767 ; 101.627;
21 ; 33 ; 19 ; -0.000496064 ; -0.01318 ; -0.00398807 ; 101.95;
22 ; 33 ; 19 ; -0.00498595 ; 0.0112387 ; -0.0128529 ; 101.695;
23 ; 33 ; 19 ; -0.00133555 ; -0.00162269 ; -0.00505005 ; 102.124;
24 ; 33 ; 19 ; -0.0064303 ; -0.0116636 ; -0.00352015 ; 102.129;
25 ; 33 ; 19 ; -0.0199101 ; -0.00689836 ; 1.54703e-05 ; 102.182;
26 ; 33 ; 19 ; -0.0186034 ; -0.00313466 ; -0.00379752 ; 102.143;
27 ; 33 ; 19 ; 0.00638105 ; -0.00697135 ; 0.0110254 ; 102.284;
28 ; 33 ; 19 ; -0.0148361 ; -0.00927751 ; -0.0136653 ; 102.753;
29 ; 33 ; 19 ; -0.0108419 ; -0.00143201 ; -0.0141455 ; 102.515;
30 ; 33 ; 19 ; -0.00591503 ; -0.00650112 ; -0.0114491 ; 102.781;
31 ; 33 ; 19 ; -0.0169357 ; -0.00701411 ; -0.0172189 ; 102.432;
32 ; 33 ; 19 ; -0.00479817 ; -0.00829279 ; -0.0119945 ; 102.652;
33 ; 33 ; 19 ; -0.0124494 ; 0.000930943 ; -0.00435107 ; 102.825;
4 ; 4 ; 20 ; 0.00367718 ; 0.00493963 ; -0.0125631 ; 102.905;
5 ; 4 ; 20 ; 0.00708932 ; 0.00130747 ; 0.00302021 ; 102.403;
6 ; 4 ; 20 ; 0.0172934 ; 0.00320653 ; 0.00434683 ; 102.384;
7 ; 4 ; 20 ; 0.0215875 ; -0.0174072 ; 0.00134843 ; 102.664;
8 ; 4 ; 20 ; 0.0302366 ; 0.00369013 ; 0.00736557 ; 102.801;
9 ; 4 ; 20 ; 0.0244847 ; -0.00720886 ; 0.00171891 ; 102.917;
10 ; 4 ; 20 ; 0.0188953 ; -0.00200146 ; -0.00580706 ; 102.313;
11 ; 4 ; 20 ; 0.0219026 ; 0.0111567 ; 0.00406066 ; 102.192;
12 ; 4 ; 20 ; 0.016717 ; 0.00205987 ; 0.0080394 ; 101.997;
13 ; 4 ; 20 ; -0.00101135 ; 0.0121836 ; 0.0113416 ; 102.048;
14 ; 4 ; 20 ; 0.00665407 ; 0.00181006 ; 0.0119211 ; 101.658;
15 ; 4 ; 20 ; 0.0090417 ; 0.0105762 ; 0.00262529 ; 102.31;
16 ; 4 ; 20 ; -0.00370632 ; 0.0101359 ; 0.00451741 ; 101.985;
17 ; 4 ; 20 ; 0.0182993 ; 0.00542391 ; -0.00404139 ; 102.361;
18 ; 4 ; 20 ; -0.00693473 ; 0.00303411 ; 0.0102781 ; 101.974;
19 ; 4 ; 20 ; 0.0115961 ; -0.00816566 ; 0.015071 ; 101.655;
20 ; 4 ; 20 ; -0.00557791 ; 0.00724042 ; 0.0122486 ; 101.593;
21 ; 4 ; 20 ; -0.00518645 ; -0.00367272 ; -0.00760796 ; 102.263;
22 ; 4 ; 20 ; 0.000381051 ; 0.00299698 ; -0.00450801 ; 102.345;
23 ; 4 ; 20 ; -0.0103222 ; -0.00935166 ; -0.0012401 ; 102.172;
24 ; 4 ; 20 ; -0.00975539 ; 0.00208728 ; 0.00781894 ; 102.062;
25 ; 4 ; 20 ; -0.0141172 ; 0.00777375 ; 0.000384951 ; 102.313;
26 ; 4 ; 20 ; -0.0160815 ; 0.00542734 ; -0.00512759 ; 102.478;
27 ; 4 ; 20 ; -0.0211836 ; 0.0119494 ; -0.0107331 ; 102.233;
28 ; 4 ; 20 ; -0.0144815 ; -0.00404391 ; -0.00574156 ; 102.495;
29 ; 4 ; 20 ; -0.0308561 ; 0.0166119 ; 0.0123899 ; 102.473;
30 ; 4 ; 20 ; -0.0150601 ; 0.00749237 ; -0.0131316 ; 102.652;
31 ; 4 ; 20 ; -0.00830149 ; 0.00303474 ; -0.0017109 ; 102.357;
32 ; 4 ; 20 ; -0.00326899 ; 0.000642117 ; -0.00560396 ; 102.525;
33 ; 4 ; 20 ; -0.0118176 ; -0.000254496 ; 0.00241474 ; 102.53;
4 ; 5 ; 20 ; 0.0080967 ; -0.00381498 ; -0.00139528 ; 102.565;
5 ; 5 ; 20 ; 0.0258365 ; 0.0155564 ; -0.00100815 ; 102.414;
6 ; 5 ; 20 ; 0.0153214 ; 0.0145711 ; 0.00433864 ; 102.736;
7 ; 5 ; 20 ; 0.00916236 ; -0.00497744 ; -0.000343164 ; 102.503;
8 ; 5 ; 20 ; 0.0237883 ; 0.0156981 ; 0.00401763 ; 102.651;
9 ; 5 ; 20 ; 0.0298462 ; -0.00257521 ; -0.00277692 ; 102.461;
10 ; 5 ; 20 ; 0.0260596 ; -0.00952796 ; 0.0014157 ; 102.444;
11 ; 5 ; 20 ; 0.0143261 ; -0.00205749 ; -0.000405252 ; 102.373;
12 ; 5 ; 20 ; 0.00311371 ; 0.0198446 ; -0.00341094 ; 102.145;
13 ; 5 ; 20 ; 0.00260575 ; 0.00850074 ; 0.0103402 ; 102.041;
14 ; 5 ; 20 ; -0.00438784 ; 0.0195703 ; 0.00235567 ; 101.81;
15 ; 5 ; 20 ; 0.00330586 ; 0.0144288 ; 0.00465657 ; 101.49;
16 ; 5 ; 20 ; 0.00118025 ; 0.016551 ; -0.000274473 ; 102.183;
17 ; 5 ; 20 ; -0.00416339 ; 0.0160082 ; 0.00908866 ; 102.12;
18 ; 5 ; 20 ; 0.00361288 ; 0.021974 ; 0.00439197 ; 102.111;
19 ; 5 ; 20 ; 0.0167503 ; 0.00786046 ; 0.00138101 ; 102.112;
20 ; 5 ; 20 ; -0.00500435 ; 0.00720796 ; -0.00428618 ; 102.034;
21 ; 5 ; 20 ; -0.00530068 ; 0.0122701 ; 0.00166497 ; 102.134;
22 ; 5 ; 20 ; 0.0128178 ; 0.00857658 ; 0.00484984 ; 102.251;
23 ; 5 ; 20 ; 0.0108133 ; 0.0117703 ; -0.0130601 ; 101.992;
24 ; 5 ; 20 ; -0.0078281 ; 0.00350104 ; 0.00266743 ; 102.239;
25 ; 5 ; 20 ; -0.0107423 ; 0.0104958 ; 0.000998833 ; 102.131;
26 ; 5 ; 20 ; -0.0165707 ; 0.026068 ; 0.0112297 ; 102.354;
27 ; 5 ; 20 ; -0.0397539 ; 0.0074787 ; -0.00333478 ; 102.403;
28 ; 5 ; 20 ; -0.0236427 ; 0.00392055 ; 0.00569209 ; 102.827;
29 ; 5 ; 20 ; -0.00533183 ; 0.0126445 ; 0.0154206 ; 103.144;
30 ; 5 ; 20 ; -0.0210616 ; 0.00161701 ; -0.0113863 ; 102.615;
31 ; 5 ; 20 ; -0.0105298 ; 0.0122461 ; 0.00216445 ; 102.5;
32 ; 5 ; 20 ; -0.0162297 ; 0.0169878 ; -0.000773712 ; 102.508;
33 ; 5 ; 20 ; -0.00552123 ; -0.00203225 ; -0.000966214 ; 102.731;
4 ; 6 ; 20 ; 0.020657 ; 0.00786322 ; 0.00862151 ; 102.59;
5 ; 6 ; 20 ; 0.0149333 ; 0.0157731 ; 0.00455332 ; 102.966;
6 ; 6 ; 20 ; 0.00767142 ; 0.0168526 ; 0.0153828 ; 102.706;
7 ; 6 ; 20 ; 0.0198158 ; 0.016218 ; 0.0073412 ; 102.057;
8 ; 6 ; 20 ; 0.026065 ; 0.0114284 ; -0.00591403 ; 102.75;
9 ; 6 ; 20 ; 0.036129 ; 0.0124136 ; -0.00767553 ; 101.998;
10 ; 6 ; 20 ; 0.0293757 ; 0.00257104 ; -0.00100182 ; 102.633;
11 ; 6 ; 20 ; 0.0103443 ; 0.012602 ; 0.00129912 ; 102.125;
12 ; 6 ; 20 ; 0.00657394 ; 0.012614 ; -0.00192674 ; 102.33;
13 ; 6 ; 20 ; 0.00516797 ; 0.00795207 ; 0.00250293 ; 102.564;
14 ; 6 ; 20 ; 0.00459267 ; 0.0303816 ; 0.0114431 ; 101.907;
15 ; 6 ; 20 ; 0.0080252 ; 0.0314205 ; 0.00739528 ; 102.247;
16 ; 6 ; 20 ; -0.00572099 ; 0.0128157 ; -0.00353162 ; 101.718;
17 ; 6 ; 20 ; 0.00470799 ; 0.00326165 ; 0.00374572 ; 101.832;
18 ; 6 ; 20 ; -0.00145293 ; 0.0172373 ; -0.00370669 ; 101.99;
19 ; 6 ; 20 ; -0.0035625 ; 0.0214225 ; -0.0127268 ; 102.46;
20 ; 6 ; 20 ; -0.00846049 ; 0.0368936 ; -0.00438514 ; 102.133;
21 ; 6 ; 20 ; -0.000701194 ; 0.0111724 ; -0.00431649 ; 101.594;
22 ; 6 ; 20 ; 0.00540412 ; 0.0394227 ; 0.00115193 ; 102.232;
23 ; 6 ; 20 ; -0.00409413 ; 0.0189375 ; -0.00459507 ; 102.048;
24 ; 6 ; 20 ; -0.00793236 ; 0.0223756 ; -0.00257079 ; 102.291;
25 ; 6 ; 20 ; -0.00715062 ; 0.0141001 ; -0.00147627 ; 102.176;
26 ; 6 ; 20 ; -0.0142275 ; 0.0184576 ; 0.00343253 ; 101.913;
27 ; 6 ; 20 ; -0.0185982 ; 0.00735309 ; -0.00535639 ; 102.088;
28 ; 6 ; 20 ; -0.0226378 ; 0.0135832 ; 0.00697319 ; 102.029;
29 ; 6 ; 20 ; -0.0156504 ; 0.0114608 ; 0.00652895 ; 102.568;
30 ; 6 ; 20 ; -0.00918183 ; 0.00461194 ; -0.000595154 ; 102.332;
31 ; 6 ; 20 ; -0.00416016 ; 0.0125711 ; 0.000967975 ; 102.665;
32 ; 6 ; 20 ; -0.0256963 ; 0.00687291 ; -0.0039033 ; 102.849;
33 ; 6 ; 20 ; -0.00242607 ; 0.00627779 ; 0.00638297 ; 102.537;
4 ; 7 ; 20 ; -0.000406427 ; 0.0130844 ; 0.00931486 ; 102.585;
5 ; 7 ; 20 ; 0.00204916 ; 0.0145165 ; 0.0069808 ; 103.033;
6 ; 7 ; 20 ; 0.0079525 ; 0.0189746 ; 0.0084434 ; 102.32;
7 ; 7 ; 20 ; 0.00520279 ; 0.00188108 ; 0.00863017 ; 102.68;
8 ; 7 ; 20 ; 0.0149648 ; 0.0139454 ; -0.00896064 ; 102.769;
9 ; 7 ; 20 ; 0.00652142 ; 0.011477 ; 0.00572988 ; 102.141;
10 ; 7 ; 20 ; 0.00916054 ; 0.0163565 ; -0.00131122 ; 102.508;
11 ; 7 ; 20 ; 0.016325 ; 0.0172483 ; 0.00765673 ; 102.364;
12 ; 7 ; 20 ; 0.0085501 ; 0.0197013 ; -0.00601527 ; 102.227;
13 ; 7 ; 20 ; -0.000933409 ; 0.0123104 ; -0.00319261 ; 102.449;
14 ; 7 ; 20 ; -0.0097093 ; 0.011322 ; -0.00367992 ; 102.314;
15 ; 7 ; 20 ; 0.001092 ; 0.0325616 ; 0.00073142 ; 101.818;
16 ; 7 ; 20 ; 0.00532421 ; 0.0301895 ; -0.00144185 ; 102.027;
17 ; 7 ; 20 ; -0.0159986 ; 0.0211408 ; -0.00786616 ; 101.788;
18 ; 7 ; 20 ; -0.00524507 ; 0.0184121 ; -0.00886041 ; 102.003;
19 ; 7 ; 20 ; -0.00649638 ; 0.0116292 ; -0.00658119 ; 102.021;
20 ; 7 ; 20 ; -0.000182065 ; 0.0250137 ; -0.0124538 ; 102.144;
21 ; 7 ; 20 ; -0.0115315 ; 0.023842 ; 0.00548547 ; 101.986;
22 ; 7 ; 20 ; -0.00243692 ; 0.0297938 ; -0.00170146 ; 102.383;
23 ; 7 ; 20 ; -0.00900861 ; 0.0259923 ; 0.00746869 ; 101.956;
24 ; 7 ; 20 ; -0.010401 ; 0.0161917 ; 0.00451644 ; 102.518;
25 ; 7 ; 20 ; -0.0142003 ; 0.0173553 ; 0.00502355 ; 102.006;
26 ; 7 ; 20 ; -0.0059695 ; 0.0234702 ; 0.00278735 ; 102.046;
27 ; 7 ; 20 ; -0.0184937 ; 0.0203335 ; -0.00308396 ; 102.487;
28 ; 7 ; 20 ; -0.0131982 ; 0.00930057 ; -0.00769658 ; 102.601;
29 ; 7 ; 20 ; -0.0234944 ; 0.0137826 ; -0.00356563 ; 102.786;
30 ; 7 ; 20 ; -0.0243844 ; 0.0020049 ; 0.00137547 ; 102.521;
31 ; 7 ; 20 ; -0.00979174 ; 0.00983326 ; 0.00121643 ; 102.841;
32 ; 7 ; 20 ; -0.00552076 ; 0.0197285 ; 0.00106564 ; 102.219;
33 ; 7 ; 20 ; -0.00233816 ; 0.0155704 ; 0.00463301 ; 102.316;
4 ; 8 ; 20 ; 0.00703749 ; 0.0194195 ; 0.00626641 ; 102.688;
5 ; 8 ; 20 ; 0.00630786 ; 0.020346 ; 0.010994 ; 102.919;
6 ; 8 ; 20 ; 0.0130555 ; 0.0174157 ; 0.0122314 ; 102.084;
7 ; 8 ; 20 ; 0.00884039 ; 0.00767738 ; 0.00231001 ; 102.545;
8 ; 8 ; 20 ; 0.0129536 ; 0.0157155 ; -0.0179112 ; 101.99;
9 ; 8 ; 20 ; 0.0186295 ; 0.0260429 ; -1.9571e-05 ; 102.375;
10 ; 8 ; 20 ; 0.00823262 ; 0.0181818 ; -0.0061618 ; 102.504;
11 ; 8 ; 20 ; 0.0112653 ; 0.0266059 ; 0.00804659 ; 102.357;
12 ; 8 ; 20 ; 0.00785692 ; 0.0260219 ; -0.0120059 ; 102.096;
13 ; 8 ; 20 ; 0.00371481 ; 0.0207222 ; 0.0054432 ; 101.83;
14 ; 8 ; 20 ; 0.00308241 ; 0.0161705 ; -0.00897956 ; 102.117;
15 ; 8 ; 20 ; 0.00326218 ; 0.0226805 ; -0.00734209 ; 102.473;
16 ; 8 ; 20 ; -0.00433353 ; 0.0223691 ; -0.00186736 ; 102.481;
17 ; 8 ; 20 ; -0.00594247 ; 0.0303927 ; 0.00689601 ; 101.902;
18 ; 8 ; 20 ; -0.0144649 ; 0.0406436 ; -0.00874299 ; 102.376;
19 ; 8 ; 20 ; 0.0160497 ; 0.0113905 ; -0.00384401 ; 102.087;
20 ; 8 ; 20 ; 0.0193165 ; 0.0207553 ; -0.0121713 ; 101.972;
21 ; 8 ; 20 ; 0.00426416 ; 0.0225353 ; -0.00257478 ; 101.956;
22 ; 8 ; 20 ; 0.00414721 ; 0.0251599 ; 0.00577098 ; 102.116;
23 ; 8 ; 20 ; -0.0150599 ; 0.0245012 ; -2.02068e-05 ; 102.176;
24 ; 8 ; 20 ; -0.022983 ; 0.0168755 ; 0.00599445 ; 102.575;
25 ; 8 ; 20 ; -0.0184251 ; 0.0217114 ; 0.0212006 ; 102.025;
26 ; 8 ; 20 ; -0.0151661 ; 0.0251272 ; -0.0119121 ; 102.503;
27 ; 8 ; 20 ; -0.0237199 ; 0.0129305 ; -0.00216974 ; 102.498;
28 ; 8 ; 20 ; -0.0178561 ; 0.00964886 ; -0.00548612 ; 102.347;
29 ; 8 ; 20 ; -0.0142851 ; 0.0289585 ; -0.00796432 ; 102.39;
30 ; 8 ; 20 ; -0.0131429 ; 0.0104261 ; -0.000704053 ; 102.86;
31 ; 8 ; 20 ; -0.0155179 ; 0.00957656 ; -0.00950911 ; 102.935;
32 ; 8 ; 20 ; -0.015361 ; 0.0134496 ; -0.00608403 ; 102.92;
33 ; 8 ; 20 ; 0.0129894 ; 0.0286168 ; -0.0104593 ; 102.169;
4 ; 9 ; 20 ; 0.0118686 ; 0.0177186 ; -0.00642935 ; 102.31;
5 ; 9 ; 20 ; 0.00507579 ; 0.0185431 ; -0.00640323 ; 102.354;
6 ; 9 ; 20 ; 0.0350861 ; 0.0252261 ; -0.00115216 ; 102.217;
7 ; 9 ; 20 ; 0.0189097 ; 0.0286524 ; 0.00171474 ; 102.161;
8 ; 9 ; 20 ; 0.0251343 ; 0.0147934 ; 0.0026264 ; 102.503;
9 ; 9 ; 20 ; 0.0316556 ; 0.0174111 ; -0.00272369 ; 102.638;
10 ; 9 ; 20 ; 0.0170973 ; 0.0227921 ; -0.00669137 ; 102.55;
11 ; 9 ; 20 ; 0.0277895 ; 0.0204252 ; 0.0120217 ; 102.67;
12 ; 9 ; 20 ; 0.027331 ; 0.0178383 ; 0.00421222 ; 102.056;
13 ; 9 ; 20 ; 0.0278963 ; 0.0236514 ; -0.0106841 ; 102.117;
14 ; 9 ; 20 ; 0.00814868 ; 0.0329366 ; -0.00445096 ; 102.079;
15 ; 9 ; 20 ; 0.00240913 ; 0.026141 ; 0.00582421 ; 102.323;
16 ; 9 ; 20 ; 0.012025 ; 0.0300595 ; 0.00265595 ; 101.701;
17 ; 9 ; 20 ; -0.00363971 ; 0.0269384 ; -0.0149614 ; 101.815;
18 ; 9 ; 20 ; 0.00867566 ; 0.0273409 ; -0.00449077 ; 102.15;
19 ; 9 ; 20 ; -0.000514559 ; 0.0340503 ; -0.00171439 ; 101.955;
20 ; 9 ; 20 ; -0.00223314 ; 0.0205171 ; -0.0174347 ; 102.137;
21 ; 9 ; 20 ; -0.000627029 ; 0.0291592 ; 1.93843e-05 ; 102.135;
22 ; 9 ; 20 ; 0.000446266 ; 0.033401 ; 0.00205258 ; 101.542;
23 ; 9 ; 20 ; -0.0103935 ; 0.0311015 ; -0.0103258 ; 101.932;
24 ; 9 ; 20 ; -0.0125281 ; 0.0342192 ; -0.000471183 ; 102.373;
25 ; 9 ; 20 ; -0.011272 ; 0.0248919 ; 0.00654142 ; 102.271;
26 ; 9 ; 20 ; -0.0214784 ; 0.0438887 ; -0.00300626 ; 102.557;
27 ; 9 ; 20 ; -0.0241292 ; 0.0216468 ; -0.00102802 ; 102.52;
28 ; 9 ; 20 ; -0.0257313 ; 0.0254571 ; -0.00584325 ; 102.501;
29 ; 9 ; 20 ; -0.013586 ; 0.0226317 ; -0.00237137 ; 102.387;
30 ; 9 ; 20 ; -0.0178295 ; 0.0245391 ; -0.0120299 ; 102.188;
31 ; 9 ; 20 ; -0.0124379 ; 0.0105121 ; -0.0225937 ; 102.319;
32 ; 9 ; 20 ; 0.00226923 ; 0.0216914 ; -0.000335392 ; 102.342;
33 ; 9 ; 20 ; -0.00983984 ; 0.0174119 ; 0.00357546 ; 102.497;
4 ; 10 ; 20 ; -0.00131642 ; 0.0117345 ; 0.00601976 ; 102.446;
5 ; 10 ; 20 ; 0.0112015 ; 0.0270758 ; 0.00355016 ; 102.345;
6 ; 10 ; 20 ; 0.00522581 ; 0.0102321 ; 0.00492579 ; 102.5;
7 ; 10 ; 20 ; 0.00312829 ; 0.0222953 ; -0.0054117 ; 102.029;
8 ; 10 ; 20 ; 0.0205289 ; 0.0144961 ; -0.00500385 ; 102.715;
9 ; 10 ; 20 ; 0.0243446 ; 0.016907 ; -0.00630392 ; 102.621;
10 ; 10 ; 20 ; 0.0235575 ; 0.0123652 ; 0.0095113 ; 102.467;
11 ; 10 ; 20 ; 0.0206243 ; 0.00684794 ; 0.00205039 ; 102.616;
12 ; 10 ; 20 ; 0.0239499 ; 0.0180496 ; 0.00717109 ; 101.688;
13 ; 10 ; 20 ; 0.00866013 ; 0.021851 ; -0.00377897 ; 102.163;
14 ; 10 ; 20 ; 0.00814326 ; 0.0395746 ; -0.00668039 ; 101.965;
15 ; 10 ; 20 ; 0.00289931 ; 0.0209502 ; -0.0048754 ; 101.981;
16 ; 10 ; 20 ; -0.00144901 ; 0.0186853 ; 0.00511509 ; 101.895;
17 ; 10 ; 20 ; -0.00684121 ; 0.0169279 ; -0.00637715 ; 101.685;
18 ; 10 ; 20 ; -0.00354592 ; 0.0145284 ; -0.0072794 ; 101.635;
19 ; 10 ; 20 ; -0.00812488 ; 0.0450204 ; 0.0160734 ; 101.974;
20 ; 10 ; 20 ; -0.00546616 ; 0.0269249 ; 0.00484527 ; 102.21;
21 ; 10 ; 20 ; 0.00103734 ; 0.0317136 ; 0.00094317 ; 102.058;
22 ; 10 ; 20 ; -0.00400462 ; 0.0411759 ; 0.00154731 ; 101.951;
23 ; 10 ; 20 ; -0.0208381 ; 0.0211749 ; -0.0109485 ; 101.649;
24 ; 10 ; 20 ; -0.0171078 ; 0.0188537 ; -0.0109686 ; 102.19;
25 ; 10 ; 20 ; -0.0144315 ; 0.0255333 ; 0.00236057 ; 101.822;
26 ; 10 ; 20 ; -0.00934933 ; 0.0206373 ; 0.0103846 ; 102.48;
27 ; 10 ; 20 ; -0.0260985 ; 0.0310975 ; -2.75021e-05 ; 102.605;
28 ; 10 ; 20 ; -0.0211206 ; 0.00644415 ; -0.00831698 ; 102.869;
29 ; 10 ; 20 ; -0.017659 ; 0.0244593 ; 0.000507125 ; 102.756;
30 ; 10 ; 20 ; -0.0254067 ; 0.0108815 ; -0.00785893 ; 102.352;
31 ; 10 ; 20 ; -0.0171112 ; 0.02327 ; 0.0052701 ; 102.215;
32 ; 10 ; 20 ; 0.00364012 ; 0.0255399 ; 0.010184 ; 102.223;
33 ; 10 ; 20 ; 0.00350976 ; 0.0223349 ; 0.00835835 ; 102.609;
4 ; 11 ; 20 ; -0.00260163 ; 0.00453285 ; -0.00654805 ; 102.318;
5 ; 11 ; 20 ; 0.00876346 ; 0.0177969 ; 0.00437912 ; 102.383;
6 ; 11 ; 20 ; 0.0273429 ; 0.0190741 ; 0.00347369 ; 102.681;
7 ; 11 ; 20 ; 0.0336349 ; 0.0166539 ; -0.000847393 ; 102.482;
8 ; 11 ; 20 ; 0.0245234 ; 0.0153903 ; -0.010259 ; 102.06;
9 ; 11 ; 20 ; 0.0242647 ; 0.013697 ; 0.000122882 ; 102.707;
10 ; 11 ; 20 ; 0.0402473 ; 0.0114624 ; 0.00198758 ; 102.166;
11 ; 11 ; 20 ; 0.0239313 ; 0.0186074 ; 0.00195672 ; 102.947;
12 ; 11 ; 20 ; 0.0151725 ; 0.0266594 ; -0.00640051 ; 102.252;
13 ; 11 ; 20 ; 0.00893986 ; 0.0191685 ; -0.00975809 ; 101.766;
14 ; 11 ; 20 ; 0.00631435 ; 0.0260392 ; -0.0135577 ; 102.295;
15 ; 11 ; 20 ; 0.0032085 ; 0.0184172 ; -0.0120307 ; 101.667;
16 ; 11 ; 20 ; 0.0132488 ; 0.0193193 ; -0.000292372 ; 101.854;
17 ; 11 ; 20 ; 0.0073474 ; 0.0329849 ; 0.00395886 ; 101.79;
18 ; 11 ; 20 ; -0.00990723 ; 0.017071 ; 0.0106901 ; 102.06;
19 ; 11 ; 20 ; -0.00852869 ; 0.0283748 ; -0.00431099 ; 102.055;
20 ; 11 ; 20 ; -0.00406546 ; 0.0289574 ; -5.06873e-05 ; 101.867;
21 ; 11 ; 20 ; 0.00221844 ; 0.0180311 ; -0.00192826 ; 101.975;
22 ; 11 ; 20 ; -0.011714 ; 0.0262199 ; -0.00816543 ; 102.288;
23 ; 11 ; 20 ; -0.00664323 ; 0.0131729 ; 0.000563705 ; 102.505;
24 ; 11 ; 20 ; -0.00703628 ; 0.0126383 ; 0.00821547 ; 102.078;
25 ; 11 ; 20 ; -0.0195455 ; 0.0222801 ; -0.0158886 ; 102.313;
26 ; 11 ; 20 ; -0.0159472 ; 0.0110752 ; -2.51179e-05 ; 102.285;
27 ; 11 ; 20 ; -0.0357289 ; 0.0170629 ; 0.0166525 ; 102.455;
28 ; 11 ; 20 ; -0.0249426 ; 0.0196728 ; 0.00404619 ; 102.989;
29 ; 11 ; 20 ; -0.0183971 ; 0.0277078 ; 0.00513288 ; 102.289;
30 ; 11 ; 20 ; -0.0139613 ; 0.015748 ; 0.00594344 ; 101.864;
31 ; 11 ; 20 ; -0.0110966 ; 0.00909063 ; 0.000559565 ; 102.27;
32 ; 11 ; 20 ; -0.00523768 ; 0.0143211 ; -0.00899976 ; 102.629;
33 ; 11 ; 20 ; -0.00296872 ; 0.0319568 ; 0.0167889 ; 102.21;
4 ; 12 ; 20 ; 0.00291646 ; -0.00371285 ; -0.00170836 ; 102.32;
5 ; 12 ; 20 ; 0.0117726 ; 0.00367593 ; 6.04532e-05 ; 102.35;
6 ; 12 ; 20 ; 0.0133224 ; 0.00106901 ; 0.00451652 ; 102.039;
7 ; 12 ; 20 ; 0.00684571 ; 0.014511 ; 0.0166131 ; 101.824;
8 ; 12 ; 20 ; 0.0362675 ; 0.0154728 ; 0.0155835 ; 102.507;
9 ; 12 ; 20 ; 0.0277968 ; 0.0222907 ; 0.00539106 ; 102.276;
10 ; 12 ; 20 ; 0.0294205 ; 0.0162547 ; 0.0114325 ; 102.156;
11 ; 12 ; 20 ; 0.0176671 ; 0.00493682 ; -0.00679448 ; 101.759;
12 ; 12 ; 20 ; 0.018793 ; 0.00516335 ; 0.00531263 ; 101.611;
13 ; 12 ; 20 ; 0.0120162 ; 0.00995869 ; -0.00928444 ; 102.079;
14 ; 12 ; 20 ; 0.0158489 ; 0.0182866 ; 0.00117226 ; 102.072;
15 ; 12 ; 20 ; 0.009127 ; 0.0193459 ; -0.00204394 ; 101.872;
16 ; 12 ; 20 ; 0.00617154 ; 0.017855 ; 0.00846898 ; 101.992;
17 ; 12 ; 20 ; 0.00904389 ; 0.0116851 ; -0.00160331 ; 101.749;
18 ; 12 ; 20 ; 0.0101296 ; 0.0227366 ; 0.0107457 ; 101.861;
19 ; 12 ; 20 ; -0.00438717 ; 0.016957 ; -0.0005312 ; 101.969;
20 ; 12 ; 20 ; -0.0145362 ; 0.00446502 ; -0.000352462 ; 101.589;
21 ; 12 ; 20 ; -0.0114798 ; 0.0178077 ; -0.00870991 ; 101.479;
22 ; 12 ; 20 ; 0.00241193 ; 0.0133256 ; 0.00317805 ; 101.827;
23 ; 12 ; 20 ; -0.0145201 ; 0.0045805 ; -0.00326733 ; 102.065;
24 ; 12 ; 20 ; -0.0191438 ; 0.0120697 ; 0.00222133 ; 101.576;
25 ; 12 ; 20 ; -0.00917393 ; 0.022386 ; 0.00626533 ; 101.85;
26 ; 12 ; 20 ; -0.015249 ; 0.00751527 ; -0.00383512 ; 102.137;
27 ; 12 ; 20 ; -0.0229079 ; 0.0360538 ; 0.00683868 ; 102.261;
28 ; 12 ; 20 ; -0.0295076 ; 0.00969334 ; -0.00882738 ; 102.55;
29 ; 12 ; 20 ; -0.0202338 ; 0.00905592 ; 0.00232045 ; 102.501;
30 ; 12 ; 20 ; -0.0174203 ; 0.00925974 ; -0.00095447 ; 102.259;
31 ; 12 ; 20 ; -0.0192473 ; 0.0198215 ; -0.00292442 ; 102.626;
32 ; 12 ; 20 ; -0.0115719 ; 0.0118034 ; 0.00602114 ; 101.866;
33 ; 12 ; 20 ; -0.00904775 ; 0.00808955 ; 0.00110912 ; 102.19;
4 ; 13 ; 20 ; 0.00774677 ; -0.00277286 ; 0.00224697 ; 102.133;
5 ; 13 ; 20 ; 0.0140535 ; 0.00316585 ; -0.00303963 ; 102.681;
6 ; 13 ; 20 ; 0.040091 ; 0.00164242 ; 0.0198882 ; 101.927;
7 ; 13 ; 20 ; 0.0244551 ; 0.00568649 ; 0.00557736 ; 102.299;
8 ; 13 ; 20 ; 0.0149539 ; 0.00368561 ; -0.00969776 ; 102.435;
9 ; 13 ; 20 ; 0.0139916 ; 0.0187598 ; 0.00592355 ; 102.21;
10 ; 13 ; 20 ; 0.0121374 ; -0.000461851 ; -0.00926436 ; 102.046;
11 ; 13 ; 20 ; 0.0326172 ; 0.0106341 ; -0.00161623 ; 102.216;
12 ; 13 ; 20 ; -0.00013041 ; 0.0130328 ; -0.00019956 ; 101.738;
13 ; 13 ; 20 ; 0.00656325 ; 0.0185582 ; 0.00103219 ; 102.384;
14 ; 13 ; 20 ; 0.00980246 ; 0.0193367 ; -0.00684102 ; 101.514;
15 ; 13 ; 20 ; -0.00168025 ; 0.0191119 ; -0.00478952 ; 101.669;
16 ; 13 ; 20 ; -0.00545031 ; 0.00419898 ; 0.0111546 ; 101.67;
17 ; 13 ; 20 ; 0.00549818 ; 0.0251195 ; -0.00391027 ; 101.721;
18 ; 13 ; 20 ; 0.00189871 ; 0.0132706 ; 0.00566569 ; 101.519;
19 ; 13 ; 20 ; -0.00460316 ; 0.00788779 ; -0.00680876 ; 101.509;
20 ; 13 ; 20 ; 0.000648037 ; 0.012416 ; -0.00250315 ; 101.818;
21 ; 13 ; 20 ; 0.0034172 ; 0.00930472 ; 5.11541e-05 ; 101.62;
22 ; 13 ; 20 ; -0.00832812 ; 0.0045524 ; 0.00590185 ; 102.111;
23 ; 13 ; 20 ; -0.0201343 ; 0.0191301 ; -0.00269961 ; 101.621;
24 ; 13 ; 20 ; -0.00997483 ; 0.00739702 ; 0.00841199 ; 101.842;
25 ; 13 ; 20 ; -0.014434 ; 0.012183 ; 0.00592274 ; 101.858;
26 ; 13 ; 20 ; -0.0263598 ; 0.0152934 ; -0.00515969 ; 101.461;
27 ; 13 ; 20 ; -0.0323052 ; 0.0155092 ; -0.00328294 ; 102.155;
28 ; 13 ; 20 ; -0.0227635 ; 0.0150233 ; 0.00556281 ; 102.557;
29 ; 13 ; 20 ; -0.0250856 ; 0.0102149 ; -0.0182044 ; 102.069;
30 ; 13 ; 20 ; -0.0124231 ; 0.00762195 ; -0.00384487 ; 102.226;
31 ; 13 ; 20 ; -0.0234049 ; 0.00277187 ; 0.00231428 ; 101.908;
32 ; 13 ; 20 ; -0.00190308 ; 0.00542583 ; -0.00155468 ; 102.291;
33 ; 13 ; 20 ; 0.00684056 ; 0.000595496 ; 0.00901132 ; 102.037;
4 ; 14 ; 20 ; 0.00847545 ; -0.0035445 ; 0.00868961 ; 101.974;
5 ; 14 ; 20 ; 0.0155814 ; 0.00493896 ; -0.00134992 ; 102.335;
6 ; 14 ; 20 ; 0.0111681 ; 0.00890905 ; 0.013097 ; 101.681;
7 ; 14 ; 20 ; 0.0195393 ; 0.01405 ; 0.0100179 ; 102.275;
8 ; 14 ; 20 ; 0.028642 ; 0.0205361 ; 0.00217747 ; 102.361;
9 ; 14 ; 20 ; 0.0230806 ; 0.00876795 ; 0.00589069 ; 102.031;
10 ; 14 ; 20 ; 0.0316009 ; 0.0167235 ; 0.0135716 ; 101.942;
11 ; 14 ; 20 ; 0.0317773 ; 0.0073367 ; 0.00497452 ; 102.121;
12 ; 14 ; 20 ; 0.0006071 ; 0.0104321 ; 0.00292846 ; 101.929;
13 ; 14 ; 20 ; -0.00582696 ; 0.00168245 ; 0.00312865 ; 101.953;
14 ; 14 ; 20 ; 0.00777647 ; 0.0106408 ; 0.001795 ; 101.802;
15 ; 14 ; 20 ; -0.010686 ; 0.0130887 ; 0.0091998 ; 101.756;
16 ; 14 ; 20 ; 0.000726459 ; 0.0149816 ; 0.00415889 ; 101.219;
17 ; 14 ; 20 ; -0.00917542 ; 0.0187449 ; -0.00536996 ; 101.375;
18 ; 14 ; 20 ; 0.00133349 ; 0.00547576 ; -0.00406836 ; 101.174;
19 ; 14 ; 20 ; 0.00490604 ; -0.00648044 ; 0.0111844 ; 101.362;
20 ; 14 ; 20 ; 0.00543491 ; 0.0063158 ; -0.00686421 ; 101.755;
21 ; 14 ; 20 ; -0.00650736 ; 0.00896197 ; -0.011273 ; 101.632;
22 ; 14 ; 20 ; 0.00595288 ; 0.0215962 ; 0.0113363 ; 101.815;
23 ; 14 ; 20 ; -0.0122178 ; 0.00211853 ; 0.00783431 ; 101.846;
24 ; 14 ; 20 ; -0.011097 ; 0.0225839 ; 0.015062 ; 101.752;
25 ; 14 ; 20 ; -0.0213566 ; 0.00173959 ; 0.0094517 ; 102.231;
26 ; 14 ; 20 ; -0.0210412 ; -0.000866195 ; 0.00411812 ; 102.484;
27 ; 14 ; 20 ; -0.0235071 ; 0.00644844 ; -0.00620406 ; 102.178;
28 ; 14 ; 20 ; -0.0131536 ; 0.000309435 ; 0.0113551 ; 101.94;
29 ; 14 ; 20 ; -0.0216926 ; 0.010804 ; 0.00574071 ; 102.403;
30 ; 14 ; 20 ; -0.0188801 ; -0.00455056 ; 0.00948417 ; 102.252;
31 ; 14 ; 20 ; -0.0334386 ; -0.0134896 ; 0.00360495 ; 102.196;
32 ; 14 ; 20 ; -0.00484802 ; 0.0115248 ; 0.00135986 ; 102.32;
33 ; 14 ; 20 ; 0.000494467 ; 0.0122656 ; -0.00541951 ; 101.597;
4 ; 15 ; 20 ; 0.00435747 ; -0.00157469 ; 0.00259611 ; 102;
5 ; 15 ; 20 ; 0.0238256 ; -0.00182864 ; -0.0056514 ; 101.861;
6 ; 15 ; 20 ; 0.0119578 ; 0.00763292 ; 0.00811345 ; 101.956;
7 ; 15 ; 20 ; 0.0107886 ; -0.00145053 ; 0.0123485 ; 102.077;
8 ; 15 ; 20 ; 0.0263939 ; 0.00336702 ; 0.0154782 ; 102.217;
9 ; 15 ; 20 ; 0.040844 ; 0.00844003 ; 0.00773657 ; 102.314;
10 ; 15 ; 20 ; 0.0286117 ; -0.00787369 ; 0.00880409 ; 101.802;
11 ; 15 ; 20 ; 0.0174107 ; -0.00657947 ; -0.00440888 ; 102.113;
12 ; 15 ; 20 ; 0.012339 ; 0.00805088 ; -0.0155469 ; 101.775;
13 ; 15 ; 20 ; 0.00774289 ; 0.0177635 ; 0.00334929 ; 101.625;
14 ; 15 ; 20 ; 0.0078726 ; -0.00597602 ; -0.00734684 ; 101.543;
15 ; 15 ; 20 ; -0.00250481 ; -0.00621965 ; -0.0116345 ; 101.887;
16 ; 15 ; 20 ; 0.00332673 ; 0.0127571 ; -0.00243431 ; 101.587;
17 ; 15 ; 20 ; 0.00373564 ; 0.0132939 ; 0.00294504 ; 101.889;
18 ; 15 ; 20 ; -0.0023936 ; 0.0176935 ; 0.00739242 ; 101.523;
19 ; 15 ; 20 ; -0.0107382 ; 0.00704261 ; 0.00576386 ; 101.082;
20 ; 15 ; 20 ; -0.00324755 ; 0.0062759 ; -0.000525959 ; 101.589;
21 ; 15 ; 20 ; 0.00354285 ; 0.00538509 ; -0.00457948 ; 101.782;
22 ; 15 ; 20 ; 0.00735171 ; 0.00469878 ; -0.00660158 ; 101.507;
23 ; 15 ; 20 ; -0.0100515 ; -0.00384327 ; -0.0016896 ; 101.638;
24 ; 15 ; 20 ; -0.0117131 ; 0.0125771 ; 0.0105055 ; 101.72;
25 ; 15 ; 20 ; -0.013198 ; 0.00554912 ; -0.00329675 ; 101.714;
26 ; 15 ; 20 ; -0.0234449 ; -0.00938577 ; 0.00555317 ; 102.037;
27 ; 15 ; 20 ; -0.0241587 ; 0.00526123 ; -0.00927146 ; 102.233;
28 ; 15 ; 20 ; -0.0292127 ; 0.00354288 ; 0.00826797 ; 101.823;
29 ; 15 ; 20 ; -0.0396178 ; 0.0072532 ; 0.000258741 ; 102.085;
30 ; 15 ; 20 ; -0.0263092 ; 0.0138652 ; -0.00130735 ; 102.093;
31 ; 15 ; 20 ; -0.0278401 ; 0.00422542 ; 0.0069916 ; 101.9;
32 ; 15 ; 20 ; -0.0173626 ; 0.00835 ; 0.00149874 ; 102.356;
33 ; 15 ; 20 ; 0.0110217 ; -0.00659596 ; 0.000575126 ; 102.176;
4 ; 16 ; 20 ; 0.0173798 ; -0.000850768 ; 0.00587981 ; 102.195;
5 ; 16 ; 20 ; 0.0104512 ; -0.00837879 ; -0.0138779 ; 102.477;
6 ; 16 ; 20 ; 0.0210329 ; -0.00527827 ; 0.0150021 ; 102.249;
7 ; 16 ; 20 ; 0.024075 ; 0.00427809 ; 0.011949 ; 102.188;
8 ; 16 ; 20 ; 0.025149 ; -0.00673668 ; 0.00244037 ; 102.104;
9 ; 16 ; 20 ; 0.0301711 ; 0.00436713 ; -0.0102185 ; 101.45;
10 ; 16 ; 20 ; 0.0268993 ; -0.00391989 ; -0.00786587 ; 101.97;
11 ; 16 ; 20 ; 0.0276874 ; 0.00178453 ; 0.000726461 ; 102.172;
12 ; 16 ; 20 ; 0.0109739 ; -0.00347607 ; -0.000191179 ; 101.52;
13 ; 16 ; 20 ; 0.003427 ; 0.0232721 ; -0.00333442 ; 101.586;
14 ; 16 ; 20 ; 0.0159847 ; -0.00870807 ; -0.00512978 ; 101.465;
15 ; 16 ; 20 ; -0.0102936 ; 0.00667175 ; 0.0118162 ; 101.794;
16 ; 16 ; 20 ; 0.00332096 ; -0.00186172 ; 0.0162428 ; 101.666;
17 ; 16 ; 20 ; 0.00697674 ; 0.00488338 ; 0.00380045 ; 101.938;
18 ; 16 ; 20 ; 0.00590935 ; 0.00209066 ; -0.00494756 ; 100.844;
19 ; 16 ; 20 ; -0.0118575 ; -0.00805832 ; 0.00764706 ; 101.632;
20 ; 16 ; 20 ; 0.0155558 ; -0.00810429 ; -0.0185292 ; 101.424;
21 ; 16 ; 20 ; -0.00656477 ; -0.00657821 ; -0.00599812 ; 101.455;
22 ; 16 ; 20 ; -0.00721503 ; 0.00130254 ; 0.00110065 ; 101.916;
23 ; 16 ; 20 ; 0.00887008 ; -0.0044905 ; 0.00426557 ; 101.467;
24 ; 16 ; 20 ; -0.018982 ; -0.0107588 ; 0.00153014 ; 101.564;
25 ; 16 ; 20 ; -0.0250866 ; 0.00494934 ; 0.0117382 ; 102.057;
26 ; 16 ; 20 ; -0.0286381 ; -0.00279537 ; -0.0113129 ; 101.793;
27 ; 16 ; 20 ; -0.0237611 ; -0.0144749 ; -0.0020892 ; 101.826;
28 ; 16 ; 20 ; -0.0241224 ; -0.00182319 ; 0.0109797 ; 101.919;
29 ; 16 ; 20 ; -0.022968 ; -0.00564585 ; -0.016253 ; 101.589;
30 ; 16 ; 20 ; -0.0309561 ; 0.00289512 ; -0.00467966 ; 102.015;
31 ; 16 ; 20 ; -0.00219757 ; -0.00133866 ; -0.00109719 ; 102;
32 ; 16 ; 20 ; -0.010754 ; 0.000501423 ; -0.000809297 ; 102.229;
33 ; 16 ; 20 ; 0.0014178 ; -0.00732958 ; 0.00186 ; 102.044;
4 ; 17 ; 20 ; 0.0116728 ; -0.00488236 ; -0.00328437 ; 101.817;
5 ; 17 ; 20 ; 0.00346712 ; 0.0063599 ; 0.00594448 ; 102.15;
6 ; 17 ; 20 ; 0.0179529 ; 0.00522036 ; 0.00631186 ; 102.007;
7 ; 17 ; 20 ; 0.034386 ; -0.00724804 ; 0.0121765 ; 102.311;
8 ; 17 ; 20 ; 0.0365364 ; 0.00430636 ; 0.000339587 ; 102.292;
9 ; 17 ; 20 ; 0.0288461 ; 0.00654783 ; -0.00369732 ; 102.268;
10 ; 17 ; 20 ; 0.0335073 ; -0.000755921 ; -0.0141781 ; 101.894;
11 ; 17 ; 20 ; 0.011994 ; -0.00340504 ; 0.0105788 ; 102.037;
12 ; 17 ; 20 ; 0.00786381 ; 0.00802716 ; -0.0104808 ; 101.711;
13 ; 17 ; 20 ; -0.0101946 ; 0.00179432 ; -0.00793624 ; 101.418;
14 ; 17 ; 20 ; 0.0130394 ; -0.00139809 ; -0.00653857 ; 102.005;
15 ; 17 ; 20 ; 0.00420692 ; -0.00487091 ; -0.00104744 ; 101.485;
16 ; 17 ; 20 ; 0.00380769 ; -0.00660231 ; -0.00357523 ; 101.775;
17 ; 17 ; 20 ; 0.013782 ; -0.00565815 ; 0.00994141 ; 102.01;
18 ; 17 ; 20 ; 0.00849788 ; 0.00329933 ; -0.0022678 ; 101.295;
19 ; 17 ; 20 ; -0.0015197 ; -0.00591054 ; -0.00273254 ; 101.554;
20 ; 17 ; 20 ; 0.0031303 ; -0.0096501 ; -0.00272576 ; 101.638;
21 ; 17 ; 20 ; -0.00402801 ; -0.0104377 ; 0.0100382 ; 101.491;
22 ; 17 ; 20 ; -0.00995853 ; 0.00909173 ; -0.00493805 ; 102.1;
23 ; 17 ; 20 ; 0.00164187 ; 0.00730787 ; -0.0109521 ; 101.81;
24 ; 17 ; 20 ; -0.0265351 ; -0.00389752 ; 0.0037842 ; 101.674;
25 ; 17 ; 20 ; -0.00589376 ; 0.000338983 ; -0.00841624 ; 101.89;
26 ; 17 ; 20 ; -0.000507565 ; 0.00117692 ; -0.00653796 ; 101.995;
27 ; 17 ; 20 ; -0.0272745 ; -0.0060913 ; -0.0105186 ; 101.921;
28 ; 17 ; 20 ; -0.0227587 ; -0.00248959 ; 0.00847343 ; 102.191;
29 ; 17 ; 20 ; -0.0202521 ; 0.000312878 ; -0.00934742 ; 102.14;
30 ; 17 ; 20 ; -0.0223322 ; -0.0179674 ; -0.00655745 ; 101.982;
31 ; 17 ; 20 ; -0.0120278 ; -0.00401653 ; 0.00299409 ; 101.727;
32 ; 17 ; 20 ; -0.014856 ; 0.00763299 ; -0.003079 ; 102.245;
33 ; 17 ; 20 ; -0.0145639 ; -0.00952163 ; -0.000901609 ; 102.126;
4 ; 18 ; 20 ; 0.00151431 ; -0.00773031 ; 0.00481939 ; 102.112;
5 ; 18 ; 20 ; 0.0156695 ; 0.00342559 ; -0.011138 ; 102.112;
6 ; 18 ; 20 ; 0.0238795 ; 0.00410543 ; 0.0126822 ; 102.04;
7 ; 18 ; 20 ; 0.0251866 ; -0.00966409 ; -0.000131084 ; 101.793;
8 ; 18 ; 20 ; 0.0346606 ; -0.0122602 ; -0.00253339 ; 102.305;
9 ; 18 ; 20 ; 0.0303116 ; -0.0135897 ; 0.00847114 ; 101.697;
10 ; 18 ; 20 ; 0.0234041 ; -0.0107332 ; 0.00571365 ; 101.867;
11 ; 18 ; 20 ; 0.0244347 ; -0.00199932 ; -0.00409913 ; 101.795;
12 ; 18 ; 20 ; 0.0156273 ; 0.00770346 ; 0.0124667 ; 101.508;
13 ; 18 ; 20 ; 0.00365261 ; -0.00767918 ; -0.0114537 ; 101.533;
14 ; 18 ; 20 ; 0.00737912 ; 0.00100301 ; 0.00710874 ; 101.909;
15 ; 18 ; 20 ; 0.0114108 ; -0.00231769 ; -0.00680096 ; 101.159;
16 ; 18 ; 20 ; 0.00530997 ; 0.00577663 ; -0.00324437 ; 102.089;
17 ; 18 ; 20 ; 0.00711806 ; -0.00272736 ; -0.00667323 ; 101.607;
18 ; 18 ; 20 ; -0.00505754 ; -0.00335605 ; -0.0033167 ; 101.376;
19 ; 18 ; 20 ; -0.00232718 ; -0.00129429 ; 0.00933558 ; 101.385;
20 ; 18 ; 20 ; -0.00408242 ; -0.00812157 ; 0.0115569 ; 101.441;
21 ; 18 ; 20 ; -0.00545854 ; -0.00750383 ; -0.00788184 ; 101.352;
22 ; 18 ; 20 ; -0.00142767 ; -0.000852467 ; -0.00635332 ; 101.822;
23 ; 18 ; 20 ; -0.0172032 ; -0.00154318 ; -0.00788016 ; 101.491;
24 ; 18 ; 20 ; -0.0104215 ; -0.0132899 ; 0.00262537 ; 101.825;
25 ; 18 ; 20 ; -0.00680482 ; -0.00368481 ; -0.00410752 ; 101.9;
26 ; 18 ; 20 ; -0.00423449 ; 0.00585909 ; 0.00242681 ; 102.037;
27 ; 18 ; 20 ; -0.0187221 ; 0.000839542 ; -0.00485568 ; 102.27;
28 ; 18 ; 20 ; -0.028623 ; -0.00815723 ; 0.00724139 ; 102.003;
29 ; 18 ; 20 ; -0.0219113 ; 0.0034584 ; 0.00408017 ; 101.866;
30 ; 18 ; 20 ; -0.0136839 ; -0.00709147 ; -0.0172435 ; 101.838;
31 ; 18 ; 20 ; -0.0101318 ; -0.00335896 ; -0.00495887 ; 101.781;
32 ; 18 ; 20 ; -0.0132093 ; -0.00442902 ; 0.00407252 ; 101.687;
33 ; 18 ; 20 ; -0.00939383 ; -0.00253858 ; -0.0091379 ; 102.149;
4 ; 19 ; 20 ; 0.00942867 ; -0.000620442 ; 0.00648355 ; 102.001;
5 ; 19 ; 20 ; -0.000282364 ; 0.0117058 ; 0.00159088 ; 101.975;
6 ; 19 ; 20 ; 0.0319997 ; -0.00494922 ; -0.0105916 ; 101.915;
7 ; 19 ; 20 ; 0.0360831 ; -0.00775695 ; -0.0126405 ; 102.01;
8 ; 19 ; 20 ; 0.0308809 ; -0.00895985 ; 0.000398576 ; 101.923;
9 ; 19 ; 20 ; 0.0260198 ; -0.00440564 ; 0.00718024 ; 101.596;
10 ; 19 ; 20 ; 0.0290061 ; -0.0179916 ; -0.00979077 ; 101.741;
11 ; 19 ; 20 ; 0.00842088 ; 0.00467594 ; -0.00263512 ; 102.065;
12 ; 19 ; 20 ; 0.00353092 ; -0.00973433 ; -0.000912303 ; 101.27;
13 ; 19 ; 20 ; 0.0287118 ; -0.026406 ; -0.0108151 ; 101.606;
14 ; 19 ; 20 ; 0.00614919 ; 0.000522764 ; 0.0016543 ; 101.43;
15 ; 19 ; 20 ; -0.00017297 ; -0.00375866 ; 0.00118819 ; 102.221;
16 ; 19 ; 20 ; 0.00839169 ; 0.000356646 ; -0.0138121 ; 101.831;
17 ; 19 ; 20 ; -0.00239838 ; 0.00371188 ; -0.00336122 ; 101.637;
18 ; 19 ; 20 ; -0.00137737 ; -0.00274787 ; -0.00257305 ; 101.383;
19 ; 19 ; 20 ; -0.00631733 ; -0.0143868 ; -0.00155648 ; 101.237;
20 ; 19 ; 20 ; 0.000776919 ; -0.00886943 ; -0.00448213 ; 101.973;
21 ; 19 ; 20 ; -0.00304736 ; -0.0115796 ; 0.00122783 ; 101.909;
22 ; 19 ; 20 ; -0.00474939 ; -0.00744972 ; -0.0108444 ; 101.462;
23 ; 19 ; 20 ; 0.00216963 ; -0.00086539 ; 0.00404387 ; 101.359;
24 ; 19 ; 20 ; -0.0219682 ; -0.0060554 ; 0.00870333 ; 101.66;
25 ; 19 ; 20 ; -0.0197291 ; -0.00210335 ; 0.011896 ; 102.018;
26 ; 19 ; 20 ; -0.0214082 ; -0.00204665 ; 0.0181816 ; 101.841;
27 ; 19 ; 20 ; -0.0296658 ; -0.00192633 ; -0.00611645 ; 101.76;
28 ; 19 ; 20 ; -0.0264445 ; -0.0117978 ; -0.00505415 ; 101.969;
29 ; 19 ; 20 ; -0.0337689 ; -0.00194566 ; 0.0016733 ; 102.195;
30 ; 19 ; 20 ; -0.0273043 ; 0.0174651 ; -0.00491492 ; 102.275;
31 ; 19 ; 20 ; -0.023382 ; -0.00236325 ; 0.0146012 ; 102.366;
32 ; 19 ; 20 ; -0.0233542 ; 0.00903496 ; 0.000156792 ; 101.919;
33 ; 19 ; 20 ; -0.00804273 ; 0.00234458 ; -0.00102151 ; 101.937;
4 ; 20 ; 20 ; 0.00261762 ; 0.00110348 ; -0.00048432 ; 101.967;
5 ; 20 ; 20 ; 0.0179034 ; 0.00807697 ; -0.00226615 ; 102.608;
6 ; 20 ; 20 ; 0.0320707 ; 0.00624407 ; 0.0119274 ; 101.948;
7 ; 20 ; 20 ; 0.0277366 ; -0.00289461 ; -0.002931 ; 101.292;
8 ; 20 ; 20 ; 0.0286348 ; 0.00294374 ; -0.00346463 ; 101.974;
9 ; 20 ; 20 ; 0.0423497 ; 0.00877307 ; 0.009022 ; 101.679;
10 ; 20 ; 20 ; 0.0313805 ; 0.00164 ; 0.0129821 ; 101.728;
11 ; 20 ; 20 ; 0.00638396 ; -0.00857361 ; -9.86147e-05 ; 102.29;
12 ; 20 ; 20 ; 0.0251439 ; -0.00108178 ; 0.00370374 ; 101.239;
13 ; 20 ; 20 ; 0.0154326 ; -0.00847599 ; -0.00485932 ; 101.47;
14 ; 20 ; 20 ; 0.00684339 ; -0.0112748 ; 0.00304667 ; 101.453;
15 ; 20 ; 20 ; 0.0144127 ; -0.00127131 ; -0.00241927 ; 101.038;
16 ; 20 ; 20 ; 0.0118057 ; 0.00727512 ; 0.00287109 ; 102.002;
17 ; 20 ; 20 ; 0.00542237 ; 0.00352987 ; 0.00547034 ; 101.624;
18 ; 20 ; 20 ; -0.0089618 ; -0.00714727 ; -0.00780722 ; 101.72;
19 ; 20 ; 20 ; 0.000118432 ; 0.00370759 ; -0.0115992 ; 101.682;
20 ; 20 ; 20 ; 0.00172689 ; -0.00260919 ; -0.000721946 ; 101.417;
21 ; 20 ; 20 ; -0.00660371 ; -0.0124218 ; -0.0086683 ; 101.585;
22 ; 20 ; 20 ; 0.000461136 ; 0.00137681 ; -0.0265966 ; 101.737;
23 ; 20 ; 20 ; -0.00848172 ; -0.0103517 ; -0.00691188 ; 101.692;
24 ; 20 ; 20 ; 0.00193164 ; -0.0101239 ; -0.00403138 ; 102.373;
25 ; 20 ; 20 ; -0.00587188 ; 0.0011876 ; -0.012572 ; 102.177;
26 ; 20 ; 20 ; -0.0146345 ; -0.000628374 ; 0.00926461 ; 101.925;
27 ; 20 ; 20 ; -0.0227284 ; 0.00765702 ; -0.00859733 ; 101.768;
28 ; 20 ; 20 ; -0.0174455 ; -0.00624938 ; -0.0132121 ; 102.579;
29 ; 20 ; 20 ; -0.0192623 ; -0.00275422 ; -0.00705167 ; 102.212;
30 ; 20 ; 20 ; -0.0313834 ; 0.000303701 ; 0.00545616 ; 101.939;
31 ; 20 ; 20 ; -0.0215614 ; 0.000111936 ; 0.00738899 ; 101.759;
32 ; 20 ; 20 ; -0.0266772 ; 0.00393829 ; 0.00171809 ; 102.24;
33 ; 20 ; 20 ; -0.0111021 ; -0.00229197 ; 0.00704371 ; 101.9;
4 ; 21 ; 20 ; 0.0135013 ; 0.0183829 ; -0.0147627 ; 102.105;
5 ; 21 ; 20 ; 0.0344612 ; -0.00222699 ; -0.00996152 ; 101.674;
6 ; 21 ; 20 ; 0.0230847 ; -0.00717138 ; -0.00531978 ; 102.115;
7 ; 21 ; 20 ; 0.0342584 ; -0.0061866 ; 0.00683324 ; 102.447;
8 ; 21 ; 20 ; 0.0189223 ; 0.0125085 ; 0.00825808 ; 101.677;
9 ; 21 ; 20 ; 0.0297142 ; 0.0120819 ; -0.00231424 ; 101.593;
10 ; 21 ; 20 ; 0.0315261 ; 0.0099845 ; -0.00544773 ; 101.766;
11 ; 21 ; 20 ; 0.0228613 ; -0.00379674 ; 0.000714559 ; 101.72;
12 ; 21 ; 20 ; 0.0201633 ; -0.00533251 ; 0.00448345 ; 101.998;
13 ; 21 ; 20 ; 0.00824882 ; -0.00443011 ; -0.00590399 ; 101.439;
14 ; 21 ; 20 ; 0.0040022 ; -0.00206484 ; -0.0102891 ; 101.675;
15 ; 21 ; 20 ; 0.00014755 ; -0.00621276 ; 0.00308823 ; 101.832;
16 ; 21 ; 20 ; -0.0035607 ; -0.00611464 ; 0.00334156 ; 101.595;
17 ; 21 ; 20 ; -0.0125084 ; -0.00251866 ; 0.00357447 ; 101.773;
18 ; 21 ; 20 ; 0.00100496 ; -0.00173988 ; -0.00913578 ; 101.716;
19 ; 21 ; 20 ; -0.00980958 ; 0.00182456 ; 0.000922903 ; 101.327;
20 ; 21 ; 20 ; 0.00632056 ; -0.00771074 ; -0.00457601 ; 101.734;
21 ; 21 ; 20 ; 0.00249068 ; -0.00578096 ; 0.00728843 ; 101.838;
22 ; 21 ; 20 ; 0.00581135 ; 0.00895505 ; -0.0124415 ; 101.723;
23 ; 21 ; 20 ; -0.0100855 ; -0.0100753 ; -0.000925306 ; 101.691;
24 ; 21 ; 20 ; -0.0180679 ; -0.00301295 ; 0.00288229 ; 101.88;
25 ; 21 ; 20 ; -0.00995893 ; -0.00244568 ; -0.00431646 ; 101.787;
26 ; 21 ; 20 ; -0.0278602 ; -0.00948094 ; -0.00784681 ; 101.743;
27 ; 21 ; 20 ; -0.0313195 ; 0.00933935 ; -0.016627 ; 101.948;
28 ; 21 ; 20 ; -0.018895 ; 0.00960119 ; -0.000513012 ; 102.283;
29 ; 21 ; 20 ; -0.011618 ; -0.0176386 ; 0.000714678 ; 101.971;
30 ; 21 ; 20 ; -0.0288652 ; -0.00470954 ; 0.0072875 ; 102.104;
31 ; 21 ; 20 ; -0.00674718 ; -0.00336646 ; 0.00301848 ; 102.193;
32 ; 21 ; 20 ; -0.0128474 ; -0.000326567 ; 0.010262 ; 102.308;
33 ; 21 ; 20 ; 0.00245355 ; -0.01177 ; 0.00876108 ; 101.944;
4 ; 22 ; 20 ; 0.00280963 ; 0.000527231 ; 0.00561518 ; 101.749;
5 ; 22 ; 20 ; 0.0115591 ; -0.00132836 ; -0.00041822 ; 102.379;
6 ; 22 ; 20 ; 0.00288568 ; 0.00908729 ; -0.00191394 ; 102.223;
7 ; 22 ; 20 ; 0.021318 ; -0.00387733 ; 0.00378448 ; 102.146;
8 ; 22 ; 20 ; 0.0205877 ; -0.00544242 ; 0.0172849 ; 102.369;
9 ; 22 ; 20 ; 0.0248458 ; -0.0024152 ; -0.00637401 ; 102.296;
10 ; 22 ; 20 ; 0.0273471 ; -0.00412819 ; -0.00349916 ; 101.528;
11 ; 22 ; 20 ; 0.0219768 ; -0.0073906 ; -0.00644264 ; 102.225;
12 ; 22 ; 20 ; 0.0151698 ; 0.000938687 ; 0.00052977 ; 101.426;
13 ; 22 ; 20 ; 0.0290523 ; -0.0263002 ; -0.00464411 ; 101.79;
14 ; 22 ; 20 ; 0.0202138 ; -0.0139335 ; 3.15993e-06 ; 101.95;
15 ; 22 ; 20 ; 0.00497086 ; -0.00234125 ; -0.0048691 ; 101.812;
16 ; 22 ; 20 ; 0.00767901 ; -0.00633938 ; -0.00265664 ; 101.865;
17 ; 22 ; 20 ; -0.000299518 ; 6.51873e-06 ; -0.00778826 ; 101.962;
18 ; 22 ; 20 ; 0.00129229 ; -0.00779091 ; -0.0141071 ; 101.474;
19 ; 22 ; 20 ; -0.00161371 ; -0.0180384 ; -0.00609594 ; 101.358;
20 ; 22 ; 20 ; 0.00862394 ; -0.0120588 ; 0.00581113 ; 101.708;
21 ; 22 ; 20 ; 0.00921023 ; -0.00866411 ; 0.0101535 ; 101.545;
22 ; 22 ; 20 ; -0.00675026 ; -0.011863 ; -0.0226135 ; 101.832;
23 ; 22 ; 20 ; -0.0224014 ; -0.00958992 ; -0.000229854 ; 101.829;
24 ; 22 ; 20 ; -0.00647407 ; 0.00263549 ; -0.00459425 ; 101.552;
25 ; 22 ; 20 ; -0.0043806 ; -0.0142901 ; -0.00336592 ; 101.797;
26 ; 22 ; 20 ; -0.025091 ; -0.0151494 ; 0.00107451 ; 101.729;
27 ; 22 ; 20 ; -0.0438324 ; -0.0257869 ; -0.00719224 ; 102.43;
28 ; 22 ; 20 ; -0.0341336 ; 0.000732065 ; 0.0034129 ; 101.862;
29 ; 22 ; 20 ; -0.0350076 ; -0.00726981 ; -0.00591635 ; 101.865;
30 ; 22 ; 20 ; -0.0241536 ; -0.00526939 ; -0.00562533 ; 101.859;
31 ; 22 ; 20 ; -0.0190385 ; -0.0157818 ; 0.00148354 ; 102.081;
32 ; 22 ; 20 ; -0.00937427 ; 0.00145269 ; 0.00429929 ; 102.09;
33 ; 22 ; 20 ; -0.00299496 ; 1.63127e-05 ; -0.00199126 ; 102.2;
4 ; 23 ; 20 ; 0.00820174 ; -0.00113423 ; -0.00467974 ; 102.289;
5 ; 23 ; 20 ; 0.00749103 ; 0.00398392 ; -0.000252143 ; 102.326;
6 ; 23 ; 20 ; 0.0154497 ; -0.00681234 ; 0.0115343 ; 101.543;
7 ; 23 ; 20 ; 0.0192326 ; 0.000766958 ; -0.00673947 ; 102.063;
8 ; 23 ; 20 ; 0.0298442 ; -0.00415524 ; 0.00558907 ; 101.892;
9 ; 23 ; 20 ; 0.020605 ; -0.0140056 ; 0.00226323 ; 101.979;
10 ; 23 ; 20 ; 0.0244291 ; -0.00173148 ; 0.0159739 ; 102.065;
11 ; 23 ; 20 ; 0.0261914 ; 0.0012244 ; -0.00833421 ; 101.52;
12 ; 23 ; 20 ; 0.0164791 ; -0.00721577 ; -0.00412655 ; 101.701;
13 ; 23 ; 20 ; 0.0141076 ; -0.0140093 ; -0.0010418 ; 101.448;
14 ; 23 ; 20 ; 0.016008 ; -0.00489313 ; 0.0013357 ; 101.5;
15 ; 23 ; 20 ; 0.0112709 ; -0.00939636 ; -0.000926118 ; 101.896;
16 ; 23 ; 20 ; 0.0014081 ; -0.00740425 ; -0.00407281 ; 101.638;
17 ; 23 ; 20 ; -0.00609847 ; -0.00855763 ; 0.00780699 ; 101.516;
18 ; 23 ; 20 ; 0.00754827 ; -0.0235729 ; 0.0060784 ; 101.798;
19 ; 23 ; 20 ; 0.0129457 ; -0.0134421 ; -0.0131959 ; 101.352;
20 ; 23 ; 20 ; 0.0044911 ; 0.00772464 ; -0.00703217 ; 101.87;
21 ; 23 ; 20 ; -0.0105026 ; -0.0066083 ; 0.000240644 ; 102.228;
22 ; 23 ; 20 ; -0.0138585 ; -0.0191832 ; 0.00431739 ; 101.483;
23 ; 23 ; 20 ; -0.00786268 ; -0.0103058 ; 0.00952242 ; 102.173;
24 ; 23 ; 20 ; -0.0109725 ; -0.0031731 ; 0.00884032 ; 102.124;
25 ; 23 ; 20 ; -0.00814915 ; 0.00106785 ; -0.00750378 ; 102.086;
26 ; 23 ; 20 ; -0.015311 ; 0.00390804 ; 9.53629e-05 ; 102.059;
27 ; 23 ; 20 ; -0.015622 ; -0.0114101 ; 0.0083606 ; 102.32;
28 ; 23 ; 20 ; -0.0168372 ; -0.00798389 ; 0.0100034 ; 102.402;
29 ; 23 ; 20 ; -0.0207738 ; -0.00330419 ; 0.00139021 ; 102.122;
30 ; 23 ; 20 ; -0.0184978 ; -0.00688751 ; -0.011458 ; 102.573;
31 ; 23 ; 20 ; -0.0269509 ; 0.00400698 ; -0.00778804 ; 101.859;
32 ; 23 ; 20 ; -0.021769 ; -0.00418154 ; 0.000127659 ; 101.937;
33 ; 23 ; 20 ; -0.0105799 ; -0.000492741 ; -0.00513725 ; 101.928;
4 ; 24 ; 20 ; 0.012653 ; -0.0100297 ; 0.00842529 ; 102.291;
5 ; 24 ; 20 ; 0.0337467 ; -0.0157507 ; 0.013837 ; 101.944;
6 ; 24 ; 20 ; 0.0189921 ; -0.01122 ; -0.00772282 ; 102.188;
7 ; 24 ; 20 ; 0.0275812 ; -0.00706846 ; -0.010608 ; 102.395;
8 ; 24 ; 20 ; 0.0442007 ; -0.008449 ; 0.0054863 ; 102.162;
9 ; 24 ; 20 ; 0.026979 ; -0.0141237 ; -0.0104587 ; 102.568;
10 ; 24 ; 20 ; 0.0320544 ; -0.00504056 ; -0.00685236 ; 102.138;
11 ; 24 ; 20 ; 0.0252595 ; 0.00441121 ; -0.00431038 ; 101.757;
12 ; 24 ; 20 ; 0.0157892 ; 0.00194266 ; 0.00290718 ; 102.035;
13 ; 24 ; 20 ; 0.016311 ; -0.0117241 ; -0.0075547 ; 101.909;
14 ; 24 ; 20 ; -0.00314904 ; -0.0135327 ; -0.0164364 ; 101.628;
15 ; 24 ; 20 ; 0.000829068 ; -0.00525609 ; 0.00402043 ; 102.108;
16 ; 24 ; 20 ; 0.00754548 ; -0.0103388 ; -0.000115625 ; 101.797;
17 ; 24 ; 20 ; 0.00280956 ; -0.0179633 ; 0.000360052 ; 102.07;
18 ; 24 ; 20 ; -0.00535402 ; -0.0282202 ; -0.00129711 ; 101.565;
19 ; 24 ; 20 ; 0.00123214 ; -0.0157907 ; -0.00157545 ; 101.579;
20 ; 24 ; 20 ; 0.00224449 ; -0.0149726 ; 0.0040985 ; 101.62;
21 ; 24 ; 20 ; 0.00727574 ; -0.0154276 ; -0.00681624 ; 101.453;
22 ; 24 ; 20 ; -0.00299997 ; -0.0120728 ; 0.00793268 ; 101.549;
23 ; 24 ; 20 ; -0.0174486 ; -0.00537229 ; 0.0129961 ; 101.876;
24 ; 24 ; 20 ; -0.0216244 ; -0.0125229 ; 0.00326271 ; 101.897;
25 ; 24 ; 20 ; -0.0254919 ; 1.40211e-05 ; -0.0117752 ; 101.814;
26 ; 24 ; 20 ; -0.010582 ; -0.003267 ; -0.00457531 ; 101.742;
27 ; 24 ; 20 ; -0.0181478 ; -0.0172539 ; 0.00134049 ; 102.328;
28 ; 24 ; 20 ; -0.0344894 ; -0.0213584 ; 0.00284233 ; 102.332;
29 ; 24 ; 20 ; -0.0341207 ; -0.0135012 ; 0.00372627 ; 102.756;
30 ; 24 ; 20 ; -0.0427723 ; -0.00771712 ; 0.00451399 ; 102.446;
31 ; 24 ; 20 ; -0.0234758 ; -0.0136811 ; -0.00643842 ; 102.065;
32 ; 24 ; 20 ; -0.0167973 ; -0.0274876 ; -0.000273782 ; 102.148;
33 ; 24 ; 20 ; -0.0153204 ; 0.00244779 ; 0.00312526 ; 102.463;
4 ; 25 ; 20 ; -7.04494e-05 ; -0.00880952 ; -0.00371763 ; 102.126;
5 ; 25 ; 20 ; 0.00838739 ; -0.00622024 ; 0.0111515 ; 102.283;
6 ; 25 ; 20 ; 0.0140626 ; -0.00724547 ; 0.00444825 ; 101.832;
7 ; 25 ; 20 ; 0.0422323 ; -0.0145526 ; -0.00531115 ; 102.025;
8 ; 25 ; 20 ; 0.038193 ; -0.00919221 ; -0.00106313 ; 102.25;
9 ; 25 ; 20 ; 0.0149703 ; -0.00955207 ; -0.00816631 ; 102.733;
10 ; 25 ; 20 ; 0.0255796 ; -0.010975 ; 0.00439249 ; 102.606;
11 ; 25 ; 20 ; 0.0244615 ; -0.0189999 ; 0.0124499 ; 101.834;
12 ; 25 ; 20 ; 0.00624146 ; -0.0193399 ; -0.00594842 ; 101.887;
13 ; 25 ; 20 ; -0.00019482 ; -0.0140699 ; -0.000616267 ; 101.533;
14 ; 25 ; 20 ; -0.0033806 ; -0.012624 ; 0.00508726 ; 102.057;
15 ; 25 ; 20 ; -0.00790583 ; -0.0143658 ; -0.0117095 ; 102.037;
16 ; 25 ; 20 ; 0.00392183 ; -0.0154457 ; -0.00647423 ; 101.913;
17 ; 25 ; 20 ; 0.008013 ; -0.0051305 ; 0.00817037 ; 102.037;
18 ; 25 ; 20 ; -0.00480057 ; -0.0239511 ; -0.0019575 ; 102.289;
19 ; 25 ; 20 ; -0.00169687 ; -0.0175872 ; -0.00387142 ; 101.978;
20 ; 25 ; 20 ; 0.00594915 ; -0.0140509 ; 0.00299532 ; 101.35;
21 ; 25 ; 20 ; 0.00541086 ; -0.0108246 ; -0.0107676 ; 102.34;
22 ; 25 ; 20 ; 0.00201503 ; -0.0188478 ; -0.0089734 ; 101.509;
23 ; 25 ; 20 ; 0.00758442 ; -0.0110775 ; -0.000901918 ; 102.051;
24 ; 25 ; 20 ; -0.0058798 ; -0.00767757 ; 0.00369669 ; 102.252;
25 ; 25 ; 20 ; -0.0191571 ; -0.00307246 ; -0.00236069 ; 101.907;
26 ; 25 ; 20 ; -0.0327335 ; -0.00532609 ; 0.00176527 ; 102.494;
27 ; 25 ; 20 ; -0.0356084 ; -0.00732425 ; 0.00110561 ; 102.173;
28 ; 25 ; 20 ; -0.0188357 ; -0.0191527 ; 0.00865181 ; 102.498;
29 ; 25 ; 20 ; -0.0185457 ; -0.0173584 ; 0.0015576 ; 101.883;
30 ; 25 ; 20 ; -0.0251831 ; -0.0118826 ; -0.0042299 ; 102.143;
31 ; 25 ; 20 ; -0.0090187 ; -0.0201608 ; 0.00283245 ; 102.285;
32 ; 25 ; 20 ; -0.00720112 ; -0.0103577 ; 0.000426843 ; 102.437;
33 ; 25 ; 20 ; -0.00470562 ; 0.00272275 ; 0.00175254 ; 102.356;
4 ; 26 ; 20 ; -0.00312983 ; -0.0132453 ; -0.00837243 ; 102.476;
5 ; 26 ; 20 ; 0.000666757 ; -0.0106681 ; 0.00722117 ; 101.687;
6 ; 26 ; 20 ; 0.0200911 ; -0.0143887 ; 0.00380217 ; 102.541;
7 ; 26 ; 20 ; 0.0248422 ; -0.023626 ; -0.00522852 ; 102.284;
8 ; 26 ; 20 ; 0.0245247 ; -0.0133364 ; 0.00149597 ; 102.347;
9 ; 26 ; 20 ; 0.0166652 ; -0.00871011 ; 0.00110211 ; 102.144;
10 ; 26 ; 20 ; 0.0209758 ; -0.0137984 ; -0.0160251 ; 102.63;
11 ; 26 ; 20 ; 0.0310115 ; -0.0202401 ; 0.0044218 ; 102.011;
12 ; 26 ; 20 ; 0.00698836 ; -0.0101177 ; 0.000272647 ; 102.509;
13 ; 26 ; 20 ; 0.00743763 ; -0.013953 ; 0.000918165 ; 102.182;
14 ; 26 ; 20 ; 0.00082189 ; -0.0267036 ; 0.0021369 ; 102.066;
15 ; 26 ; 20 ; 0.00862053 ; -0.00794941 ; -0.00523768 ; 102.316;
16 ; 26 ; 20 ; -0.000452727 ; -0.0206401 ; -0.00816427 ; 102.176;
17 ; 26 ; 20 ; -0.00546374 ; -0.0145111 ; 0.00156776 ; 101.063;
18 ; 26 ; 20 ; -0.00792455 ; -0.0284702 ; -0.001277 ; 101.871;
19 ; 26 ; 20 ; -0.00196485 ; -0.0166497 ; 0.000132741 ; 101.978;
20 ; 26 ; 20 ; 0.00827354 ; -0.00770046 ; -0.00768689 ; 102.068;
21 ; 26 ; 20 ; -0.0034657 ; -0.0203542 ; -0.00803274 ; 101.884;
22 ; 26 ; 20 ; -0.00667839 ; -0.0163705 ; -0.000635981 ; 101.827;
23 ; 26 ; 20 ; -0.00813322 ; -0.0195825 ; 0.003092 ; 102.329;
24 ; 26 ; 20 ; -0.0121359 ; -0.0111992 ; 0.000727592 ; 101.908;
25 ; 26 ; 20 ; -0.0248674 ; -0.0159311 ; 0.00836292 ; 102.347;
26 ; 26 ; 20 ; -0.021088 ; -0.0340137 ; 0.00879752 ; 102.138;
27 ; 26 ; 20 ; -0.031555 ; -0.0100695 ; -0.000916207 ; 102.224;
28 ; 26 ; 20 ; -0.0250609 ; -0.00710709 ; -0.0109765 ; 102.044;
29 ; 26 ; 20 ; -0.0293838 ; -0.00852733 ; -0.000667284 ; 102.321;
30 ; 26 ; 20 ; -0.014647 ; -0.011424 ; -0.00685041 ; 102.766;
31 ; 26 ; 20 ; -0.0248787 ; -0.00544833 ; 0.00961559 ; 102.076;
32 ; 26 ; 20 ; -0.0144511 ; -0.0273491 ; 0.00104573 ; 102.325;
33 ; 26 ; 20 ; -0.00448606 ; -0.00721521 ; -0.00806089 ; 102.44;
4 ; 27 ; 20 ; 0.0146013 ; -0.00922626 ; -0.00910867 ; 102.874;
5 ; 27 ; 20 ; 0.0115042 ; -0.0138305 ; 0.0113622 ; 102.366;
6 ; 27 ; 20 ; 0.00447391 ; -0.0145982 ; -0.00266399 ; 102.654;
7 ; 27 ; 20 ; 0.00956432 ; -0.0179651 ; 0.0076037 ; 102.238;
8 ; 27 ; 20 ; 0.0176804 ; -0.0184642 ; -0.0116438 ; 102.413;
9 ; 27 ; 20 ; 0.0173646 ; -0.0129312 ; 0.00214147 ; 102.472;
10 ; 27 ; 20 ; 0.0155189 ; -0.0184398 ; 0.00234922 ; 102.909;
11 ; 27 ; 20 ; 0.0212261 ; -0.0178773 ; 0.00814309 ; 102.04;
12 ; 27 ; 20 ; 0.0179653 ; -0.0135297 ; -0.0064549 ; 101.818;
13 ; 27 ; 20 ; 0.00336612 ; -0.0174437 ; 0.00389357 ; 101.881;
14 ; 27 ; 20 ; 0.011188 ; -0.0169584 ; -0.000576425 ; 101.771;
15 ; 27 ; 20 ; 0.0148502 ; -0.0201424 ; -0.00906127 ; 101.51;
16 ; 27 ; 20 ; 0.00349291 ; -0.0214125 ; -0.00314033 ; 101.987;
17 ; 27 ; 20 ; 0.00496559 ; -0.0239429 ; 0.00965731 ; 102.354;
18 ; 27 ; 20 ; -0.0115694 ; -0.0314175 ; -0.0100185 ; 101.858;
19 ; 27 ; 20 ; 0.000826169 ; -0.03245 ; -0.00319071 ; 101.739;
20 ; 27 ; 20 ; 0.00130283 ; -0.0286352 ; 0.00453604 ; 102.398;
21 ; 27 ; 20 ; 0.00505435 ; -0.0117398 ; 0.00424965 ; 101.766;
22 ; 27 ; 20 ; -0.00650602 ; -0.0179266 ; -0.0105559 ; 102.155;
23 ; 27 ; 20 ; 0.0028766 ; -0.0159757 ; -0.0162472 ; 102.376;
24 ; 27 ; 20 ; -0.00265971 ; -0.0276397 ; 0.0121163 ; 101.982;
25 ; 27 ; 20 ; -0.00465788 ; -0.0320888 ; -0.00247637 ; 101.836;
26 ; 27 ; 20 ; -0.0205048 ; -0.0369057 ; -0.00407484 ; 101.911;
27 ; 27 ; 20 ; -0.0283255 ; -0.0330892 ; -0.00100771 ; 102.144;
28 ; 27 ; 20 ; -0.0110952 ; -0.0221652 ; 0.00487067 ; 102.11;
29 ; 27 ; 20 ; -0.0292434 ; -0.0137265 ; -0.000790151 ; 102.233;
30 ; 27 ; 20 ; -0.00570569 ; -0.018885 ; 0.00271955 ; 102.401;
31 ; 27 ; 20 ; -0.0126631 ; -0.0219536 ; -0.0045438 ; 102.672;
32 ; 27 ; 20 ; -0.00800822 ; -0.0175678 ; 0.00588976 ; 102.389;
33 ; 27 ; 20 ; -0.0159076 ; -0.028282 ; 0.0118242 ; 102.444;
4 ; 28 ; 20 ; 0.00288418 ; -0.015747 ; 0.00351354 ; 102.231;
5 ; 28 ; 20 ; 0.0116951 ; -0.0272128 ; 1.72078e-05 ; 102.262;
6 ; 28 ; 20 ; 0.00576689 ; -0.0211797 ; -0.00366146 ; 102.487;
7 ; 28 ; 20 ; 0.0260505 ; -0.0236862 ; -0.00256899 ; 102.359;
8 ; 28 ; 20 ; 0.0209544 ; -0.0127655 ; -0.0131218 ; 102.689;
9 ; 28 ; 20 ; 0.0242241 ; -0.0154729 ; -0.0120683 ; 102.511;
10 ; 28 ; 20 ; 0.0132162 ; -0.0353235 ; 0.00141221 ; 102.624;
11 ; 28 ; 20 ; 0.0260438 ; -0.0328969 ; -0.00458305 ; 102.179;
12 ; 28 ; 20 ; 0.0100862 ; -0.0320029 ; 0.00224592 ; 102.23;
13 ; 28 ; 20 ; 0.00298732 ; -0.0247014 ; -0.0112612 ; 101.961;
14 ; 28 ; 20 ; 0.00375646 ; -0.0249123 ; -0.0110628 ; 102.368;
15 ; 28 ; 20 ; 0.0111887 ; -0.0191706 ; 0.000251327 ; 101.987;
16 ; 28 ; 20 ; 0.00299385 ; -0.0279449 ; -0.00418651 ; 102.251;
17 ; 28 ; 20 ; 0.00114081 ; -0.0383184 ; -0.00345233 ; 101.8;
18 ; 28 ; 20 ; -0.0116266 ; -0.0198626 ; -0.00973056 ; 102.188;
19 ; 28 ; 20 ; -0.000435159 ; -0.0281192 ; 0.000875492 ; 102.282;
20 ; 28 ; 20 ; 0.000454815 ; -0.0269101 ; -0.00621106 ; 101.613;
21 ; 28 ; 20 ; -0.00134572 ; -0.0214075 ; 0.0131158 ; 102.631;
22 ; 28 ; 20 ; -0.00475328 ; -0.0233176 ; -0.00655874 ; 101.855;
23 ; 28 ; 20 ; 0.0053232 ; -0.0339902 ; -0.00130855 ; 102.169;
24 ; 28 ; 20 ; -0.0097529 ; -0.0259428 ; 0.00254688 ; 102.16;
25 ; 28 ; 20 ; -0.0108734 ; -0.0395233 ; 0.00610467 ; 102.357;
26 ; 28 ; 20 ; -0.0291307 ; -0.00772589 ; 0.00128021 ; 102.296;
27 ; 28 ; 20 ; -0.0162794 ; -0.0271359 ; 0.000579004 ; 102.236;
28 ; 28 ; 20 ; -0.0130038 ; -0.0218223 ; 0.00361032 ; 102.94;
29 ; 28 ; 20 ; -0.0333296 ; -0.0172399 ; 0.000492247 ; 102.445;
30 ; 28 ; 20 ; -0.0125751 ; -0.0259776 ; -0.0122995 ; 102.741;
31 ; 28 ; 20 ; -0.0117733 ; -0.0254158 ; 0.00288051 ; 102.576;
32 ; 28 ; 20 ; -0.0285311 ; -0.0202267 ; 0.0106083 ; 102.697;
33 ; 28 ; 20 ; -0.00726594 ; -0.0097779 ; 0.0165522 ; 102.45;
4 ; 29 ; 20 ; 0.00794436 ; -0.0268178 ; -0.00408433 ; 102.487;
5 ; 29 ; 20 ; 0.00327133 ; -0.0183236 ; 0.00238053 ; 102.684;
6 ; 29 ; 20 ; 0.0108263 ; -0.0203156 ; 0.00507508 ; 102.372;
7 ; 29 ; 20 ; 0.00553329 ; -0.0189125 ; -0.0082791 ; 102.399;
8 ; 29 ; 20 ; 0.0106517 ; -0.000499381 ; -0.00440497 ; 102.538;
9 ; 29 ; 20 ; 0.0234234 ; -0.0243523 ; 0.00673931 ; 102.987;
10 ; 29 ; 20 ; 0.015249 ; -0.0296506 ; -0.0052685 ; 102.425;
11 ; 29 ; 20 ; 0.0126513 ; -0.0121058 ; 0.00169351 ; 102.751;
12 ; 29 ; 20 ; 0.0289187 ; -0.0295824 ; -0.0049548 ; 102.467;
13 ; 29 ; 20 ; -0.00795127 ; -0.0236832 ; 0.00166232 ; 102.076;
14 ; 29 ; 20 ; 0.00185208 ; -0.0409848 ; 0.000288366 ; 102.021;
15 ; 29 ; 20 ; 0.0051317 ; -0.0286165 ; -0.00104849 ; 102.629;
16 ; 29 ; 20 ; 0.00456713 ; -0.0255859 ; -0.00147077 ; 101.941;
17 ; 29 ; 20 ; 0.0107758 ; -0.0273883 ; 0.0027317 ; 102.116;
18 ; 29 ; 20 ; -0.00248033 ; -0.0285464 ; 0.013517 ; 101.622;
19 ; 29 ; 20 ; -0.00278371 ; -0.0247323 ; 5.79508e-05 ; 102.2;
20 ; 29 ; 20 ; 0.00433922 ; -0.0227944 ; -0.00603355 ; 102.509;
21 ; 29 ; 20 ; -0.00142187 ; -0.0225344 ; 0.000687139 ; 102.022;
22 ; 29 ; 20 ; 0.000846336 ; -0.0218519 ; -0.00313138 ; 101.937;
23 ; 29 ; 20 ; -0.0105706 ; -0.0106556 ; 0.00496346 ; 101.603;
24 ; 29 ; 20 ; -0.00962513 ; -0.020598 ; 0.00047239 ; 101.876;
25 ; 29 ; 20 ; -0.0143645 ; -0.032308 ; -0.00530752 ; 102.399;
26 ; 29 ; 20 ; -0.025826 ; -0.0369938 ; -0.000347071 ; 102.396;
27 ; 29 ; 20 ; -0.0105533 ; -0.0415897 ; -0.00161298 ; 102.55;
28 ; 29 ; 20 ; -0.0317681 ; -0.0119503 ; 0.016476 ; 102.415;
29 ; 29 ; 20 ; -0.0212098 ; -0.0160895 ; 0.00503566 ; 102.907;
30 ; 29 ; 20 ; -0.0071702 ; -0.025885 ; 0.00433435 ; 102.58;
31 ; 29 ; 20 ; -0.00399082 ; -0.0186415 ; 0.00560783 ; 102.434;
32 ; 29 ; 20 ; 0.00120041 ; -0.0145941 ; -0.000174232 ; 102.568;
33 ; 29 ; 20 ; 0.00240208 ; -0.0182512 ; -0.000306274 ; 102.41;
4 ; 30 ; 20 ; 0.0165962 ; -0.0171832 ; -0.000789624 ; 102.508;
5 ; 30 ; 20 ; 0.0096062 ; -0.0175974 ; 0.00118961 ; 102.661;
6 ; 30 ; 20 ; 0.0114863 ; -0.011713 ; -0.0037529 ; 102.613;
7 ; 30 ; 20 ; 0.018246 ; -0.00920427 ; -0.00313943 ; 102.545;
8 ; 30 ; 20 ; 0.0241233 ; -0.0137523 ; -0.00415817 ; 102.772;
9 ; 30 ; 20 ; 0.00313535 ; -0.0257448 ; 0.00647811 ; 102.575;
10 ; 30 ; 20 ; 0.0275046 ; -0.0169814 ; 0.00680866 ; 102.429;
11 ; 30 ; 20 ; 0.0159241 ; -0.0178708 ; -0.00594022 ; 102.507;
12 ; 30 ; 20 ; 0.0105032 ; -0.0156539 ; 0.00425936 ; 101.958;
13 ; 30 ; 20 ; 0.00463787 ; -0.0253335 ; 0.00211154 ; 102.224;
14 ; 30 ; 20 ; 0.00240476 ; -0.0264463 ; 0.0064762 ; 102.203;
15 ; 30 ; 20 ; 0.00612348 ; -0.0318043 ; 0.00201203 ; 102.006;
16 ; 30 ; 20 ; -0.00436743 ; -0.0153847 ; 0.0166472 ; 102.168;
17 ; 30 ; 20 ; -0.00210061 ; -0.0120117 ; -0.00998307 ; 102.1;
18 ; 30 ; 20 ; 0.00309528 ; -0.0205755 ; -0.00945979 ; 101.679;
19 ; 30 ; 20 ; 0.00802883 ; -0.0190899 ; -0.00242901 ; 102.313;
20 ; 30 ; 20 ; -0.0056272 ; -0.0198255 ; 0.00179908 ; 102.094;
21 ; 30 ; 20 ; 0.00209879 ; -0.0298057 ; -0.00100202 ; 101.85;
22 ; 30 ; 20 ; 0.00781442 ; -0.022272 ; -0.00841807 ; 101.886;
23 ; 30 ; 20 ; -0.0109272 ; -0.0200776 ; 0.00457627 ; 102.384;
24 ; 30 ; 20 ; -0.0119525 ; -0.0137375 ; 0.000977583 ; 102.052;
25 ; 30 ; 20 ; -0.0287099 ; -0.012334 ; 0.00495364 ; 102.495;
26 ; 30 ; 20 ; -0.0154429 ; -0.0252144 ; 0.00426034 ; 102.069;
27 ; 30 ; 20 ; -0.0235902 ; -0.0179436 ; 0.0121842 ; 102.781;
28 ; 30 ; 20 ; -0.0121805 ; -0.0137516 ; 0.0142455 ; 102.79;
29 ; 30 ; 20 ; -0.0305424 ; -0.0254938 ; 0.00283791 ; 102.783;
30 ; 30 ; 20 ; -0.0102305 ; -0.0118125 ; -0.0149019 ; 102.128;
31 ; 30 ; 20 ; 0.000787435 ; -0.0123364 ; -0.00553251 ; 102.42;
32 ; 30 ; 20 ; -0.00863129 ; -0.0193847 ; -0.00466652 ; 102.854;
33 ; 30 ; 20 ; 0.0122165 ; -0.0203651 ; 0.0106188 ; 102.984;
4 ; 31 ; 20 ; 0.00761973 ; -0.00372565 ; 0.00197078 ; 102.518;
5 ; 31 ; 20 ; 0.0114898 ; -0.0116739 ; 0.0071906 ; 102.357;
6 ; 31 ; 20 ; 0.0137181 ; -0.0189405 ; -0.011758 ; 102.332;
7 ; 31 ; 20 ; 0.0100913 ; -0.0130667 ; 0.0138275 ; 102.746;
8 ; 31 ; 20 ; 0.0331502 ; -0.0231999 ; 0.000201287 ; 102.807;
9 ; 31 ; 20 ; 0.0185746 ; -0.0106171 ; -0.00699246 ; 102.436;
10 ; 31 ; 20 ; 0.0277377 ; -0.00527193 ; -0.011214 ; 102.236;
11 ; 31 ; 20 ; 0.0246704 ; -0.0121135 ; 0.00962228 ; 102.316;
12 ; 31 ; 20 ; 0.00711553 ; -0.00211236 ; 0.00643059 ; 102.349;
13 ; 31 ; 20 ; 0.00914971 ; -0.0165546 ; -0.00626529 ; 102.338;
14 ; 31 ; 20 ; 0.0083786 ; -0.0121589 ; -0.00456338 ; 101.757;
15 ; 31 ; 20 ; 0.00979702 ; -0.0248194 ; -0.00600737 ; 102.185;
16 ; 31 ; 20 ; -0.00497609 ; -0.0164399 ; -0.00623032 ; 102.009;
17 ; 31 ; 20 ; -0.00981661 ; -0.0184914 ; -0.00437765 ; 102.021;
18 ; 31 ; 20 ; 0.00244848 ; -0.0204594 ; 0.00746571 ; 102.153;
19 ; 31 ; 20 ; -0.00275592 ; -0.0156846 ; 0.000466388 ; 101.581;
20 ; 31 ; 20 ; -0.00955114 ; -0.0165405 ; -0.000182425 ; 102.126;
21 ; 31 ; 20 ; 0.00653634 ; -0.0232685 ; -0.0128291 ; 102.053;
22 ; 31 ; 20 ; 0.0051182 ; -0.0138488 ; 0.00712593 ; 101.732;
23 ; 31 ; 20 ; -0.0103626 ; -0.0144865 ; 0.0059808 ; 102.183;
24 ; 31 ; 20 ; -0.00277817 ; -0.0174927 ; -0.000744923 ; 102.015;
25 ; 31 ; 20 ; -0.00792651 ; -0.0209842 ; -0.0010639 ; 102.582;
26 ; 31 ; 20 ; -0.0168568 ; -0.0183607 ; -0.000870179 ; 102.585;
27 ; 31 ; 20 ; -0.0250304 ; -0.0193363 ; -0.00110824 ; 102.94;
28 ; 31 ; 20 ; -0.0238204 ; -0.011763 ; 0.0115568 ; 102.513;
29 ; 31 ; 20 ; -0.0243765 ; -0.0268356 ; -0.0102356 ; 102.232;
30 ; 31 ; 20 ; -0.00477477 ; -0.0162644 ; -0.00017463 ; 102.581;
31 ; 31 ; 20 ; -0.00844017 ; -0.00767108 ; -0.00203573 ; 102.469;
32 ; 31 ; 20 ; -0.0111915 ; -0.0192526 ; -0.00315818 ; 102.408;
33 ; 31 ; 20 ; -0.00940714 ; 0.0010734 ; 0.000634955 ; 102.669;
4 ; 32 ; 20 ; 0.00497896 ; -0.00562027 ; 0.0116663 ; 102.697;
5 ; 32 ; 20 ; 0.0148134 ; -0.00829899 ; 0.00748574 ; 103.021;
6 ; 32 ; 20 ; 0.0408579 ; 0.0114817 ; -0.000905735 ; 102.287;
7 ; 32 ; 20 ; 0.0159939 ; -0.00369755 ; 0.00243462 ; 102.628;
8 ; 32 ; 20 ; 0.0242831 ; -0.0129179 ; -0.00399756 ; 102.374;
9 ; 32 ; 20 ; 0.0273287 ; -0.0165604 ; 0.00359452 ; 102.602;
10 ; 32 ; 20 ; 0.0165512 ; -0.00165195 ; 0.00425229 ; 102.681;
11 ; 32 ; 20 ; 0.0280624 ; 0.00449233 ; 0.000166839 ; 102.36;
12 ; 32 ; 20 ; 0.0181394 ; -0.00633619 ; -0.00106561 ; 102.483;
13 ; 32 ; 20 ; 0.00114361 ; -0.00571259 ; -0.0151627 ; 102.427;
14 ; 32 ; 20 ; 0.0103457 ; -0.00104547 ; -0.00158044 ; 101.874;
15 ; 32 ; 20 ; 0.0157678 ; -0.0163214 ; -0.00355929 ; 102.196;
16 ; 32 ; 20 ; 0.00538633 ; -0.000480032 ; -0.00555678 ; 101.982;
17 ; 32 ; 20 ; -0.00337973 ; -0.0216406 ; 0.00747948 ; 102.38;
18 ; 32 ; 20 ; 0.0100817 ; -0.0240778 ; -0.00367578 ; 101.601;
19 ; 32 ; 20 ; -0.00130628 ; -0.0108097 ; -0.0031846 ; 101.621;
20 ; 32 ; 20 ; -0.0146584 ; -0.0248378 ; 0.00876392 ; 101.809;
21 ; 32 ; 20 ; -0.00545164 ; -0.00984513 ; 0.0133868 ; 101.897;
22 ; 32 ; 20 ; 0.00165933 ; -0.0177494 ; -0.00473965 ; 102.136;
23 ; 32 ; 20 ; 0.00230797 ; -0.0212287 ; 0.00364726 ; 102.224;
24 ; 32 ; 20 ; -0.011049 ; -0.0170419 ; 0.0161014 ; 101.857;
25 ; 32 ; 20 ; -0.0146102 ; -0.00783437 ; 0.00342448 ; 102.101;
26 ; 32 ; 20 ; -0.0169826 ; -0.0144097 ; 0.0012997 ; 102.457;
27 ; 32 ; 20 ; -0.00761739 ; -0.00849734 ; 0.00353745 ; 102.128;
28 ; 32 ; 20 ; -0.0155457 ; -0.0113467 ; 0.00615858 ; 102.457;
29 ; 32 ; 20 ; -0.017615 ; -0.0199131 ; 0.00457831 ; 102.489;
30 ; 32 ; 20 ; -0.00333477 ; -0.0136639 ; 0.00220746 ; 102.326;
31 ; 32 ; 20 ; -0.0156791 ; -0.00787514 ; 0.00839227 ; 102.799;
32 ; 32 ; 20 ; -0.0234866 ; -0.00754624 ; 0.00668182 ; 102.627;
33 ; 32 ; 20 ; -0.0106423 ; -0.00192299 ; -0.00717098 ; 102.103;
4 ; 33 ; 20 ; -0.00718573 ; -0.00555733 ; 0.0104954 ; 102.762;
5 ; 33 ; 20 ; 0.00824716 ; -0.0110982 ; 0.00518043 ; 102.672;
6 ; 33 ; 20 ; 0.0201997 ; -0.0102402 ; -0.00810335 ; 102.451;
7 ; 33 ; 20 ; 0.0102972 ; 0.00504995 ; -0.00226684 ; 102.663;
8 ; 33 ; 20 ; 0.00947129 ; -0.0109809 ; 0.00819647 ; 102.258;
9 ; 33 ; 20 ; 0.0205074 ; -0.0149138 ; -0.00287226 ; 102.386;
10 ; 33 ; 20 ; 0.00604791 ; -0.00180594 ; 0.00450915 ; 102.1;
11 ; 33 ; 20 ; 0.0122999 ; -0.0153243 ; -0.0043123 ; 102.437;
12 ; 33 ; 20 ; 0.0132226 ; -0.00953695 ; -0.0111719 ; 102.377;
13 ; 33 ; 20 ; 0.0154861 ; -0.00762374 ; -0.000374674 ; 101.993;
14 ; 33 ; 20 ; -0.00195581 ; -0.0100704 ; 0.00869708 ; 102.075;
15 ; 33 ; 20 ; -0.00353312 ; 0.00544004 ; 0.00960014 ; 101.987;
16 ; 33 ; 20 ; 0.00247212 ; -0.0030492 ; -0.00212649 ; 102.199;
17 ; 33 ; 20 ; -0.00777634 ; -0.00696464 ; -0.00322396 ; 101.965;
18 ; 33 ; 20 ; 0.00388871 ; -0.00485486 ; -0.012313 ; 101.621;
19 ; 33 ; 20 ; -0.0017583 ; 0.00155403 ; 0.00497592 ; 101.984;
20 ; 33 ; 20 ; -0.0098664 ; -0.0119786 ; -0.00337792 ; 102.06;
21 ; 33 ; 20 ; -0.0170397 ; -0.00795992 ; -0.0061301 ; 102.181;
22 ; 33 ; 20 ; -0.00213958 ; 0.000800244 ; -0.00433969 ; 102.126;
23 ; 33 ; 20 ; -0.00893124 ; -0.0193137 ; -0.0130579 ; 102.064;
24 ; 33 ; 20 ; -0.0159295 ; -0.00226308 ; -0.0125423 ; 102.056;
25 ; 33 ; 20 ; -0.0239139 ; 0.000987483 ; 0.00660254 ; 102.13;
26 ; 33 ; 20 ; -0.0102835 ; 0.00175976 ; 0.00569996 ; 102.193;
27 ; 33 ; 20 ; -0.0114243 ; -0.0138347 ; -0.00198904 ; 102.129;
28 ; 33 ; 20 ; -0.00975652 ; -0.0118018 ; -0.00765095 ; 102.396;
29 ; 33 ; 20 ; -0.00750427 ; -0.00483512 ; -0.00543624 ; 102.668;
30 ; 33 ; 20 ; -0.0126144 ; 0.00224796 ; 0.000952355 ; 102.789;
31 ; 33 ; 20 ; -0.00730661 ; -0.00844029 ; -0.00810882 ; 102.559;
32 ; 33 ; 20 ; -0.0214157 ; 0.00896489 ; 0.00699747 ; 102.714;
33 ; 33 ; 20 ; -0.0186209 ; -0.0237759 ; 0.0128122 ; 102.718;
4 ; 4 ; 21 ; -0.00559756 ; -0.00204358 ; -0.00962748 ; 102.345;
5 ; 4 ; 21 ; 0.0221347 ; -0.0035901 ; -0.00327054 ; 102.81;
6 ; 4 ; 21 ; 0.0145441 ; -0.00270985 ; -0.00802658 ; 102.387;
7 ; 4 ; 21 ; 0.0184837 ; 0.0157672 ; 0.010491 ; 102.401;
8 ; 4 ; 21 ; 0.0232019 ; 0.0258921 ; 0.00766173 ; 102.803;
9 ; 4 ; 21 ; 0.016677 ; -0.000133101 ; 0.00080766 ; 102.845;
10 ; 4 ; 21 ; 0.026667 ; 0.000797432 ; -0.00139226 ; 102.361;
11 ; 4 ; 21 ; 0.00834289 ; 0.00868858 ; 0.00571329 ; 102.084;
12 ; 4 ; 21 ; 0.00454733 ; 0.00165345 ; 0.00570725 ; 102.251;
13 ; 4 ; 21 ; 0.00505322 ; 0.00754418 ; 0.00512676 ; 101.641;
14 ; 4 ; 21 ; 0.017551 ; 0.0153032 ; 0.0258502 ; 102.325;
15 ; 4 ; 21 ; -0.00298046 ; 0.00628953 ; 0.00497134 ; 102.079;
16 ; 4 ; 21 ; -0.00141379 ; 0.00249345 ; 0.00798873 ; 102.188;
17 ; 4 ; 21 ; -0.00500988 ; -0.00834513 ; -0.00345368 ; 101.546;
18 ; 4 ; 21 ; 0.00177685 ; -0.000319608 ; 0.00465558 ; 101.833;
19 ; 4 ; 21 ; 0.0144511 ; -0.00632754 ; 0.00187505 ; 101.769;
20 ; 4 ; 21 ; 0.0179173 ; 0.0110781 ; 0.00829222 ; 102.029;
21 ; 4 ; 21 ; 0.00996274 ; 0.0104634 ; 0.00451829 ; 101.641;
22 ; 4 ; 21 ; -0.00081012 ; 0.0090833 ; -0.00202024 ; 101.939;
23 ; 4 ; 21 ; 0.00340577 ; 0.00507919 ; 0.00208652 ; 102.246;
24 ; 4 ; 21 ; -0.0014235 ; 0.00753394 ; 0.00169707 ; 102.359;
25 ; 4 ; 21 ; -0.00576237 ; 0.00118602 ; 0.00749781 ; 102.301;
26 ; 4 ; 21 ; -0.0174646 ; -0.00926437 ; 0.000974036 ; 102.338;
27 ; 4 ; 21 ; -0.0222739 ; 0.0159751 ; 0.0070795 ; 102.433;
28 ; 4 ; 21 ; -0.0221128 ; 0.0118975 ; 0.00681143 ; 102.371;
29 ; 4 ; 21 ; -0.0194723 ; -0.00177066 ; -0.00365824 ; 102.589;
30 ; 4 ; 21 ; -0.0184164 ; -0.00208065 ; -0.00581789 ; 102.654;
31 ; 4 ; 21 ; -0.0155263 ; 0.00510166 ; -0.0123508 ; 102.444;
32 ; 4 ; 21 ; -0.00849775 ; 0.00408036 ; 0.00282853 ; 102.397;
33 ; 4 ; 21 ; -0.020075 ; 0.00127224 ; -0.00619824 ; 102.365;
4 ; 5 ; 21 ; 0.0156571 ; 0.00279632 ; 0.00455648 ; 102.834;
5 ; 5 ; 21 ; 0.0120095 ; 0.0139349 ; -0.000917016 ; 102.769;
6 ; 5 ; 21 ; 0.0206682 ; 0.00556843 ; 0.000572759 ; 102.482;
7 ; 5 ; 21 ; 0.00886641 ; 0.0150621 ; -0.00310791 ; 102.763;
8 ; 5 ; 21 ; 0.0109643 ; 0.00264133 ; -0.00014616 ; 102.062;
9 ; 5 ; 21 ; 0.0232668 ; 0.00554549 ; 0.00388514 ; 102.827;
10 ; 5 ; 21 ; 0.0325005 ; 0.00833163 ; -0.00359453 ; 102.612;
11 ; 5 ; 21 ; 0.0174556 ; 0.00466888 ; 0.00603832 ; 102.458;
12 ; 5 ; 21 ; 0.0174619 ; 0.0147204 ; 0.00228008 ; 102.725;
13 ; 5 ; 21 ; -0.00178102 ; 0.0130159 ; 0.00856774 ; 102.172;
14 ; 5 ; 21 ; -0.00528256 ; 0.0141696 ; -0.00240963 ; 101.743;
15 ; 5 ; 21 ; 0.00124562 ; 0.0273555 ; -0.00568954 ; 102.429;
16 ; 5 ; 21 ; -0.00838855 ; 0.00432646 ; -0.0103565 ; 101.835;
17 ; 5 ; 21 ; -0.0012513 ; 0.0179049 ; 0.000264092 ; 102.115;
18 ; 5 ; 21 ; -0.00290655 ; 0.0191266 ; -0.00705255 ; 102.406;
19 ; 5 ; 21 ; 0.00204608 ; 0.00677753 ; 0.00802201 ; 101.574;
20 ; 5 ; 21 ; 0.00342433 ; 0.0201324 ; -0.00770276 ; 101.954;
21 ; 5 ; 21 ; -0.0114801 ; 0.0188211 ; -0.0133304 ; 102.013;
22 ; 5 ; 21 ; 0.00417147 ; 0.0150961 ; -0.00876259 ; 102.045;
23 ; 5 ; 21 ; -0.00537772 ; 0.00973807 ; -0.00837401 ; 102.145;
24 ; 5 ; 21 ; -0.0171677 ; 0.00111859 ; -0.000590367 ; 102.299;
25 ; 5 ; 21 ; -0.00482108 ; 0.0121721 ; 0.0143222 ; 102.27;
26 ; 5 ; 21 ; -0.0203383 ; 0.0157676 ; 0.00179052 ; 101.551;
27 ; 5 ; 21 ; -0.0239608 ; 0.0123753 ; 0.00335061 ; 102.519;
28 ; 5 ; 21 ; -0.025849 ; 0.00997653 ; 0.00140368 ; 102.635;
29 ; 5 ; 21 ; -0.0170071 ; 0.00668458 ; 0.0102902 ; 102.333;
30 ; 5 ; 21 ; -0.0160964 ; 0.0117102 ; 0.0148498 ; 102.629;
31 ; 5 ; 21 ; -0.0178949 ; 0.0222976 ; -0.00199238 ; 101.963;
32 ; 5 ; 21 ; -0.0125164 ; 0.0156274 ; 0.0137439 ; 102.667;
33 ; 5 ; 21 ; -0.014593 ; -0.00870715 ; -0.00796883 ; 102.805;
4 ; 6 ; 21 ; 0.00786858 ; 0.0289133 ; 0.00608497 ; 102.457;
5 ; 6 ; 21 ; 0.0103532 ; 0.00770667 ; 0.00514491 ; 102.24;
6 ; 6 ; 21 ; 0.00119435 ; 0.00213004 ; 0.010954 ; 102.465;
7 ; 6 ; 21 ; 0.0182615 ; 0.0273789 ; 0.00523352 ; 102.585;
8 ; 6 ; 21 ; 0.0127421 ; 0.0161767 ; -0.00492272 ; 102.572;
9 ; 6 ; 21 ; 0.0251867 ; 0.0226073 ; -0.00862952 ; 102.495;
10 ; 6 ; 21 ; 0.0120873 ; 0.0215033 ; 0.00578877 ; 102.473;
11 ; 6 ; 21 ; 0.0163147 ; 0.0115535 ; -0.00718518 ; 102.454;
12 ; 6 ; 21 ; 0.0222566 ; 0.015578 ; 0.0089984 ; 102.391;
13 ; 6 ; 21 ; 0.0112752 ; 0.03026 ; -0.0157754 ; 101.657;
14 ; 6 ; 21 ; -0.00236397 ; 0.0217766 ; -0.00319041 ; 101.762;
15 ; 6 ; 21 ; 0.00138024 ; 0.0293445 ; -0.000950384 ; 102.057;
16 ; 6 ; 21 ; -0.00207543 ; 0.0159731 ; -0.0108217 ; 101.752;
17 ; 6 ; 21 ; -0.0157431 ; 0.0255066 ; 0.00798967 ; 102.128;
18 ; 6 ; 21 ; -0.00803123 ; 0.0349969 ; -0.00474956 ; 101.737;
19 ; 6 ; 21 ; 0.00438788 ; 0.0229203 ; 0.00540186 ; 102.339;
20 ; 6 ; 21 ; -0.0010443 ; 0.0171254 ; -0.0125914 ; 101.939;
21 ; 6 ; 21 ; -0.00784841 ; 0.0240864 ; 0.00902478 ; 101.73;
22 ; 6 ; 21 ; 4.51946e-05 ; 0.0178106 ; -0.00301578 ; 101.826;
23 ; 6 ; 21 ; -0.0137781 ; 0.0239113 ; -0.00215182 ; 102.437;
24 ; 6 ; 21 ; -0.00107292 ; 0.0174439 ; -0.00109799 ; 102.267;
25 ; 6 ; 21 ; -0.0119741 ; 0.0154792 ; 0.000512051 ; 102.574;
26 ; 6 ; 21 ; -0.0225482 ; 0.023435 ; -0.0102197 ; 102.151;
27 ; 6 ; 21 ; -0.011662 ; 0.00864733 ; -0.00798733 ; 101.954;
28 ; 6 ; 21 ; -0.0188583 ; 0.00462924 ; 0.00114661 ; 102.263;
29 ; 6 ; 21 ; -0.0261782 ; 0.0118163 ; 0.00430271 ; 102.475;
30 ; 6 ; 21 ; -0.0126664 ; 0.0140566 ; -0.00374414 ; 103.002;
31 ; 6 ; 21 ; -0.000874861 ; 0.0177223 ; 0.0130411 ; 102.294;
32 ; 6 ; 21 ; -0.0220283 ; 0.0313392 ; 0.00664088 ; 102.485;
33 ; 6 ; 21 ; -0.00947673 ; 0.0138006 ; 0.00175814 ; 103.102;
4 ; 7 ; 21 ; 0.00355658 ; 0.0115629 ; -0.0134667 ; 102.431;
5 ; 7 ; 21 ; 0.0111453 ; 0.019784 ; -0.0148926 ; 102.387;
6 ; 7 ; 21 ; 0.0111226 ; 0.0080871 ; 0.00727966 ; 102.76;
7 ; 7 ; 21 ; 0.0113768 ; 0.0264969 ; 0.00662616 ; 102.211;
8 ; 7 ; 21 ; 0.0109072 ; 0.0134586 ; -0.0127527 ; 102.725;
9 ; 7 ; 21 ; 0.00463385 ; 0.0285833 ; -0.00656686 ; 102.764;
10 ; 7 ; 21 ; 0.0174519 ; 0.019213 ; -0.0043532 ; 102.435;
11 ; 7 ; 21 ; 0.0168106 ; 0.0154125 ; -0.00719173 ; 102.865;
12 ; 7 ; 21 ; 0.024617 ; 0.0231306 ; -0.0139947 ; 102.477;
13 ; 7 ; 21 ; 0.014372 ; 0.0328686 ; -0.00290405 ; 102.249;
14 ; 7 ; 21 ; 0.0120918 ; 0.0301915 ; -0.00802698 ; 102.621;
15 ; 7 ; 21 ; 0.0021803 ; 0.0218753 ; -0.0092117 ; 102.35;
16 ; 7 ; 21 ; -0.00940894 ; 0.0194727 ; 0.00484445 ; 101.682;
17 ; 7 ; 21 ; 0.00264512 ; 0.033766 ; 0.0056201 ; 101.786;
18 ; 7 ; 21 ; 0.00727857 ; 0.0367907 ; -0.00141304 ; 102.325;
19 ; 7 ; 21 ; 0.0147581 ; 0.0343809 ; -0.0115014 ; 102.065;
20 ; 7 ; 21 ; 0.009915 ; 0.0233856 ; -0.00583652 ; 101.744;
21 ; 7 ; 21 ; -0.00785815 ; 0.0314365 ; 0.0112378 ; 102.282;
22 ; 7 ; 21 ; -0.0149228 ; 0.01835 ; -0.00612736 ; 101.834;
23 ; 7 ; 21 ; -0.0202421 ; 0.0206645 ; 0.00973823 ; 102.146;
24 ; 7 ; 21 ; -0.0259287 ; 0.0167895 ; -0.0112429 ; 102.117;
25 ; 7 ; 21 ; -0.0234022 ; 0.0144843 ; -0.00150223 ; 101.866;
26 ; 7 ; 21 ; -0.0189147 ; 0.00842926 ; 0.0037985 ; 101.74;
27 ; 7 ; 21 ; -0.0117239 ; 0.0212918 ; -0.00389538 ; 102.969;
28 ; 7 ; 21 ; -0.0175266 ; 0.0132288 ; 0.00656521 ; 102.649;
29 ; 7 ; 21 ; -0.018044 ; 0.0138633 ; -0.0001287 ; 102.87;
30 ; 7 ; 21 ; -0.02003 ; 0.0207176 ; 0.0037113 ; 102.286;
31 ; 7 ; 21 ; -0.0125369 ; 0.0143977 ; 0.00919443 ; 102.601;
32 ; 7 ; 21 ; -0.00138097 ; 0.0223268 ; 0.0121758 ; 102.503;
33 ; 7 ; 21 ; -0.00280162 ; 0.00570556 ; -0.00138508 ; 102.694;
4 ; 8 ; 21 ; 0.0143586 ; 0.0235692 ; 0.0207316 ; 102.143;
5 ; 8 ; 21 ; 0.0130922 ; 0.0291029 ; 0.00433497 ; 102.744;
6 ; 8 ; 21 ; 0.0161634 ; 0.0162213 ; 0.0152873 ; 102.306;
7 ; 8 ; 21 ; 0.0208985 ; 0.0157196 ; -0.00134597 ; 102.633;
8 ; 8 ; 21 ; 0.0297647 ; 0.0171817 ; 0.000384205 ; 102.878;
9 ; 8 ; 21 ; 0.02436 ; 0.0146675 ; -0.0154346 ; 102.65;
10 ; 8 ; 21 ; 0.0334195 ; 0.0221716 ; 0.00405337 ; 102.081;
11 ; 8 ; 21 ; 0.0294103 ; 0.0228093 ; -0.0138762 ; 102.633;
12 ; 8 ; 21 ; 0.0266277 ; 0.0266995 ; -0.00119481 ; 102.445;
13 ; 8 ; 21 ; 0.0116792 ; 0.0242754 ; 0.0115331 ; 101.719;
14 ; 8 ; 21 ; -0.000231375 ; 0.02941 ; 0.00473704 ; 102.341;
15 ; 8 ; 21 ; 0.00897414 ; 0.0248466 ; -0.00332894 ; 102.212;
16 ; 8 ; 21 ; -0.00726115 ; 0.0275751 ; -0.00639275 ; 101.849;
17 ; 8 ; 21 ; 0.00593525 ; 0.0222402 ; -0.00425737 ; 101.716;
18 ; 8 ; 21 ; 0.0102886 ; 0.0239797 ; -0.0154849 ; 102.015;
19 ; 8 ; 21 ; 0.00652871 ; 0.0325871 ; -0.00325368 ; 101.82;
20 ; 8 ; 21 ; 0.00261008 ; 0.0280717 ; 0.00155568 ; 102.055;
21 ; 8 ; 21 ; 0.00400731 ; 0.0292405 ; 0.00183405 ; 102.08;
22 ; 8 ; 21 ; 0.00342074 ; 0.0148491 ; -0.00469053 ; 102.258;
23 ; 8 ; 21 ; 0.00535325 ; 0.0326302 ; 0.00581294 ; 102.243;
24 ; 8 ; 21 ; -0.0125566 ; 0.0283173 ; 0.0124896 ; 102.361;
25 ; 8 ; 21 ; -0.0110128 ; 0.0113037 ; 0.000104578 ; 102.551;
26 ; 8 ; 21 ; -0.0199472 ; 0.0191392 ; -0.00952513 ; 102.681;
27 ; 8 ; 21 ; -0.0139948 ; 0.0204831 ; -0.00534409 ; 102.456;
28 ; 8 ; 21 ; -0.00817566 ; 0.0208617 ; 0.0130149 ; 102.416;
29 ; 8 ; 21 ; -0.0117499 ; 0.0176263 ; 0.00224638 ; 102.778;
30 ; 8 ; 21 ; -0.00599713 ; 0.0150578 ; 0.00491223 ; 103.132;
31 ; 8 ; 21 ; -0.0079133 ; 0.0150178 ; 0.00763632 ; 102.628;
32 ; 8 ; 21 ; -0.0162496 ; 0.0281173 ; 0.0137672 ; 102.436;
33 ; 8 ; 21 ; 0.00173203 ; 0.0150642 ; 0.000800952 ; 102.081;
4 ; 9 ; 21 ; 0.0201423 ; 0.0159656 ; 0.0153644 ; 102.311;
5 ; 9 ; 21 ; 0.00796997 ; 0.0412109 ; -0.0103313 ; 102.47;
6 ; 9 ; 21 ; 0.0219381 ; 0.0193539 ; 0.00383318 ; 102.296;
7 ; 9 ; 21 ; 0.0112987 ; 0.0208392 ; 0.00289987 ; 102.527;
8 ; 9 ; 21 ; 0.0181526 ; 0.00357702 ; 0.000736013 ; 102.33;
9 ; 9 ; 21 ; 0.0156513 ; 0.00939789 ; 0.000708688 ; 102.513;
10 ; 9 ; 21 ; 0.0393819 ; 0.0178943 ; -0.00188144 ; 102.71;
11 ; 9 ; 21 ; 0.0284882 ; 0.0162864 ; -0.00958835 ; 102.58;
12 ; 9 ; 21 ; 0.0144509 ; 0.0346065 ; -0.00800616 ; 102.279;
13 ; 9 ; 21 ; 0.0103589 ; 0.0258509 ; -0.00227682 ; 101.705;
14 ; 9 ; 21 ; 0.0132891 ; 0.0341149 ; -0.0111071 ; 101.861;
15 ; 9 ; 21 ; 0.00308548 ; 0.0247547 ; 0.00412255 ; 102.063;
16 ; 9 ; 21 ; 0.0117632 ; 0.0271514 ; -0.0180538 ; 101.883;
17 ; 9 ; 21 ; 0.0120146 ; 0.0293947 ; -0.00366502 ; 101.935;
18 ; 9 ; 21 ; 0.00442843 ; 0.0293596 ; 0.00133469 ; 101.706;
19 ; 9 ; 21 ; 0.00136079 ; 0.0364065 ; -0.00262587 ; 101.563;
20 ; 9 ; 21 ; 0.00320635 ; 0.0287402 ; -0.019759 ; 101.691;
21 ; 9 ; 21 ; 0.00838436 ; 0.0294412 ; -0.00480283 ; 101.882;
22 ; 9 ; 21 ; 0.00233622 ; 0.026203 ; -0.0066675 ; 102.099;
23 ; 9 ; 21 ; 0.000470906 ; 0.0237459 ; 0.00893618 ; 102.317;
24 ; 9 ; 21 ; 0.00202246 ; 0.0315173 ; -0.00968324 ; 102.174;
25 ; 9 ; 21 ; -0.030432 ; 0.0351533 ; -0.00381564 ; 102.319;
26 ; 9 ; 21 ; -0.0142033 ; 0.0266408 ; 0.00980734 ; 102.293;
27 ; 9 ; 21 ; -0.00665093 ; 0.0227383 ; -0.00700035 ; 102.255;
28 ; 9 ; 21 ; -0.0217533 ; 0.0297291 ; -0.0104858 ; 102.569;
29 ; 9 ; 21 ; -0.0293042 ; 0.0168095 ; 0.00303619 ; 102.242;
30 ; 9 ; 21 ; -0.0165219 ; 0.0217805 ; 0.00175403 ; 102.332;
31 ; 9 ; 21 ; 0.00177346 ; 0.0212389 ; -0.0083542 ; 102.097;
32 ; 9 ; 21 ; 0.00265155 ; 0.045448 ; 0.00632165 ; 102.526;
33 ; 9 ; 21 ; -0.00999961 ; 0.0199418 ; 0.0164788 ; 102.141;
4 ; 10 ; 21 ; 0.0122654 ; 0.0209692 ; -0.00028669 ; 101.98;
5 ; 10 ; 21 ; 0.0115713 ; 0.0192633 ; -0.00355936 ; 102.489;
6 ; 10 ; 21 ; 0.00314792 ; 0.00896568 ; -0.00921474 ; 101.906;
7 ; 10 ; 21 ; 0.0155642 ; 0.0259791 ; 0.0118181 ; 102.011;
8 ; 10 ; 21 ; 0.015258 ; 0.00654312 ; -0.0127688 ; 102.448;
9 ; 10 ; 21 ; 0.0195453 ; 0.0140279 ; 0.00453899 ; 102.318;
10 ; 10 ; 21 ; 0.0123651 ; 0.0253948 ; 0.000538245 ; 102.337;
11 ; 10 ; 21 ; 0.0127598 ; 0.0247376 ; 0.00268501 ; 102.104;
12 ; 10 ; 21 ; 0.0176678 ; 0.0265718 ; -0.0140034 ; 102.205;
13 ; 10 ; 21 ; 0.0172705 ; 0.0196802 ; -0.00534967 ; 102.155;
14 ; 10 ; 21 ; 0.012963 ; 0.0284124 ; -0.00517915 ; 101.92;
15 ; 10 ; 21 ; -0.00643159 ; 0.0123695 ; -0.0118327 ; 101.824;
16 ; 10 ; 21 ; 0.00549708 ; 0.0189989 ; -0.0178169 ; 101.996;
17 ; 10 ; 21 ; -0.00578699 ; 0.0159975 ; -0.0079328 ; 101.807;
18 ; 10 ; 21 ; -0.00429818 ; 0.034508 ; -0.00281882 ; 102.064;
19 ; 10 ; 21 ; 0.00966614 ; 0.0267567 ; -0.00739425 ; 101.707;
20 ; 10 ; 21 ; 0.0060232 ; 0.0228673 ; -0.0152185 ; 101.528;
21 ; 10 ; 21 ; 0.00271801 ; 0.0261461 ; -0.00590508 ; 101.639;
22 ; 10 ; 21 ; -0.00116769 ; 0.0276251 ; 0.010296 ; 102.281;
23 ; 10 ; 21 ; -0.0154139 ; 0.0309334 ; -0.00763668 ; 101.834;
24 ; 10 ; 21 ; -0.012261 ; 0.0249699 ; -0.0119306 ; 102.07;
25 ; 10 ; 21 ; -0.0185565 ; 0.0258058 ; -0.00609404 ; 102.106;
26 ; 10 ; 21 ; -0.0176167 ; 0.0236937 ; -0.00907294 ; 102.452;
27 ; 10 ; 21 ; -0.020643 ; 0.0164763 ; 0.0162679 ; 102.511;
28 ; 10 ; 21 ; -0.0257072 ; 0.00856903 ; 0.000567192 ; 102.311;
29 ; 10 ; 21 ; -0.0309856 ; 0.00966635 ; 0.00395857 ; 102.572;
30 ; 10 ; 21 ; -0.0149231 ; 0.0175888 ; -0.0092337 ; 102.32;
31 ; 10 ; 21 ; -0.0225822 ; 0.0352359 ; -0.0019543 ; 102.254;
32 ; 10 ; 21 ; 0.00539769 ; 0.0274423 ; 0.00728039 ; 102.33;
33 ; 10 ; 21 ; -0.00228426 ; 0.0147129 ; -8.12671e-05 ; 102.269;
4 ; 11 ; 21 ; 0.00710691 ; 0.0192109 ; -0.0117463 ; 102.502;
5 ; 11 ; 21 ; 0.0163207 ; 0.00936154 ; 0.00115844 ; 102.174;
6 ; 11 ; 21 ; 0.0176823 ; 0.00923458 ; -0.0027637 ; 102.272;
7 ; 11 ; 21 ; 0.0166566 ; 0.0131567 ; 0.00310099 ; 102.143;
8 ; 11 ; 21 ; 0.0243726 ; 0.0223269 ; -0.00673354 ; 102.072;
9 ; 11 ; 21 ; 0.0156818 ; 0.0165092 ; 0.00657906 ; 102.459;
10 ; 11 ; 21 ; 0.0216228 ; 0.0204303 ; -0.00715816 ; 102.403;
11 ; 11 ; 21 ; 0.0299432 ; 0.00963861 ; -0.00166227 ; 102.405;
12 ; 11 ; 21 ; 0.0127807 ; 0.0100253 ; -9.94547e-05 ; 102.239;
13 ; 11 ; 21 ; -0.00165546 ; 0.0143795 ; -0.0192081 ; 101.905;
14 ; 11 ; 21 ; 0.0160472 ; 0.0216429 ; 0.00324432 ; 101.903;
15 ; 11 ; 21 ; 0.000402359 ; 0.0163082 ; -0.00105855 ; 101.866;
16 ; 11 ; 21 ; 0.0150069 ; 0.0197653 ; -0.0130753 ; 102.077;
17 ; 11 ; 21 ; 0.00854696 ; 0.0195443 ; -0.00553702 ; 101.633;
18 ; 11 ; 21 ; -0.00276297 ; 0.0136303 ; 0.0118148 ; 101.673;
19 ; 11 ; 21 ; 0.0017575 ; 0.023305 ; -0.0225055 ; 102.159;
20 ; 11 ; 21 ; 0.0049788 ; 0.0243261 ; -0.00322475 ; 102.055;
21 ; 11 ; 21 ; -0.00251894 ; 0.0104121 ; -0.00791177 ; 102.345;
22 ; 11 ; 21 ; -0.0157314 ; 0.0216392 ; -0.00360045 ; 102.257;
23 ; 11 ; 21 ; -0.0184578 ; 0.0100826 ; -0.0203291 ; 101.732;
24 ; 11 ; 21 ; -0.0103338 ; 0.0198875 ; -0.00512457 ; 102.022;
25 ; 11 ; 21 ; -0.0144279 ; 0.0219535 ; -0.0106409 ; 101.882;
26 ; 11 ; 21 ; -0.0281749 ; 0.0173769 ; -0.0031833 ; 102.698;
27 ; 11 ; 21 ; -0.0177264 ; 0.0225533 ; 0.000323804 ; 102.01;
28 ; 11 ; 21 ; -0.0146985 ; 0.0218466 ; -0.0072809 ; 102.121;
29 ; 11 ; 21 ; -0.0335044 ; 0.00690794 ; -0.00185268 ; 102.491;
30 ; 11 ; 21 ; -0.0276839 ; 0.0118617 ; 0.0104247 ; 102.039;
31 ; 11 ; 21 ; -0.0180442 ; 0.00414821 ; 0.0107607 ; 102.385;
32 ; 11 ; 21 ; 0.00368411 ; 0.0256961 ; 0.00949145 ; 102.209;
33 ; 11 ; 21 ; 0.00547624 ; 0.0232115 ; 0.00732263 ; 102.442;
4 ; 12 ; 21 ; -0.000105813 ; 0.00181158 ; -0.00697554 ; 102.014;
5 ; 12 ; 21 ; 0.0170198 ; 0.0159706 ; -0.00614709 ; 102.163;
6 ; 12 ; 21 ; 0.0228697 ; 0.0104789 ; -0.00492251 ; 101.925;
7 ; 12 ; 21 ; 0.024618 ; 0.0103877 ; -0.00895163 ; 102.727;
8 ; 12 ; 21 ; 0.0216004 ; 0.00744089 ; 0.000652975 ; 101.857;
9 ; 12 ; 21 ; 0.030738 ; 0.00689223 ; 0.00170327 ; 102.822;
10 ; 12 ; 21 ; 0.0319829 ; 0.0163331 ; 0.0015947 ; 102.47;
11 ; 12 ; 21 ; 0.0216049 ; 0.0122156 ; -0.00862125 ; 102.204;
12 ; 12 ; 21 ; 0.0251764 ; 0.00903571 ; -0.00700906 ; 102.151;
13 ; 12 ; 21 ; 0.0276876 ; 0.00390777 ; 0.00549696 ; 102.031;
14 ; 12 ; 21 ; -0.00494553 ; 0.0149207 ; -0.00958898 ; 101.137;
15 ; 12 ; 21 ; 0.0034804 ; 0.0240637 ; -0.00437501 ; 101.593;
16 ; 12 ; 21 ; 0.00244948 ; 0.0308889 ; 0.000520123 ; 101.679;
17 ; 12 ; 21 ; -0.00405292 ; 0.0134876 ; 0.00238551 ; 101.653;
18 ; 12 ; 21 ; -0.00083027 ; 0.013283 ; 0.00184813 ; 101.821;
19 ; 12 ; 21 ; 0.00797092 ; 0.0192485 ; -0.00128823 ; 101.593;
20 ; 12 ; 21 ; -0.0103639 ; 0.0191635 ; 0.00469592 ; 101.888;
21 ; 12 ; 21 ; 0.00250243 ; 0.00866727 ; -0.013762 ; 101.573;
22 ; 12 ; 21 ; -0.0120022 ; 0.00143083 ; 0.00267922 ; 101.749;
23 ; 12 ; 21 ; -0.00348127 ; 0.00349691 ; -0.000403223 ; 102.255;
24 ; 12 ; 21 ; -0.00402983 ; 0.0189895 ; 0.00075631 ; 102.086;
25 ; 12 ; 21 ; -0.00660519 ; 0.0107496 ; -0.00247904 ; 101.756;
26 ; 12 ; 21 ; -0.0254479 ; 0.0112288 ; -0.0106842 ; 102.045;
27 ; 12 ; 21 ; -0.0266314 ; 0.0179859 ; -0.00278409 ; 102.114;
28 ; 12 ; 21 ; -0.0260855 ; 0.0209614 ; -0.00727896 ; 102.579;
29 ; 12 ; 21 ; -0.0268625 ; 0.0202976 ; -0.0086551 ; 102.813;
30 ; 12 ; 21 ; -0.01496 ; 0.0143248 ; -0.001177 ; 102.295;
31 ; 12 ; 21 ; -0.0146836 ; 0.0104884 ; 0.00924098 ; 102.27;
32 ; 12 ; 21 ; -0.00473558 ; 0.0100148 ; 0.00296204 ; 102.233;
33 ; 12 ; 21 ; 0.000768901 ; 0.0130233 ; -0.00310486 ; 102.275;
4 ; 13 ; 21 ; 0.00991595 ; 0.00078142 ; -0.00137416 ; 102.539;
5 ; 13 ; 21 ; 0.00980854 ; -0.00844202 ; -0.00138799 ; 101.957;
6 ; 13 ; 21 ; 0.00963986 ; 0.00928697 ; 0.0117833 ; 102.189;
7 ; 13 ; 21 ; 0.00933823 ; 0.0175539 ; -0.00272456 ; 101.62;
8 ; 13 ; 21 ; 0.0227962 ; -0.00264212 ; -0.0127267 ; 102.529;
9 ; 13 ; 21 ; 0.0314734 ; 0.0174198 ; 0.00371806 ; 101.855;
10 ; 13 ; 21 ; 0.0142299 ; 0.0168978 ; -0.00411261 ; 102.322;
11 ; 13 ; 21 ; 0.0183091 ; 0.0286614 ; -0.01072 ; 101.618;
12 ; 13 ; 21 ; 0.00821284 ; 0.00804789 ; -0.00289488 ; 102.266;
13 ; 13 ; 21 ; 0.0022573 ; 0.013477 ; 0.0208688 ; 101.783;
14 ; 13 ; 21 ; 0.00356979 ; 0.0301212 ; -0.0154702 ; 101.892;
15 ; 13 ; 21 ; 0.0146315 ; 0.0163073 ; 0.00448197 ; 102.193;
16 ; 13 ; 21 ; 0.0121092 ; 0.0102482 ; -0.00672793 ; 101.482;
17 ; 13 ; 21 ; 0.010146 ; 0.0158355 ; -0.000404756 ; 101.51;
18 ; 13 ; 21 ; 0.00774773 ; 0.00729825 ; -0.0119387 ; 102.156;
19 ; 13 ; 21 ; 0.00711432 ; 0.015294 ; -0.00143026 ; 101.224;
20 ; 13 ; 21 ; 0.00157688 ; 0.0180847 ; 0.00497645 ; 101.625;
21 ; 13 ; 21 ; 0.00148337 ; 0.0217523 ; 0.00170838 ; 101.884;
22 ; 13 ; 21 ; 0.00174493 ; 0.016221 ; 0.00213901 ; 101.704;
23 ; 13 ; 21 ; -0.00839064 ; 0.00688569 ; 7.82724e-07 ; 101.959;
24 ; 13 ; 21 ; -0.0108246 ; 0.0157847 ; -0.00169634 ; 101.65;
25 ; 13 ; 21 ; -0.0186326 ; 0.00996936 ; -0.0164972 ; 101.767;
26 ; 13 ; 21 ; -0.0273296 ; 0.00700149 ; -0.0109549 ; 102.198;
27 ; 13 ; 21 ; -0.036429 ; 0.0123893 ; -0.0080937 ; 101.885;
28 ; 13 ; 21 ; -0.0223409 ; 0.00261644 ; -6.92728e-05 ; 102.196;
29 ; 13 ; 21 ; -0.0164654 ; 0.00969896 ; 0.00120027 ; 102.371;
30 ; 13 ; 21 ; -0.0193474 ; 0.00391121 ; -0.0117585 ; 102.084;
31 ; 13 ; 21 ; -0.0178158 ; 0.0125849 ; -0.00386575 ; 102.473;
32 ; 13 ; 21 ; -0.000776079 ; 0.0202864 ; -0.0038934 ; 102.005;
33 ; 13 ; 21 ; 0.0033551 ; -0.00119987 ; 0.00108566 ; 102.063;
4 ; 14 ; 21 ; 0.00440916 ; 0.00540336 ; -0.00759455 ; 101.906;
5 ; 14 ; 21 ; 0.00593995 ; 0.00704258 ; -0.00970315 ; 102.333;
6 ; 14 ; 21 ; 0.00918089 ; -0.00542331 ; 0.014315 ; 102.295;
7 ; 14 ; 21 ; 0.0216263 ; -0.003068 ; -0.00179285 ; 101.837;
8 ; 14 ; 21 ; 0.0344478 ; 0.00578716 ; 0.00130572 ; 101.76;
9 ; 14 ; 21 ; 0.0209234 ; -0.00211712 ; -0.00648842 ; 102.16;
10 ; 14 ; 21 ; 0.0194033 ; -0.00254808 ; 0.00343521 ; 102.296;
11 ; 14 ; 21 ; 0.00789836 ; -0.000850224 ; -0.0204965 ; 101.918;
12 ; 14 ; 21 ; 0.013308 ; -0.00558817 ; 0.0105211 ; 101.698;
13 ; 14 ; 21 ; 0.0144119 ; 0.0216121 ; 0.00515134 ; 101.62;
14 ; 14 ; 21 ; 0.00513809 ; 0.0119448 ; -0.00712517 ; 101.566;
15 ; 14 ; 21 ; 0.0169718 ; 0.0188785 ; -0.0060516 ; 101.816;
16 ; 14 ; 21 ; 0.00118252 ; 0.0172449 ; -0.0102183 ; 101.608;
17 ; 14 ; 21 ; -0.0028368 ; -0.000865801 ; -0.00147943 ; 101.508;
18 ; 14 ; 21 ; -0.000611776 ; 0.00482077 ; -0.0018089 ; 100.664;
19 ; 14 ; 21 ; 0.00211091 ; 0.00138158 ; -0.00552916 ; 101.659;
20 ; 14 ; 21 ; 0.00426817 ; 0.00661756 ; 0.000961484 ; 101.532;
21 ; 14 ; 21 ; 0.000318146 ; 0.00442648 ; 0.00130574 ; 101.566;
22 ; 14 ; 21 ; -0.00543162 ; -0.00281776 ; 0.00641591 ; 101.544;
23 ; 14 ; 21 ; -0.00671204 ; 0.00200025 ; -0.00529851 ; 101.687;
24 ; 14 ; 21 ; -0.00148152 ; 0.00525377 ; 0.00130245 ; 102.031;
25 ; 14 ; 21 ; -0.0134744 ; 0.00720059 ; 0.00541918 ; 101.829;
26 ; 14 ; 21 ; -0.0178735 ; 0.0128149 ; -0.0087669 ; 101.596;
27 ; 14 ; 21 ; -0.0209892 ; 0.0029447 ; 0.00223211 ; 101.879;
28 ; 14 ; 21 ; -0.0214622 ; 0.0104403 ; 0.00470444 ; 102.492;
29 ; 14 ; 21 ; -0.0135948 ; 0.00990134 ; -0.00474107 ; 102.274;
30 ; 14 ; 21 ; -0.015785 ; 0.00620387 ; 0.0081155 ; 102.337;
31 ; 14 ; 21 ; -0.021535 ; 0.0093941 ; -0.0106996 ; 101.789;
32 ; 14 ; 21 ; -0.0118135 ; 0.0242333 ; -0.00256828 ; 102.11;
33 ; 14 ; 21 ; -0.0109393 ; 0.00201303 ; 0.00751489 ; 101.941;
4 ; 15 ; 21 ; -0.000156366 ; -0.00647409 ; 0.00502961 ; 102.25;
5 ; 15 ; 21 ; 0.00632297 ; 0.00288384 ; 0.000241352 ; 102.241;
6 ; 15 ; 21 ; 0.0165614 ; 0.0016423 ; 0.00323479 ; 101.963;
7 ; 15 ; 21 ; 0.0208863 ; -0.00773412 ; -0.0102907 ; 102.003;
8 ; 15 ; 21 ; 0.0427722 ; -0.0109804 ; 0.000352221 ; 102.393;
9 ; 15 ; 21 ; 0.0294931 ; 0.00462457 ; -0.0116748 ; 101.827;
10 ; 15 ; 21 ; 0.0134735 ; -0.00190195 ; -0.00178673 ; 101.866;
11 ; 15 ; 21 ; 0.023628 ; 0.00899139 ; -0.00750445 ; 101.731;
12 ; 15 ; 21 ; 0.0160655 ; 0.00356299 ; -0.00992996 ; 101.909;
13 ; 15 ; 21 ; 0.012224 ; 0.00432319 ; -0.00282707 ; 101.563;
14 ; 15 ; 21 ; 0.00184062 ; 0.00759587 ; -0.00431057 ; 101.523;
15 ; 15 ; 21 ; 0.0120968 ; 0.0103643 ; 0.00343153 ; 101.556;
16 ; 15 ; 21 ; 0.0103171 ; 0.011033 ; -0.00578725 ; 102.198;
17 ; 15 ; 21 ; 0.00142588 ; 0.00292795 ; 0.00755521 ; 101.744;
18 ; 15 ; 21 ; 0.000608997 ; 0.00297426 ; -0.00489507 ; 101.21;
19 ; 15 ; 21 ; 0.000589561 ; 0.00565716 ; 0.00348468 ; 101.403;
20 ; 15 ; 21 ; -0.00915109 ; 0.00291372 ; -0.00419274 ; 101.687;
21 ; 15 ; 21 ; 0.00626836 ; 0.00320122 ; -0.00280586 ; 102.073;
22 ; 15 ; 21 ; -0.00043765 ; -0.0082881 ; 0.00983392 ; 101.697;
23 ; 15 ; 21 ; -0.0132883 ; 0.00951461 ; 0.00932398 ; 101.591;
24 ; 15 ; 21 ; -0.00989568 ; -0.0031934 ; -0.00133647 ; 101.78;
25 ; 15 ; 21 ; -0.0259839 ; 0.00272495 ; 0.00849557 ; 101.993;
26 ; 15 ; 21 ; -0.0266022 ; 0.00779596 ; 0.00209526 ; 102.262;
27 ; 15 ; 21 ; -0.0368562 ; 0.00584078 ; 0.00406252 ; 102.215;
28 ; 15 ; 21 ; -0.0369634 ; -0.000154265 ; 0.000552953 ; 102.099;
29 ; 15 ; 21 ; -0.0272761 ; -5.18499e-05 ; 0.00773279 ; 102.354;
30 ; 15 ; 21 ; -0.0253896 ; 0.0165047 ; 0.00832747 ; 102.107;
31 ; 15 ; 21 ; -0.0273113 ; -0.00314078 ; 0.0072462 ; 101.872;
32 ; 15 ; 21 ; -0.0197327 ; -0.0145204 ; -0.00607344 ; 102.405;
33 ; 15 ; 21 ; -0.0104339 ; 0.0118869 ; -0.00591489 ; 101.983;
4 ; 16 ; 21 ; 0.00910332 ; 0.00862971 ; 0.00520886 ; 101.698;
5 ; 16 ; 21 ; 0.0183069 ; 0.00160897 ; 0.0026995 ; 101.859;
6 ; 16 ; 21 ; 0.0249838 ; -0.00985403 ; 0.0137688 ; 101.725;
7 ; 16 ; 21 ; 0.0355354 ; 0.00961446 ; 0.00775688 ; 101.845;
8 ; 16 ; 21 ; 0.0320555 ; -0.00317358 ; -0.00693386 ; 102.292;
9 ; 16 ; 21 ; 0.0119565 ; 0.00265017 ; -0.00306488 ; 101.827;
10 ; 16 ; 21 ; 0.0314041 ; 0.0126557 ; 0.00513198 ; 101.675;
11 ; 16 ; 21 ; 0.0271865 ; -0.000161708 ; 0.0119646 ; 101.904;
12 ; 16 ; 21 ; 0.0178722 ; 0.018801 ; 0.00826811 ; 101.683;
13 ; 16 ; 21 ; 0.0102452 ; 0.00277509 ; -0.000597992 ; 101.806;
14 ; 16 ; 21 ; -0.00117979 ; 0.00222528 ; -0.00650707 ; 101.767;
15 ; 16 ; 21 ; 0.0193956 ; 0.0126918 ; -0.00114543 ; 101.49;
16 ; 16 ; 21 ; -0.0060902 ; -0.00302977 ; -0.00164758 ; 101.88;
17 ; 16 ; 21 ; -0.00948834 ; 0.0011162 ; -0.00987261 ; 101.464;
18 ; 16 ; 21 ; -0.00701248 ; -0.00637878 ; -0.000561469 ; 101.233;
19 ; 16 ; 21 ; 0.000651938 ; 0.0102103 ; -0.0148255 ; 102.133;
20 ; 16 ; 21 ; 0.00182446 ; 0.00166947 ; -0.00535141 ; 102.253;
21 ; 16 ; 21 ; -0.00471993 ; -0.00580244 ; -0.0108686 ; 101.424;
22 ; 16 ; 21 ; -0.0130299 ; 0.0108887 ; 0.00544746 ; 101.28;
23 ; 16 ; 21 ; -0.0172104 ; 0.0113597 ; 0.00304972 ; 101.791;
24 ; 16 ; 21 ; -0.030634 ; -0.00330651 ; -0.0132366 ; 101.303;
25 ; 16 ; 21 ; -0.00678604 ; 0.0118675 ; -0.00600299 ; 102.166;
26 ; 16 ; 21 ; -0.0278618 ; 0.00380476 ; -0.00376206 ; 101.761;
27 ; 16 ; 21 ; -0.0227902 ; 0.00448661 ; -0.00250494 ; 101.981;
28 ; 16 ; 21 ; -0.0286753 ; -0.00849817 ; -0.000984684 ; 101.926;
29 ; 16 ; 21 ; -0.0272346 ; -0.00384302 ; -0.00491814 ; 101.565;
30 ; 16 ; 21 ; -0.0388688 ; 0.00561991 ; 0.0066722 ; 102.758;
31 ; 16 ; 21 ; -0.0215519 ; 0.000164528 ; -0.00385042 ; 101.997;
32 ; 16 ; 21 ; -0.0243648 ; -0.0124572 ; -0.00809078 ; 102.01;
33 ; 16 ; 21 ; -0.00751164 ; -0.00398064 ; 0.000772535 ; 101.98;
4 ; 17 ; 21 ; 0.0234694 ; 0.00569859 ; -0.00709089 ; 101.918;
5 ; 17 ; 21 ; 0.0166278 ; -0.00271846 ; 0.00558523 ; 102.122;
6 ; 17 ; 21 ; 0.0130515 ; -0.00506318 ; 0.0030948 ; 102.074;
7 ; 17 ; 21 ; 0.0381455 ; 0.00813449 ; 0.011034 ; 101.974;
8 ; 17 ; 21 ; 0.0247403 ; -0.00159334 ; 0.00016518 ; 101.777;
9 ; 17 ; 21 ; 0.0303315 ; 0.00322041 ; -0.000854072 ; 102.215;
10 ; 17 ; 21 ; 0.0238181 ; -0.00900019 ; -0.0109063 ; 101.89;
11 ; 17 ; 21 ; 0.0258541 ; -0.0060802 ; -0.0108929 ; 102.008;
12 ; 17 ; 21 ; 0.024041 ; -0.0144631 ; 0.0102176 ; 101.443;
13 ; 17 ; 21 ; 0.00271734 ; -0.00363072 ; -0.0090121 ; 101.717;
14 ; 17 ; 21 ; 0.0238264 ; 0.00291076 ; -0.00268022 ; 101.645;
15 ; 17 ; 21 ; 0.00186698 ; -0.00117093 ; 0.00605159 ; 101.875;
16 ; 17 ; 21 ; 0.0104655 ; -0.00278611 ; 0.00447117 ; 101.463;
17 ; 17 ; 21 ; 0.0157631 ; 0.0043252 ; -0.00687556 ; 101.532;
18 ; 17 ; 21 ; 0.00275627 ; -0.00139722 ; -0.00918452 ; 101.675;
19 ; 17 ; 21 ; 0.0105158 ; 0.00470829 ; -0.000781035 ; 101.675;
20 ; 17 ; 21 ; 0.0172718 ; -0.0126609 ; 0.0101309 ; 101.783;
21 ; 17 ; 21 ; -0.000276885 ; 0.00406544 ; -0.013858 ; 101.508;
22 ; 17 ; 21 ; -0.00759446 ; 0.0126335 ; -0.00346315 ; 101.398;
23 ; 17 ; 21 ; -0.00968838 ; 0.00549326 ; -0.00115119 ; 101.403;
24 ; 17 ; 21 ; -0.00112625 ; -0.00636167 ; -0.00547353 ; 101.878;
25 ; 17 ; 21 ; -0.0174655 ; 0.00450541 ; -0.00981277 ; 101.667;
26 ; 17 ; 21 ; -0.0268823 ; 0.00152761 ; -0.00288124 ; 101.628;
27 ; 17 ; 21 ; -0.0106275 ; 0.010193 ; -0.00712944 ; 101.873;
28 ; 17 ; 21 ; -0.0403152 ; 0.00217387 ; 0.0031284 ; 102.008;
29 ; 17 ; 21 ; -0.0181955 ; 0.00290016 ; -0.0109349 ; 102.238;
30 ; 17 ; 21 ; -0.0180593 ; 0.00319155 ; -0.00414151 ; 102.15;
31 ; 17 ; 21 ; -0.0247623 ; 0.00962773 ; -0.000682821 ; 101.938;
32 ; 17 ; 21 ; 0.00168131 ; -0.0125702 ; -0.0100217 ; 101.871;
33 ; 17 ; 21 ; -0.00804262 ; -0.00647851 ; -0.000487639 ; 102.33;
4 ; 18 ; 21 ; -0.00320577 ; 0.00812806 ; 0.00441829 ; 101.631;
5 ; 18 ; 21 ; 0.024613 ; 0.0136818 ; -0.0111677 ; 101.731;
6 ; 18 ; 21 ; 0.0313515 ; 0.0103764 ; 0.00340891 ; 101.627;
7 ; 18 ; 21 ; 0.0147159 ; -0.000218918 ; -0.00155756 ; 101.929;
8 ; 18 ; 21 ; 0.0251422 ; 0.00390584 ; -0.00269498 ; 101.784;
9 ; 18 ; 21 ; 0.0173592 ; -0.000183172 ; 0.00748728 ; 102.089;
10 ; 18 ; 21 ; 0.0228712 ; -0.00678787 ; -0.00257098 ; 101.976;
11 ; 18 ; 21 ; 0.0279 ; -0.00284188 ; 0.00649582 ; 102.018;
12 ; 18 ; 21 ; 0.0225338 ; -0.00174632 ; -0.00388208 ; 101.833;
13 ; 18 ; 21 ; 0.000466783 ; 0.00278622 ; -0.00632923 ; 101.439;
14 ; 18 ; 21 ; -0.00612887 ; 0.00665364 ; -0.000425013 ; 102.061;
15 ; 18 ; 21 ; 0.00522711 ; -0.00514368 ; -0.00962681 ; 101.247;
16 ; 18 ; 21 ; 0.013538 ; 0.0124494 ; -0.00934482 ; 101.416;
17 ; 18 ; 21 ; 0.0079601 ; 0.000855735 ; -0.0076375 ; 101.697;
18 ; 18 ; 21 ; 0.00603275 ; -0.00816752 ; 0.00303173 ; 101.537;
19 ; 18 ; 21 ; 0.0234731 ; -0.00310125 ; -0.00436445 ; 101.764;
20 ; 18 ; 21 ; -0.00389948 ; 0.00250056 ; -0.00198079 ; 101.357;
21 ; 18 ; 21 ; 0.00248983 ; 0.0135203 ; -0.010282 ; 101.454;
22 ; 18 ; 21 ; -0.00504058 ; 0.00781185 ; -0.0105164 ; 101.147;
23 ; 18 ; 21 ; -0.00236391 ; 2.10651e-05 ; -0.0030751 ; 101.892;
24 ; 18 ; 21 ; -0.0176186 ; 0.00261848 ; 0.0050925 ; 101.734;
25 ; 18 ; 21 ; -0.0303493 ; 0.00650641 ; -0.000325265 ; 102.07;
26 ; 18 ; 21 ; -0.0248215 ; -0.00192325 ; -0.00973751 ; 101.65;
27 ; 18 ; 21 ; -0.0304073 ; 0.00153758 ; 0.00406748 ; 101.744;
28 ; 18 ; 21 ; -0.0263802 ; -0.00659594 ; -0.00205944 ; 101.815;
29 ; 18 ; 21 ; -0.0309371 ; 0.01366 ; -0.00404265 ; 101.917;
30 ; 18 ; 21 ; -0.02289 ; -0.0029565 ; 0.00642366 ; 101.991;
31 ; 18 ; 21 ; -0.0125206 ; -0.00245958 ; -0.0143191 ; 102.044;
32 ; 18 ; 21 ; -0.0116817 ; 0.0100661 ; -0.00501264 ; 102.074;
33 ; 18 ; 21 ; -0.00171116 ; -0.000781927 ; 0.000110638 ; 101.806;
4 ; 19 ; 21 ; 0.00106932 ; 0.000293194 ; 0.00195207 ; 102.048;
5 ; 19 ; 21 ; 0.0110941 ; 0.00353522 ; -0.00664309 ; 101.932;
6 ; 19 ; 21 ; 0.0248889 ; 0.00183066 ; -0.00576729 ; 102.304;
7 ; 19 ; 21 ; 0.028342 ; 0.00734205 ; 0.0041468 ; 101.572;
8 ; 19 ; 21 ; 0.0353719 ; -0.00332646 ; 0.00458903 ; 101.903;
9 ; 19 ; 21 ; 0.0367606 ; 0.00780867 ; -0.00228544 ; 102.022;
10 ; 19 ; 21 ; 0.0230915 ; -0.0103904 ; -0.0097596 ; 101.761;
11 ; 19 ; 21 ; 0.0208878 ; -0.000486592 ; -0.0166948 ; 102.102;
12 ; 19 ; 21 ; 0.0220379 ; 0.00248777 ; -0.00830415 ; 101.923;
13 ; 19 ; 21 ; 0.00877424 ; -0.00540934 ; -0.0116091 ; 101.694;
14 ; 19 ; 21 ; 0.0183481 ; 0.00113962 ; 0.00168117 ; 101.534;
15 ; 19 ; 21 ; 0.0115448 ; -0.0201376 ; 0.00256828 ; 101.866;
16 ; 19 ; 21 ; 0.00542254 ; -0.00925808 ; -0.00260558 ; 101.39;
17 ; 19 ; 21 ; -0.00330413 ; 0.0110294 ; 0.00588896 ; 101.324;
18 ; 19 ; 21 ; 0.00504354 ; -0.0029311 ; -0.0145795 ; 101.17;
19 ; 19 ; 21 ; -0.00165902 ; 0.0040484 ; -0.00804586 ; 101.623;
20 ; 19 ; 21 ; 0.00891054 ; 0.0149211 ; 0.00530037 ; 102.098;
21 ; 19 ; 21 ; -0.00344377 ; 0.00233349 ; -0.00539095 ; 101.531;
22 ; 19 ; 21 ; -0.015384 ; 0.0108853 ; -0.0105884 ; 101.68;
23 ; 19 ; 21 ; -0.0115541 ; 0.00699453 ; -0.00158263 ; 101.673;
24 ; 19 ; 21 ; 0.00270114 ; 0.0095883 ; 0.00392208 ; 101.706;
25 ; 19 ; 21 ; 0.00339061 ; -0.00599214 ; -0.00808003 ; 101.184;
26 ; 19 ; 21 ; -0.018374 ; -0.00324351 ; -0.00604454 ; 102.205;
27 ; 19 ; 21 ; -0.0120932 ; 0.00189661 ; -0.00445249 ; 101.893;
28 ; 19 ; 21 ; -0.0103325 ; 0.00829918 ; 0.00304989 ; 102.241;
29 ; 19 ; 21 ; -0.0242989 ; 0.013914 ; 0.00303999 ; 101.973;
30 ; 19 ; 21 ; -0.0287791 ; -0.000483286 ; -0.00604643 ; 101.86;
31 ; 19 ; 21 ; -0.0234044 ; 0.00456084 ; -0.00739916 ; 102.105;
32 ; 19 ; 21 ; -0.0192487 ; 0.000413481 ; 0.000972999 ; 101.628;
33 ; 19 ; 21 ; -0.0260759 ; -0.00270461 ; 0.00276923 ; 101.904;
4 ; 20 ; 21 ; 0.0107192 ; -0.00456202 ; 0.0064178 ; 102.271;
5 ; 20 ; 21 ; 0.0131032 ; -0.0188388 ; -0.00263228 ; 101.887;
6 ; 20 ; 21 ; 0.0263604 ; -0.00448976 ; 0.00576938 ; 102.04;
7 ; 20 ; 21 ; 0.0227069 ; -0.00444728 ; -0.00795635 ; 102.197;
8 ; 20 ; 21 ; 0.0357068 ; -0.00140941 ; -0.00620343 ; 102.044;
9 ; 20 ; 21 ; 0.0312531 ; 0.00658048 ; -0.00486014 ; 102.395;
10 ; 20 ; 21 ; 0.0239563 ; -0.00208211 ; -0.00994742 ; 101.922;
11 ; 20 ; 21 ; 0.0224058 ; -0.00149056 ; 0.000525698 ; 101.676;
12 ; 20 ; 21 ; 0.0298892 ; -0.00189277 ; -0.00737188 ; 101.242;
13 ; 20 ; 21 ; 0.0114408 ; 0.00165085 ; -0.00916373 ; 101.696;
14 ; 20 ; 21 ; 0.00554235 ; 0.00020832 ; 0.0014761 ; 101.646;
15 ; 20 ; 21 ; 0.000873035 ; -0.00870307 ; -0.011342 ; 101.837;
16 ; 20 ; 21 ; -0.00342278 ; 0.00964398 ; -0.00521543 ; 101.578;
17 ; 20 ; 21 ; -0.00329602 ; -0.00368953 ; 0.000606681 ; 101.697;
18 ; 20 ; 21 ; 0.0177193 ; 0.00221042 ; -0.00437571 ; 101.333;
19 ; 20 ; 21 ; 0.00760626 ; -0.00591694 ; -0.0224601 ; 102.077;
20 ; 20 ; 21 ; 0.0066894 ; -0.0159969 ; -0.010175 ; 101.341;
21 ; 20 ; 21 ; 0.00499603 ; 0.0117629 ; -0.0168838 ; 101.343;
22 ; 20 ; 21 ; -0.00984954 ; 0.000731966 ; -0.0135255 ; 101.5;
23 ; 20 ; 21 ; -0.00901677 ; -0.00469278 ; 0.00614843 ; 101.515;
24 ; 20 ; 21 ; -0.00912761 ; -0.00206109 ; -0.0225992 ; 101.552;
25 ; 20 ; 21 ; -0.014888 ; -0.0028748 ; -0.010175 ; 101.688;
26 ; 20 ; 21 ; -0.015307 ; -0.00281814 ; -0.000175915 ; 101.982;
27 ; 20 ; 21 ; -0.0115873 ; -0.00554722 ; -0.00283096 ; 102.092;
28 ; 20 ; 21 ; -0.0213063 ; -0.000615557 ; -0.0051461 ; 101.795;
29 ; 20 ; 21 ; -0.0129172 ; -0.00680255 ; -0.00660665 ; 101.592;
30 ; 20 ; 21 ; -0.0143983 ; 0.00895834 ; 0.00231739 ; 102.341;
31 ; 20 ; 21 ; -0.0105749 ; -0.00473233 ; 0.010529 ; 101.938;
32 ; 20 ; 21 ; -0.00365273 ; 0.00283305 ; -0.00255785 ; 101.818;
33 ; 20 ; 21 ; -0.00326833 ; 0.00328978 ; 0.00422992 ; 102.125;
4 ; 21 ; 21 ; 0.0020108 ; -0.00175266 ; -0.0120166 ; 102.112;
5 ; 21 ; 21 ; 0.0203387 ; -0.0097806 ; -0.0180726 ; 102.21;
6 ; 21 ; 21 ; 0.0231472 ; 0.000928773 ; -0.00324927 ; 102.01;
7 ; 21 ; 21 ; 0.0266749 ; -0.000564396 ; -0.00526232 ; 101.986;
8 ; 21 ; 21 ; 0.0252419 ; -0.020138 ; 0.00220942 ; 101.876;
9 ; 21 ; 21 ; 0.012014 ; 0.0092219 ; 0.00652127 ; 101.805;
10 ; 21 ; 21 ; 0.0340082 ; -0.00695243 ; -0.000237668 ; 101.807;
11 ; 21 ; 21 ; 0.0184443 ; -0.00707906 ; -0.0034859 ; 102.076;
12 ; 21 ; 21 ; 0.0140732 ; 0.0022867 ; -0.00970393 ; 101.873;
13 ; 21 ; 21 ; 0.0300791 ; 0.00869216 ; -0.000991801 ; 101.821;
14 ; 21 ; 21 ; 0.000129274 ; -0.00393217 ; 0.00152635 ; 101.43;
15 ; 21 ; 21 ; 0.00310467 ; -0.00564837 ; -0.00552486 ; 101.411;
16 ; 21 ; 21 ; 0.0138156 ; -0.00315508 ; -0.00984604 ; 101.832;
17 ; 21 ; 21 ; -0.000659087 ; -0.00515615 ; -0.000973032 ; 101.893;
18 ; 21 ; 21 ; 0.00316534 ; -0.0051048 ; -0.00511675 ; 101.383;
19 ; 21 ; 21 ; -0.00576453 ; 0.0108829 ; 0.0010477 ; 101.681;
20 ; 21 ; 21 ; -0.00257732 ; -0.00772204 ; -0.00331315 ; 101.762;
21 ; 21 ; 21 ; 0.0133059 ; -0.0047439 ; 0.00620346 ; 101.684;
22 ; 21 ; 21 ; -0.0192815 ; -0.00116782 ; -0.0090316 ; 101.452;
23 ; 21 ; 21 ; -0.018491 ; -0.00533838 ; -0.0111977 ; 101.593;
24 ; 21 ; 21 ; -0.0146952 ; 0.00657956 ; 0.00825378 ; 101.762;
25 ; 21 ; 21 ; -0.0104744 ; -0.00513198 ; -0.00641379 ; 101.819;
26 ; 21 ; 21 ; -0.0154645 ; -0.0246616 ; -0.0139265 ; 101.819;
27 ; 21 ; 21 ; -0.0192947 ; -0.01447 ; -0.0066555 ; 102.115;
28 ; 21 ; 21 ; -0.0389366 ; 0.00212508 ; -0.00566235 ; 101.839;
29 ; 21 ; 21 ; -0.029439 ; -0.0114181 ; 0.00309573 ; 102.399;
30 ; 21 ; 21 ; -0.0132839 ; 0.0053799 ; 0.00762919 ; 101.836;
31 ; 21 ; 21 ; -0.0166202 ; 0.00796933 ; -0.00290777 ; 101.817;
32 ; 21 ; 21 ; -0.0174252 ; 0.00108263 ; -0.00389164 ; 102.124;
33 ; 21 ; 21 ; -0.00921416 ; 0.00388624 ; 0.00195807 ; 102.064;
4 ; 22 ; 21 ; 0.01787 ; 0.00269055 ; -0.000202363 ; 102.309;
5 ; 22 ; 21 ; 0.0195118 ; -0.00554612 ; -0.0124406 ; 102.038;
6 ; 22 ; 21 ; 0.0210318 ; -0.000625451 ; 0.00169579 ; 102.058;
7 ; 22 ; 21 ; 0.0290695 ; -0.00699391 ; -0.0118991 ; 102.161;
8 ; 22 ; 21 ; 0.0162822 ; -0.00637765 ; -0.00382305 ; 101.759;
9 ; 22 ; 21 ; 0.02258 ; -0.000185053 ; -0.00490414 ; 102.109;
10 ; 22 ; 21 ; 0.0187891 ; -0.0100952 ; -0.00721293 ; 102.237;
11 ; 22 ; 21 ; 0.0320017 ; -0.00211821 ; 0.000955458 ; 102.303;
12 ; 22 ; 21 ; 0.0182368 ; -0.00543535 ; 0.00304121 ; 101.581;
13 ; 22 ; 21 ; 0.0159667 ; -0.00683054 ; -0.00472075 ; 101.407;
14 ; 22 ; 21 ; 0.0145583 ; -0.00970595 ; 0.00692738 ; 101.494;
15 ; 22 ; 21 ; 0.0100774 ; 0.00049733 ; 0.00308043 ; 101.811;
16 ; 22 ; 21 ; -0.0125931 ; -0.00436793 ; 0.00500941 ; 101.391;
17 ; 22 ; 21 ; -0.0111341 ; -0.00587878 ; 0.00682792 ; 101.369;
18 ; 22 ; 21 ; -0.00373089 ; -0.00682411 ; -0.00607573 ; 101.597;
19 ; 22 ; 21 ; 0.00781773 ; -0.00140115 ; -0.015772 ; 101.527;
20 ; 22 ; 21 ; -0.000132809 ; 0.00212207 ; -0.000716808 ; 101.426;
21 ; 22 ; 21 ; -0.00759418 ; -0.00973577 ; -0.0165593 ; 101.649;
22 ; 22 ; 21 ; -0.0174705 ; -0.0111399 ; -0.0162081 ; 101.694;
23 ; 22 ; 21 ; -0.0168264 ; -0.00672228 ; 0.00118852 ; 101.844;
24 ; 22 ; 21 ; -0.0212587 ; -0.00727768 ; -0.0214621 ; 101.83;
25 ; 22 ; 21 ; -0.0295958 ; 0.00648023 ; -0.00606995 ; 101.971;
26 ; 22 ; 21 ; -0.0220149 ; -0.0184863 ; -0.00248199 ; 101.612;
27 ; 22 ; 21 ; -0.025797 ; -0.0180755 ; -0.00567392 ; 102.248;
28 ; 22 ; 21 ; -0.0185336 ; -0.00998869 ; -0.00606427 ; 102.607;
29 ; 22 ; 21 ; -0.024261 ; -0.0110203 ; -0.00179114 ; 102.18;
30 ; 22 ; 21 ; -0.0263539 ; -0.0129689 ; 0.0138708 ; 102.124;
31 ; 22 ; 21 ; -0.00836959 ; -0.00228239 ; 0.00243329 ; 101.782;
32 ; 22 ; 21 ; -0.00522724 ; -0.00249264 ; -0.0038554 ; 101.882;
33 ; 22 ; 21 ; -0.0124872 ; 0.00875402 ; -0.00626501 ; 102.068;
4 ; 23 ; 21 ; 0.0056212 ; -0.00724157 ; 0.00678787 ; 101.952;
5 ; 23 ; 21 ; 0.00691844 ; 0.00350994 ; 0.00242067 ; 102.189;
6 ; 23 ; 21 ; 0.001319 ; -0.00248295 ; 0.00175892 ; 101.784;
7 ; 23 ; 21 ; 0.0216469 ; 0.00151055 ; 0.0005921 ; 102.524;
8 ; 23 ; 21 ; 0.0290421 ; -0.00434729 ; 0.002285 ; 101.994;
9 ; 23 ; 21 ; 0.0183792 ; -0.00980569 ; 0.00268884 ; 102.241;
10 ; 23 ; 21 ; 0.0286611 ; -0.0113398 ; -0.00875006 ; 102.123;
11 ; 23 ; 21 ; 0.0117956 ; -0.0112068 ; -0.0125819 ; 101.902;
12 ; 23 ; 21 ; 0.00793464 ; -0.0215513 ; -0.00923383 ; 102.024;
13 ; 23 ; 21 ; -0.00140808 ; -0.0136716 ; 0.00887274 ; 101.691;
14 ; 23 ; 21 ; 0.00861394 ; -0.00643162 ; 0.00414984 ; 101.899;
15 ; 23 ; 21 ; 0.00461797 ; -0.0149166 ; -0.00477319 ; 101.638;
16 ; 23 ; 21 ; 0.00289908 ; -0.00826087 ; 0.0126177 ; 102;
17 ; 23 ; 21 ; 0.014762 ; -0.0127815 ; -0.0110064 ; 101.735;
18 ; 23 ; 21 ; 0.0135574 ; -0.012152 ; 0.000144049 ; 101.704;
19 ; 23 ; 21 ; 0.00757789 ; -0.00711542 ; -0.0111464 ; 101.346;
20 ; 23 ; 21 ; 0.00847419 ; 0.00368102 ; -0.000122753 ; 101.497;
21 ; 23 ; 21 ; 0.00143722 ; -0.00208151 ; -0.00870138 ; 101.83;
22 ; 23 ; 21 ; -0.0126775 ; -0.00664995 ; 0.00465194 ; 101.821;
23 ; 23 ; 21 ; -0.00314802 ; -0.0144565 ; -0.00974434 ; 102.213;
24 ; 23 ; 21 ; -0.0259261 ; -0.00509426 ; -0.00496402 ; 101.809;
25 ; 23 ; 21 ; -0.014755 ; -0.00700306 ; 0.00226909 ; 102.162;
26 ; 23 ; 21 ; -0.0273485 ; -0.0060191 ; -0.000518426 ; 102.336;
27 ; 23 ; 21 ; -0.0303814 ; -0.0158442 ; 0.00700204 ; 101.867;
28 ; 23 ; 21 ; -0.0271681 ; -0.00249079 ; 0.00683841 ; 101.979;
29 ; 23 ; 21 ; -0.0308232 ; 0.0112645 ; -0.0015876 ; 102.131;
30 ; 23 ; 21 ; -0.0133278 ; 0.0049688 ; 0.000676129 ; 102.056;
31 ; 23 ; 21 ; -0.0224171 ; -0.00556037 ; -0.00847737 ; 101.796;
32 ; 23 ; 21 ; -0.0171498 ; -0.00194262 ; -0.00550524 ; 102.071;
33 ; 23 ; 21 ; -0.00829976 ; -0.00367103 ; -0.00519812 ; 101.84;
4 ; 24 ; 21 ; 0.0104634 ; -0.00803754 ; 0.0121895 ; 101.905;
5 ; 24 ; 21 ; 0.0111936 ; -0.0138465 ; 0.0152414 ; 101.946;
6 ; 24 ; 21 ; 0.00424047 ; -0.00380987 ; -0.00587392 ; 102.38;
7 ; 24 ; 21 ; 0.0126736 ; -0.0251549 ; -0.00430885 ; 101.874;
8 ; 24 ; 21 ; 0.0288304 ; -0.0132269 ; -5.21928e-05 ; 102.22;
9 ; 24 ; 21 ; 0.0254647 ; -0.012871 ; -0.00226988 ; 101.956;
10 ; 24 ; 21 ; 0.030445 ; -0.0208153 ; 0.00101167 ; 102.044;
11 ; 24 ; 21 ; 0.0316825 ; -0.0131636 ; -0.00221727 ; 102.004;
12 ; 24 ; 21 ; 0.0214125 ; -0.00185274 ; 0.000530539 ; 101.994;
13 ; 24 ; 21 ; 0.00122592 ; -0.00786594 ; -0.00336993 ; 102.094;
14 ; 24 ; 21 ; 0.00990651 ; -0.0160957 ; 0.00277414 ; 102.346;
15 ; 24 ; 21 ; 0.000773393 ; -0.0200046 ; -0.00722657 ; 101.877;
16 ; 24 ; 21 ; 0.0118613 ; -0.0227149 ; -0.00691278 ; 101.95;
17 ; 24 ; 21 ; 0.00284975 ; -0.0172348 ; -0.00834757 ; 101.784;
18 ; 24 ; 21 ; 0.0154401 ; -0.0103784 ; -0.0041677 ; 101.708;
19 ; 24 ; 21 ; -0.00215374 ; -0.0113282 ; -0.00910167 ; 101.757;
20 ; 24 ; 21 ; -0.00974988 ; -0.0147364 ; -0.0142868 ; 101.773;
21 ; 24 ; 21 ; 0.00181855 ; -0.00647761 ; 0.00640967 ; 101.996;
22 ; 24 ; 21 ; -0.00104279 ; 0.00406582 ; -0.00266934 ; 102.232;
23 ; 24 ; 21 ; -0.0162848 ; -0.0096882 ; -0.0130311 ; 101.82;
24 ; 24 ; 21 ; -0.0213796 ; -0.014585 ; -0.00608313 ; 101.683;
25 ; 24 ; 21 ; -0.00434472 ; -0.0106836 ; -0.00319169 ; 102.349;
26 ; 24 ; 21 ; -0.0174568 ; -0.013795 ; -0.00496972 ; 101.953;
27 ; 24 ; 21 ; -0.00980573 ; -0.0122567 ; 0.00687834 ; 102.067;
28 ; 24 ; 21 ; -0.0185216 ; -0.0128677 ; -0.0100852 ; 102.467;
29 ; 24 ; 21 ; -0.0363101 ; -0.0168622 ; -0.00381364 ; 101.355;
30 ; 24 ; 21 ; -0.0170127 ; -0.00781959 ; -0.0148672 ; 101.947;
31 ; 24 ; 21 ; -0.026103 ; -0.00795024 ; -0.0084241 ; 101.669;
32 ; 24 ; 21 ; -0.0260746 ; -0.0106896 ; 0.0123403 ; 102.286;
33 ; 24 ; 21 ; -0.000239666 ; 0.000393357 ; 0.0143562 ; 102.519;
4 ; 25 ; 21 ; 0.00393294 ; -0.00195879 ; 0.0034182 ; 102.44;
5 ; 25 ; 21 ; 0.00674203 ; -0.0262482 ; 0.00871489 ; 102.342;
6 ; 25 ; 21 ; 0.00470471 ; -0.0324202 ; 0.00239178 ; 102.465;
7 ; 25 ; 21 ; 0.0351721 ; -0.0326135 ; 0.00806947 ; 102.605;
8 ; 25 ; 21 ; 0.0289751 ; 8.33487e-05 ; -0.0100435 ; 102.319;
9 ; 25 ; 21 ; 0.0181325 ; -0.0255441 ; -0.00870404 ; 102.075;
10 ; 25 ; 21 ; 0.0139353 ; -0.0146286 ; 0.00826902 ; 102.531;
11 ; 25 ; 21 ; 0.0230761 ; -0.0266166 ; 0.000849174 ; 102.128;
12 ; 25 ; 21 ; 0.0174195 ; -0.0273121 ; -0.0121042 ; 101.774;
13 ; 25 ; 21 ; 0.00661291 ; -0.0244273 ; -0.00660158 ; 102.285;
14 ; 25 ; 21 ; 0.00231935 ; -0.0236811 ; 0.00200388 ; 102.053;
15 ; 25 ; 21 ; -0.000377331 ; -0.0228856 ; -0.0040219 ; 101.854;
16 ; 25 ; 21 ; 0.00334227 ; -0.0143243 ; 0.00644147 ; 102.315;
17 ; 25 ; 21 ; 0.00478781 ; -0.0170924 ; -0.00541942 ; 101.408;
18 ; 25 ; 21 ; 0.0165078 ; -0.00871046 ; 0.00386627 ; 101.21;
19 ; 25 ; 21 ; -0.00414511 ; -0.0261574 ; -0.00506531 ; 101.905;
20 ; 25 ; 21 ; 0.000684463 ; -0.0171425 ; -0.00260069 ; 102.271;
21 ; 25 ; 21 ; -0.00368088 ; -0.0180502 ; -0.0180865 ; 101.961;
22 ; 25 ; 21 ; -0.00604981 ; 0.00499718 ; -0.0100723 ; 101.504;
23 ; 25 ; 21 ; -0.0112274 ; -0.0194961 ; -0.0021173 ; 101.984;
24 ; 25 ; 21 ; -0.0108892 ; -0.0134671 ; 0.00827028 ; 101.935;
25 ; 25 ; 21 ; -0.0188003 ; -0.0157568 ; 0.0010522 ; 102.06;
26 ; 25 ; 21 ; -0.0109539 ; -0.0136344 ; -0.00394026 ; 101.984;
27 ; 25 ; 21 ; -0.0184224 ; -0.0110795 ; -0.0147773 ; 102.287;
28 ; 25 ; 21 ; -0.0201226 ; -0.0185298 ; -0.00107255 ; 102.38;
29 ; 25 ; 21 ; -0.0211887 ; -0.00928936 ; -0.00406924 ; 102.252;
30 ; 25 ; 21 ; -0.00607896 ; -0.0190746 ; -0.0136499 ; 102.273;
31 ; 25 ; 21 ; -0.0249632 ; -0.0211519 ; 0.0019726 ; 102.046;
32 ; 25 ; 21 ; -0.0183917 ; -0.0147525 ; 0.00655718 ; 102.024;
33 ; 25 ; 21 ; 0.00218993 ; -0.00174526 ; 0.00576786 ; 102.015;
4 ; 26 ; 21 ; -0.00202489 ; -0.0138371 ; 0.000524918 ; 102.155;
5 ; 26 ; 21 ; 0.0116448 ; -0.0204624 ; -0.00544154 ; 102.763;
6 ; 26 ; 21 ; 0.0199739 ; -0.0160949 ; -0.00948219 ; 102.269;
7 ; 26 ; 21 ; 0.0171225 ; -0.0238524 ; -0.000933098 ; 101.688;
8 ; 26 ; 21 ; 0.0253471 ; -0.00422168 ; 0.000234716 ; 102.274;
9 ; 26 ; 21 ; 0.0204227 ; -0.0192415 ; 0.0124285 ; 102.951;
10 ; 26 ; 21 ; 0.0210879 ; -0.00419587 ; -0.00802317 ; 102.201;
11 ; 26 ; 21 ; 0.0306667 ; -0.0337795 ; -0.00866122 ; 102.292;
12 ; 26 ; 21 ; 0.00988212 ; -0.0190121 ; -0.00898344 ; 102.211;
13 ; 26 ; 21 ; 0.0148125 ; -0.0199822 ; -0.0128595 ; 102.111;
14 ; 26 ; 21 ; 0.0075433 ; -0.029562 ; -0.00941885 ; 101.845;
15 ; 26 ; 21 ; 0.0060065 ; -0.0209064 ; 0.00608067 ; 101.75;
16 ; 26 ; 21 ; -0.00330566 ; -0.0354507 ; 0.0087533 ; 102.124;
17 ; 26 ; 21 ; 0.0102054 ; -0.0121536 ; -0.00515757 ; 101.636;
18 ; 26 ; 21 ; 0.00795405 ; -0.0338393 ; -0.00785757 ; 101.671;
19 ; 26 ; 21 ; 0.00280586 ; -0.0176885 ; -0.0180863 ; 101.911;
20 ; 26 ; 21 ; 0.00917438 ; -0.0127625 ; -0.00310662 ; 101.676;
21 ; 26 ; 21 ; 0.00531699 ; -0.00830375 ; 0.00663145 ; 101.712;
22 ; 26 ; 21 ; -0.0100087 ; -0.0136186 ; -0.0115355 ; 102.297;
23 ; 26 ; 21 ; -0.031305 ; -0.0287621 ; -0.00598964 ; 102.023;
24 ; 26 ; 21 ; -0.0133788 ; -0.0196832 ; -0.00289516 ; 102.069;
25 ; 26 ; 21 ; -0.0218132 ; -0.018705 ; -0.00793479 ; 101.997;
26 ; 26 ; 21 ; -0.0232715 ; -0.0104723 ; -0.00101355 ; 102.233;
27 ; 26 ; 21 ; -0.0242195 ; -0.0185693 ; -0.00378964 ; 102.39;
28 ; 26 ; 21 ; -0.0249725 ; -0.00754099 ; -0.00562539 ; 102.575;
29 ; 26 ; 21 ; -0.0330745 ; -0.0170027 ; -0.000285628 ; 102.454;
30 ; 26 ; 21 ; -0.0160291 ; -0.0142265 ; 0.00585553 ; 102.251;
31 ; 26 ; 21 ; -0.0175206 ; -0.0283719 ; -0.00138951 ; 102.489;
32 ; 26 ; 21 ; -0.00913968 ; -0.0152565 ; 0.00796059 ; 101.875;
33 ; 26 ; 21 ; -0.00674712 ; -0.019438 ; 0.00848562 ; 102.428;
4 ; 27 ; 21 ; 0.00445225 ; -0.0103838 ; -0.00763282 ; 102.415;
5 ; 27 ; 21 ; 0.00305435 ; -0.0167846 ; 0.00957437 ; 102.5;
6 ; 27 ; 21 ; 0.010268 ; -0.0307638 ; 0.00566282 ; 102.351;
7 ; 27 ; 21 ; 0.0250411 ; -0.0255559 ; -8.27739e-05 ; 102.614;
8 ; 27 ; 21 ; 0.0120858 ; -0.0260106 ; -0.00843835 ; 102.071;
9 ; 27 ; 21 ; 0.0244648 ; -0.0107702 ; 0.0016494 ; 102.096;
10 ; 27 ; 21 ; 0.0254698 ; -0.0111295 ; 0.000176065 ; 102.467;
11 ; 27 ; 21 ; 0.0244327 ; -0.0158056 ; -0.0105605 ; 102.561;
12 ; 27 ; 21 ; 0.0204417 ; -0.0170577 ; 0.00490465 ; 102.449;
13 ; 27 ; 21 ; 0.0113644 ; -0.0129218 ; -0.00566521 ; 101.927;
14 ; 27 ; 21 ; 0.00781088 ; -0.0358643 ; 0.00338488 ; 101.822;
15 ; 27 ; 21 ; 0.000590451 ; -0.0240783 ; 0.00256844 ; 101.709;
16 ; 27 ; 21 ; -0.00938931 ; -0.027159 ; -0.000419557 ; 101.574;
17 ; 27 ; 21 ; -0.0093083 ; -0.00951975 ; -0.00734871 ; 101.838;
18 ; 27 ; 21 ; 0.00125036 ; -0.0204304 ; -0.0200693 ; 101.687;
19 ; 27 ; 21 ; -0.00489227 ; -0.0231943 ; -0.00603933 ; 101.835;
20 ; 27 ; 21 ; 0.00268323 ; -0.0191238 ; -0.00766162 ; 101.974;
21 ; 27 ; 21 ; 0.00684317 ; -0.010619 ; -0.00356128 ; 101.545;
22 ; 27 ; 21 ; 0.00506866 ; -0.0204374 ; 0.00148569 ; 102.173;
23 ; 27 ; 21 ; -0.00710868 ; -0.0301323 ; -0.0134847 ; 102.011;
24 ; 27 ; 21 ; -0.00965075 ; -0.0126239 ; -0.0139337 ; 102.025;
25 ; 27 ; 21 ; -0.0184391 ; -0.0298396 ; 0.00685758 ; 101.946;
26 ; 27 ; 21 ; -0.0100108 ; -0.0207997 ; -0.00117185 ; 102.387;
27 ; 27 ; 21 ; -0.0104032 ; -0.0222578 ; -0.00248488 ; 102.184;
28 ; 27 ; 21 ; -0.0152077 ; -0.0142596 ; -0.00397485 ; 102.133;
29 ; 27 ; 21 ; -0.0300185 ; -0.0247943 ; -0.00103855 ; 102.134;
30 ; 27 ; 21 ; -0.00800334 ; -0.0164694 ; 6.46903e-05 ; 101.997;
31 ; 27 ; 21 ; -0.00896864 ; -0.00952204 ; 0.00994565 ; 102.383;
32 ; 27 ; 21 ; -0.0187252 ; -0.0193225 ; 0.00025688 ; 102.734;
33 ; 27 ; 21 ; -0.0063131 ; -0.0161568 ; 0.0061779 ; 102.723;
4 ; 28 ; 21 ; 0.000797631 ; -0.0142317 ; -0.00866036 ; 102.954;
5 ; 28 ; 21 ; 0.0075953 ; -0.0225843 ; 0.00824372 ; 102.81;
6 ; 28 ; 21 ; 0.013685 ; -0.0245517 ; 0.00116282 ; 102.266;
7 ; 28 ; 21 ; -0.00137093 ; -0.0267595 ; 0.00541221 ; 102.552;
8 ; 28 ; 21 ; -0.00530922 ; -0.0214814 ; 0.0186496 ; 102.32;
9 ; 28 ; 21 ; 0.0272795 ; -0.023428 ; -0.00392264 ; 103.051;
10 ; 28 ; 21 ; 0.0176317 ; -0.0170752 ; 0.0104458 ; 102.056;
11 ; 28 ; 21 ; 0.0185323 ; -0.0210398 ; 0.00427396 ; 102.31;
12 ; 28 ; 21 ; 0.0109837 ; -0.0386842 ; 0.00354457 ; 102.246;
13 ; 28 ; 21 ; 0.00867404 ; -0.0212475 ; -0.00851256 ; 101.801;
14 ; 28 ; 21 ; 0.000239649 ; -0.0409315 ; 0.00389546 ; 102.058;
15 ; 28 ; 21 ; 0.00246517 ; -0.0263917 ; -0.0100558 ; 101.836;
16 ; 28 ; 21 ; -0.0199377 ; -0.0341287 ; -0.00882548 ; 102.352;
17 ; 28 ; 21 ; -0.0150003 ; -0.0257049 ; 0.00092956 ; 101.831;
18 ; 28 ; 21 ; -0.00257659 ; -0.0195195 ; -0.00313524 ; 101.961;
19 ; 28 ; 21 ; -0.0114509 ; -0.0361167 ; -0.0132429 ; 102.161;
20 ; 28 ; 21 ; -0.00538025 ; -0.0444077 ; 0.000239111 ; 101.908;
21 ; 28 ; 21 ; -0.0102689 ; -0.00778603 ; 0.000794849 ; 101.987;
22 ; 28 ; 21 ; -0.00735379 ; -0.0303315 ; -0.010234 ; 101.531;
23 ; 28 ; 21 ; -0.00820587 ; -0.0387223 ; 0.00619112 ; 102.236;
24 ; 28 ; 21 ; -0.0140876 ; -0.0244827 ; -0.0158702 ; 101.975;
25 ; 28 ; 21 ; -0.0236546 ; -0.0339958 ; -0.0100706 ; 102.569;
26 ; 28 ; 21 ; -0.0189119 ; -0.0086231 ; 0.006189 ; 102.302;
27 ; 28 ; 21 ; -0.0216205 ; -0.00649213 ; 0.00729064 ; 102.42;
28 ; 28 ; 21 ; -0.0179546 ; -0.00759378 ; 0.00154162 ; 102.357;
29 ; 28 ; 21 ; -0.0180952 ; -0.0192016 ; -0.00300791 ; 102.681;
30 ; 28 ; 21 ; -0.0153201 ; -0.0232939 ; -0.00676345 ; 102.107;
31 ; 28 ; 21 ; -0.00261734 ; -0.0130383 ; 0.0129727 ; 102.6;
32 ; 28 ; 21 ; -0.00755697 ; -0.0208074 ; 0.00896549 ; 102.463;
33 ; 28 ; 21 ; 0.000492034 ; -0.0214726 ; -0.0120402 ; 102.233;
4 ; 29 ; 21 ; 0.00879133 ; -0.0113101 ; 0.00538176 ; 102.183;
5 ; 29 ; 21 ; 0.00728808 ; -0.0189202 ; 0.0212479 ; 102.54;
6 ; 29 ; 21 ; 0.011474 ; -0.0165304 ; 0.00296766 ; 102.075;
7 ; 29 ; 21 ; 0.011022 ; -0.0224404 ; -0.00633237 ; 102.848;
8 ; 29 ; 21 ; 0.0072924 ; -0.0259151 ; 0.00314066 ; 102.709;
9 ; 29 ; 21 ; 0.0142561 ; -0.0186856 ; -0.0122008 ; 102.433;
10 ; 29 ; 21 ; 0.0122832 ; -0.0290897 ; -0.0134314 ; 102.627;
11 ; 29 ; 21 ; 0.016547 ; -0.0193098 ; 0.00909541 ; 102.286;
12 ; 29 ; 21 ; 0.00956761 ; -0.0218088 ; -0.00229345 ; 102.373;
13 ; 29 ; 21 ; -0.00463634 ; -0.0141083 ; 0.00925527 ; 101.955;
14 ; 29 ; 21 ; -0.0190815 ; -0.0185015 ; -0.00483968 ; 102.22;
15 ; 29 ; 21 ; 0.00453095 ; -0.0388845 ; 0.0026995 ; 102.16;
16 ; 29 ; 21 ; 0.00675538 ; -0.0261897 ; 0.0116846 ; 102.004;
17 ; 29 ; 21 ; 0.0130148 ; -0.0331885 ; 0.00608349 ; 102.395;
18 ; 29 ; 21 ; 0.0110864 ; -0.0291309 ; 0.00425853 ; 102.195;
19 ; 29 ; 21 ; 0.00026416 ; -0.0228879 ; -0.000968225 ; 101.796;
20 ; 29 ; 21 ; -0.00168079 ; -0.0208951 ; -0.0139575 ; 101.66;
21 ; 29 ; 21 ; -0.00737262 ; -0.02082 ; -0.00986906 ; 101.801;
22 ; 29 ; 21 ; 0.00329773 ; -0.0239516 ; -0.00173386 ; 102.016;
23 ; 29 ; 21 ; -0.00402699 ; -0.0293476 ; 0.000537454 ; 102.021;
24 ; 29 ; 21 ; -0.00156689 ; -0.0299447 ; -0.000926844 ; 102.492;
25 ; 29 ; 21 ; -0.00379815 ; -0.0303429 ; -0.00710085 ; 101.89;
26 ; 29 ; 21 ; -0.0259506 ; -0.0196704 ; -0.00358418 ; 101.996;
27 ; 29 ; 21 ; -0.0142918 ; -0.0129002 ; -0.00626169 ; 102.825;
28 ; 29 ; 21 ; -0.020259 ; -0.0191724 ; 0.00167414 ; 102.316;
29 ; 29 ; 21 ; -0.017823 ; -0.023211 ; 0.00412974 ; 102.565;
30 ; 29 ; 21 ; -0.0199914 ; -0.0141637 ; 0.0134435 ; 102.233;
31 ; 29 ; 21 ; -0.0220877 ; -0.0222043 ; 0.000306712 ; 102.54;
32 ; 29 ; 21 ; -0.0124413 ; -0.0248491 ; -0.00646404 ; 102.815;
33 ; 29 ; 21 ; -0.00433689 ; -0.00995437 ; 0.00434691 ; 102.445;
4 ; 30 ; 21 ; 0.0138074 ; -0.0123292 ; -0.00453746 ; 102.099;
5 ; 30 ; 21 ; 0.00564998 ; -0.0218307 ; -0.00152388 ; 102.627;
6 ; 30 ; 21 ; 0.0178168 ; -0.0124492 ; 0.0115342 ; 102.493;
7 ; 30 ; 21 ; 0.0179414 ; -0.00446524 ; 0.00416265 ; 102.819;
8 ; 30 ; 21 ; 0.0220938 ; -0.0156526 ; -0.00329755 ; 102.649;
9 ; 30 ; 21 ; 0.0204391 ; -0.0212161 ; -0.00282179 ; 102.326;
10 ; 30 ; 21 ; 0.0208156 ; -0.0374833 ; -0.00499886 ; 102.851;
11 ; 30 ; 21 ; 0.0122564 ; -0.0251877 ; -0.00778623 ; 102.48;
12 ; 30 ; 21 ; 0.0274233 ; -0.0227793 ; 0.0112078 ; 102.53;
13 ; 30 ; 21 ; 0.0188273 ; -0.0270064 ; 0.00104522 ; 102.152;
14 ; 30 ; 21 ; 0.0100845 ; -0.0273764 ; 0.00355482 ; 102.693;
15 ; 30 ; 21 ; 0.00199201 ; -0.0202693 ; -0.00558177 ; 101.975;
16 ; 30 ; 21 ; 0.00553069 ; -0.0213549 ; 0.00788761 ; 102.788;
17 ; 30 ; 21 ; 0.000927858 ; -0.0113694 ; 0.00929047 ; 102.253;
18 ; 30 ; 21 ; 0.00222042 ; -0.014546 ; -0.000660061 ; 101.58;
19 ; 30 ; 21 ; -0.000146457 ; -0.0226365 ; -0.00643101 ; 102.165;
20 ; 30 ; 21 ; 0.00630387 ; -0.0209765 ; -0.00932855 ; 102.317;
21 ; 30 ; 21 ; -0.00364785 ; -0.0322262 ; -0.0020552 ; 102.259;
22 ; 30 ; 21 ; 0.0225273 ; -0.0271632 ; 0.00100574 ; 101.54;
23 ; 30 ; 21 ; 0.0058972 ; -0.00745162 ; -0.00400926 ; 101.585;
24 ; 30 ; 21 ; -0.00715578 ; -0.0223642 ; -0.00470831 ; 102.42;
25 ; 30 ; 21 ; -0.0225977 ; -0.0181252 ; 0.00401323 ; 102.63;
26 ; 30 ; 21 ; -0.0266635 ; -0.019371 ; -0.00896817 ; 101.938;
27 ; 30 ; 21 ; -0.0240239 ; -0.0194099 ; -0.000472735 ; 102.309;
28 ; 30 ; 21 ; -0.024138 ; -0.00677633 ; 0.00120619 ; 102.589;
29 ; 30 ; 21 ; -0.0168715 ; -0.0308142 ; -0.00832581 ; 103.024;
30 ; 30 ; 21 ; -0.0134865 ; -0.0204131 ; 0.000241867 ; 102.523;
31 ; 30 ; 21 ; -0.0153328 ; -0.0231718 ; -0.0062695 ; 102.514;
32 ; 30 ; 21 ; -0.0124231 ; -0.0134406 ; -0.00309779 ; 102.634;
33 ; 30 ; 21 ; -0.00490832 ; -0.0178083 ; -0.00303147 ; 102.584;
4 ; 31 ; 21 ; 0.0197734 ; -0.0182126 ; 0.00024086 ; 102.368;
5 ; 31 ; 21 ; 0.0211914 ; -0.0164343 ; 0.00319746 ; 102.785;
6 ; 31 ; 21 ; 0.0137049 ; -0.0207905 ; -0.00415331 ; 102.627;
7 ; 31 ; 21 ; 0.010547 ; -0.0103893 ; 4.73446e-05 ; 102.672;
8 ; 31 ; 21 ; 0.0255055 ; -0.00793696 ; 0.00211784 ; 102.053;
9 ; 31 ; 21 ; 0.0160948 ; -0.00849306 ; -0.0134301 ; 102.25;
10 ; 31 ; 21 ; 0.0215905 ; -0.0163511 ; -0.00750651 ; 102.412;
11 ; 31 ; 21 ; 0.00742698 ; -0.0195203 ; 0.0079737 ; 101.956;
12 ; 31 ; 21 ; 0.00491658 ; -0.00113771 ; -0.00569357 ; 102.126;
13 ; 31 ; 21 ; -0.00140336 ; -0.0138736 ; -0.00195185 ; 102.029;
14 ; 31 ; 21 ; -0.00100013 ; -0.0218456 ; 0.00881352 ; 101.739;
15 ; 31 ; 21 ; 0.00663915 ; -0.0234362 ; 0.000769692 ; 102.354;
16 ; 31 ; 21 ; 0.0045005 ; -0.0220666 ; -0.00869772 ; 101.868;
17 ; 31 ; 21 ; -0.0042271 ; -0.0240566 ; 0.00072289 ; 101.755;
18 ; 31 ; 21 ; 0.000944179 ; -0.022744 ; 0.00788532 ; 101.926;
19 ; 31 ; 21 ; 0.000116777 ; -0.034631 ; 0.0037282 ; 101.531;
20 ; 31 ; 21 ; 0.0139066 ; -0.0221507 ; 0.00255853 ; 102.229;
21 ; 31 ; 21 ; -0.00340586 ; -0.0127297 ; -0.000626713 ; 101.744;
22 ; 31 ; 21 ; -0.00906358 ; -0.0179243 ; 0.000678724 ; 101.996;
23 ; 31 ; 21 ; -0.0112031 ; -0.00795939 ; 0.0041564 ; 101.942;
24 ; 31 ; 21 ; -0.00479387 ; -0.0184983 ; -0.000662109 ; 102.516;
25 ; 31 ; 21 ; -0.00200054 ; -0.00445091 ; 0.00141557 ; 102.172;
26 ; 31 ; 21 ; -0.0194345 ; -0.0136362 ; -0.00267794 ; 102.191;
27 ; 31 ; 21 ; -0.00997146 ; -0.00455475 ; -0.000462844 ; 102.232;
28 ; 31 ; 21 ; -0.0156887 ; -0.0166147 ; -0.00654688 ; 102.458;
29 ; 31 ; 21 ; -0.0228757 ; -0.027343 ; -0.00462649 ; 102.483;
30 ; 31 ; 21 ; -0.0179421 ; -0.00939091 ; 0.00126861 ; 102.648;
31 ; 31 ; 21 ; -0.00308702 ; -0.0171163 ; 0.0137503 ; 103.031;
32 ; 31 ; 21 ; -0.00289307 ; -0.0160254 ; -0.00174903 ; 102.192;
33 ; 31 ; 21 ; -0.00886881 ; -0.00325073 ; -0.0002232 ; 102.759;
4 ; 32 ; 21 ; 0.00983409 ; -0.0106651 ; 0.000368033 ; 102.393;
5 ; 32 ; 21 ; 0.012929 ; 0.00264148 ; 0.00343485 ; 102.659;
6 ; 32 ; 21 ; 0.0197119 ; 0.00334811 ; -0.000190411 ; 102.521;
7 ; 32 ; 21 ; 0.020566 ; -0.0178109 ; 0.00305983 ; 102.396;
8 ; 32 ; 21 ; 0.015436 ; 0.00391976 ; -0.00914601 ; 102.126;
9 ; 32 ; 21 ; 0.0170606 ; -0.00278749 ; 0.0218192 ; 102.085;
10 ; 32 ; 21 ; 0.0229421 ; -0.00684021 ; 0.00865563 ; 102.405;
11 ; 32 ; 21 ; 0.0170797 ; -0.00695482 ; 0.0086542 ; 102.291;
12 ; 32 ; 21 ; 0.0302008 ; -0.00303571 ; 0.00884126 ; 101.972;
13 ; 32 ; 21 ; -0.00266446 ; 0.0153978 ; -0.0124185 ; 102.355;
14 ; 32 ; 21 ; 0.00410774 ; -0.00773431 ; 0.00458385 ; 101.98;
15 ; 32 ; 21 ; -0.00104083 ; -0.0122751 ; -0.0082187 ; 101.868;
16 ; 32 ; 21 ; -0.0118502 ; 0.00460273 ; -0.000293015 ; 102.166;
17 ; 32 ; 21 ; -0.00471309 ; -0.0109633 ; 0.00347782 ; 101.735;
18 ; 32 ; 21 ; -0.00517911 ; -0.0166732 ; 0.00224174 ; 102.57;
19 ; 32 ; 21 ; -0.00327342 ; -0.0140698 ; -0.00433698 ; 101.757;
20 ; 32 ; 21 ; 0.00755278 ; -0.00638628 ; 0.000389422 ; 102.043;
21 ; 32 ; 21 ; 0.00320326 ; -0.00892494 ; -0.00191062 ; 101.943;
22 ; 32 ; 21 ; 0.0064293 ; -0.0167318 ; -0.0145121 ; 102.233;
23 ; 32 ; 21 ; -0.00543683 ; -0.00580827 ; -0.00326053 ; 102.328;
24 ; 32 ; 21 ; -0.0128597 ; -0.0141861 ; 0.00469705 ; 102.035;
25 ; 32 ; 21 ; -0.0257285 ; -0.0166541 ; -0.0117456 ; 102.089;
26 ; 32 ; 21 ; -0.0082259 ; -0.0153422 ; 0.010959 ; 102.578;
27 ; 32 ; 21 ; -0.0299072 ; -0.0177187 ; 0.00162351 ; 102.085;
28 ; 32 ; 21 ; -0.0319487 ; 0.000499576 ; -0.00356943 ; 102.331;
29 ; 32 ; 21 ; -0.0185772 ; -0.0120488 ; -0.00940784 ; 102.5;
30 ; 32 ; 21 ; -0.0209926 ; 0.000914817 ; -0.0114552 ; 102.517;
31 ; 32 ; 21 ; -0.0102816 ; -0.00568319 ; 0.0073289 ; 102.562;
32 ; 32 ; 21 ; -0.0248163 ; -0.00929069 ; -0.000565656 ; 103.003;
33 ; 32 ; 21 ; -0.00739262 ; -0.00541795 ; 0.00894009 ; 102.08;
4 ; 33 ; 21 ; 0.00469158 ; -0.0102712 ; 0.0143579 ; 102.527;
5 ; 33 ; 21 ; 0.0012298 ; 0.00129271 ; 0.00355869 ; 102.645;
6 ; 33 ; 21 ; 0.0248883 ; 0.00107655 ; -0.000657138 ; 102.476;
7 ; 33 ; 21 ; -0.000717061 ; -0.00635346 ; 0.00603394 ; 102.395;
8 ; 33 ; 21 ; 0.0102683 ; -0.0105348 ; -0.00401432 ; 102.47;
9 ; 33 ; 21 ; 0.0289263 ; 0.00303892 ; 0.00135845 ; 102.562;
10 ; 33 ; 21 ; 0.0224131 ; -0.00801106 ; 0.00302357 ; 102.117;
11 ; 33 ; 21 ; 0.00328811 ; -0.00510025 ; 0.00607048 ; 102.364;
12 ; 33 ; 21 ; 0.00538104 ; -0.00703231 ; 0.00539394 ; 102.388;
13 ; 33 ; 21 ; -0.00467419 ; -0.000242685 ; -0.000272619 ; 102.359;
14 ; 33 ; 21 ; 0.00545086 ; -0.0164712 ; -0.00654073 ; 101.652;
15 ; 33 ; 21 ; 0.0067842 ; -0.0167872 ; -0.00171443 ; 101.894;
16 ; 33 ; 21 ; -0.00438171 ; -0.00317463 ; -0.00590984 ; 101.72;
17 ; 33 ; 21 ; -0.00201757 ; -0.00638645 ; -0.00365187 ; 102.351;
18 ; 33 ; 21 ; 0.00367851 ; -0.0074031 ; 0.000142809 ; 102.039;
19 ; 33 ; 21 ; -0.0202144 ; 0.00865214 ; -0.000267191 ; 102.018;
20 ; 33 ; 21 ; -0.0136099 ; -0.00972621 ; 0.00372969 ; 102.188;
21 ; 33 ; 21 ; -0.0029096 ; -0.0102537 ; 0.000255341 ; 101.905;
22 ; 33 ; 21 ; 0.00940198 ; -0.00705773 ; 0.00526817 ; 102.049;
23 ; 33 ; 21 ; 0.00298455 ; 0.00924499 ; 0.00350876 ; 102.087;
24 ; 33 ; 21 ; -0.000320072 ; -0.00553812 ; -0.0019015 ; 102.617;
25 ; 33 ; 21 ; -0.0198626 ; -0.0120699 ; -0.000607074 ; 101.865;
26 ; 33 ; 21 ; -0.0119656 ; -0.00430079 ; 0.00892043 ; 102.16;
27 ; 33 ; 21 ; -0.0204389 ; 0.00446477 ; 0.00191952 ; 102.357;
28 ; 33 ; 21 ; -0.0164389 ; 0.000294553 ; 0.00491558 ; 102.255;
29 ; 33 ; 21 ; -0.0204508 ; -0.00252178 ; 0.0088881 ; 102.761;
30 ; 33 ; 21 ; -0.0175132 ; 0.00612371 ; -0.000518416 ; 102.543;
31 ; 33 ; 21 ; 0.000290558 ; -0.00329667 ; 0.013052 ; 102.376;
32 ; 33 ; 21 ; -0.0148626 ; -0.0150549 ; 0.00705062 ; 102.735;
33 ; 33 ; 21 ; -0.00360272 ; -0.00510201 ; 0.00632181 ; 102.95;
4 ; 4 ; 22 ; 0.00229646 ; 0.0075995 ; -0.00285945 ; 102.881;
5 ; 4 ; 22 ; 0.0204668 ; 0.0149989 ; 0.00825128 ; 102.393;
6 ; 4 ; 22 ; 0.0123761 ; 0.00268967 ; 0.00128073 ; 102.468;
7 ; 4 ; 22 ; 0.0255228 ; 0.00564679 ; 0.00603733 ; 102.407;
8 ; 4 ; 22 ; 0.010907 ; 0.00612837 ; -0.0122583 ; 102.821;
9 ; 4 ; 22 ; 0.0177638 ; 0.0162574 ; 0.00274755 ; 102.491;
10 ; 4 ; 22 ; 0.0232256 ; 0.00693905 ; 0.00477057 ; 102.169;
11 ; 4 ; 22 ; 0.00528388 ; 0.000435461 ; 0.00136081 ; 102.374;
12 ; 4 ; 22 ; 0.000131932 ; 0.0140153 ; -0.00138809 ; 102.302;
13 ; 4 ; 22 ; 0.00869795 ; 0.00942339 ; 0.00894994 ; 101.943;
14 ; 4 ; 22 ; -0.00679161 ; 0.00743491 ; 0.00987052 ; 102.2;
15 ; 4 ; 22 ; -0.000641522 ; -0.00309983 ; 0.00131323 ; 101.782;
16 ; 4 ; 22 ; -0.0160514 ; 0.00184348 ; 0.00318166 ; 102.189;
17 ; 4 ; 22 ; 0.0219221 ; 0.00407648 ; -0.0145783 ; 102.266;
18 ; 4 ; 22 ; 0.012201 ; -0.00380791 ; -0.00599908 ; 101.78;
19 ; 4 ; 22 ; 0.0105028 ; 0.00233384 ; -0.0192637 ; 102.328;
20 ; 4 ; 22 ; -0.00755336 ; 0.00334857 ; -0.00734973 ; 102.533;
21 ; 4 ; 22 ; 0.0049402 ; 0.00424553 ; 0.00908714 ; 102.005;
22 ; 4 ; 22 ; -0.0103181 ; -0.00186674 ; 0.00161952 ; 102.31;
23 ; 4 ; 22 ; -0.00329702 ; 0.0080755 ; 0.00322489 ; 102.108;
24 ; 4 ; 22 ; -0.00503217 ; 0.00574437 ; 0.00395446 ; 102.021;
25 ; 4 ; 22 ; -0.00277393 ; 0.00309122 ; -0.00677362 ; 102.63;
26 ; 4 ; 22 ; -0.0078589 ; -0.00924917 ; 0.000165993 ; 102.482;
27 ; 4 ; 22 ; -0.0110085 ; -0.00352226 ; 0.00132284 ; 102.214;
28 ; 4 ; 22 ; -0.0265867 ; -0.012497 ; -0.000267067 ; 102.691;
29 ; 4 ; 22 ; -0.0166161 ; -0.00300443 ; -0.00145579 ; 102.526;
30 ; 4 ; 22 ; -0.0123109 ; -0.00332288 ; -0.00541968 ; 102.103;
31 ; 4 ; 22 ; -0.0143771 ; 0.0133267 ; -0.00222692 ; 102.764;
32 ; 4 ; 22 ; -0.0094204 ; 0.0277487 ; 0.00507287 ; 102.361;
33 ; 4 ; 22 ; -0.00459126 ; 0.00935783 ; 0.00476002 ; 102.892;
4 ; 5 ; 22 ; 0.0127181 ; 0.00705946 ; -0.00364924 ; 102.833;
5 ; 5 ; 22 ; 0.0164522 ; 0.0150261 ; 0.00281974 ; 102.794;
6 ; 5 ; 22 ; 0.0211211 ; -0.0033607 ; 0.00178982 ; 102.817;
7 ; 5 ; 22 ; 0.0150142 ; 0.000895298 ; -0.0101131 ; 102.904;
8 ; 5 ; 22 ; 0.0160902 ; 0.00933419 ; -0.00594489 ; 102.177;
9 ; 5 ; 22 ; 0.0304444 ; 0.00176333 ; -0.00114277 ; 102.415;
10 ; 5 ; 22 ; 0.0261582 ; 0.000987172 ; 0.00719901 ; 102.699;
11 ; 5 ; 22 ; 0.000680355 ; 0.0178717 ; 0.00215765 ; 102.542;
12 ; 5 ; 22 ; 0.0170886 ; 0.0184357 ; 0.00304285 ; 102.323;
13 ; 5 ; 22 ; -0.00584838 ; 0.00993291 ; 0.00898933 ; 102.415;
14 ; 5 ; 22 ; 0.00105247 ; 0.00733443 ; -0.00383836 ; 101.993;
15 ; 5 ; 22 ; 0.00918306 ; 0.012777 ; -0.00616684 ; 102.195;
16 ; 5 ; 22 ; -0.0105764 ; 0.0207609 ; -0.00394661 ; 102.193;
17 ; 5 ; 22 ; 0.00250835 ; 0.0140926 ; -0.00499016 ; 102.318;
18 ; 5 ; 22 ; 0.0113306 ; 0.023445 ; 0.0111008 ; 101.903;
19 ; 5 ; 22 ; 3.01964e-05 ; 0.0120684 ; 0.000694854 ; 102.193;
20 ; 5 ; 22 ; -0.00238545 ; 0.0164133 ; -0.00731184 ; 101.841;
21 ; 5 ; 22 ; -0.00599649 ; 0.0120354 ; -0.0123945 ; 102.381;
22 ; 5 ; 22 ; -0.0008455 ; 0.0204877 ; 0.00263965 ; 101.911;
23 ; 5 ; 22 ; -0.00349996 ; 0.00807983 ; 0.00479753 ; 102.296;
24 ; 5 ; 22 ; -0.00712884 ; 0.00848308 ; 0.00592352 ; 101.88;
25 ; 5 ; 22 ; -0.00672088 ; 0.00609559 ; 0.00301367 ; 102.366;
26 ; 5 ; 22 ; -0.0237509 ; 0.00404439 ; 0.00135442 ; 102.442;
27 ; 5 ; 22 ; -0.0187793 ; -0.00242639 ; 0.00847352 ; 102.383;
28 ; 5 ; 22 ; -0.0178372 ; 0.00172864 ; 0.000848244 ; 102.804;
29 ; 5 ; 22 ; -0.0233616 ; 0.0106394 ; 0.00254428 ; 102.684;
30 ; 5 ; 22 ; -0.0188171 ; 0.00125563 ; 0.00128454 ; 102.604;
31 ; 5 ; 22 ; -0.0229891 ; 0.000307203 ; -0.0112715 ; 102.455;
32 ; 5 ; 22 ; -0.0134124 ; 0.011348 ; 0.00645321 ; 102.451;
33 ; 5 ; 22 ; -0.00196527 ; 0.0110747 ; 0.00671124 ; 103.166;
4 ; 6 ; 22 ; 0.00930244 ; 0.00822268 ; -0.00346265 ; 102.712;
5 ; 6 ; 22 ; 0.00417864 ; 0.0061442 ; 0.00656046 ; 102.927;
6 ; 6 ; 22 ; 0.0122785 ; 0.0189453 ; -0.00167132 ; 102.676;
7 ; 6 ; 22 ; 0.0100033 ; 0.0166694 ; 0.00217534 ; 102.457;
8 ; 6 ; 22 ; 0.024442 ; 0.00172541 ; -0.00411905 ; 102.815;
9 ; 6 ; 22 ; 0.00277623 ; 0.00523454 ; 0.00713224 ; 102.719;
10 ; 6 ; 22 ; 0.0165404 ; 0.0175792 ; -0.00569643 ; 102.175;
11 ; 6 ; 22 ; 0.00613973 ; 0.0244122 ; -0.0132441 ; 102.591;
12 ; 6 ; 22 ; 0.020415 ; 0.00844439 ; 0.00231146 ; 102.732;
13 ; 6 ; 22 ; 0.0156026 ; 0.0224974 ; -0.00385196 ; 102.42;
14 ; 6 ; 22 ; 0.00356943 ; 0.0218786 ; -0.000372382 ; 101.987;
15 ; 6 ; 22 ; 0.00093403 ; 0.0139628 ; -0.00546663 ; 102.5;
16 ; 6 ; 22 ; 0.00351503 ; 0.0131419 ; -0.0169453 ; 102.022;
17 ; 6 ; 22 ; -0.00441465 ; 0.0191995 ; 0.00650198 ; 102.52;
18 ; 6 ; 22 ; 0.00159966 ; 0.0376877 ; 0.00273271 ; 101.911;
19 ; 6 ; 22 ; 0.00554204 ; 0.0196004 ; -0.010135 ; 102.071;
20 ; 6 ; 22 ; 0.00665979 ; 0.00909342 ; -0.00657028 ; 102.112;
21 ; 6 ; 22 ; -0.00846056 ; 0.0212836 ; 0.00150552 ; 102.1;
22 ; 6 ; 22 ; -0.0105243 ; 0.0158726 ; 0.00232243 ; 101.992;
23 ; 6 ; 22 ; 0.00340122 ; 0.0241543 ; 0.00433473 ; 102.572;
24 ; 6 ; 22 ; -0.0118224 ; 0.0210524 ; 0.00265102 ; 101.689;
25 ; 6 ; 22 ; -0.024156 ; 0.022054 ; -0.0122562 ; 102.299;
26 ; 6 ; 22 ; -0.021178 ; 0.0166699 ; 0.000511247 ; 102.324;
27 ; 6 ; 22 ; -0.00254028 ; 0.00581998 ; -0.00577696 ; 102.543;
28 ; 6 ; 22 ; -0.0174909 ; 0.0110748 ; -0.00223539 ; 102.119;
29 ; 6 ; 22 ; -0.0167802 ; 0.00323973 ; -0.0110483 ; 102.413;
30 ; 6 ; 22 ; -0.0158906 ; 0.00602494 ; -0.0039235 ; 102.99;
31 ; 6 ; 22 ; -0.0124457 ; -0.0007624 ; 0.00222942 ; 102.56;
32 ; 6 ; 22 ; -0.0082379 ; 0.00628134 ; 0.000856189 ; 102.8;
33 ; 6 ; 22 ; -0.027547 ; 0.0127418 ; -0.00823982 ; 102.918;
4 ; 7 ; 22 ; 0.00322492 ; 0.00795843 ; 0.00392367 ; 102.658;
5 ; 7 ; 22 ; 0.0105276 ; 0.017389 ; 0.00237769 ; 102.906;
6 ; 7 ; 22 ; 0.0108188 ; 0.00730739 ; 0.00623749 ; 102.809;
7 ; 7 ; 22 ; 0.0246495 ; 0.0152583 ; 0.0148595 ; 102.735;
8 ; 7 ; 22 ; 0.0187731 ; 0.0201204 ; 0.00549799 ; 102.428;
9 ; 7 ; 22 ; 0.00561212 ; 0.0228608 ; 0.00168665 ; 102.178;
10 ; 7 ; 22 ; 0.0295989 ; 0.0260375 ; 0.0120249 ; 102.346;
11 ; 7 ; 22 ; 0.00996779 ; 0.0199627 ; -0.0129266 ; 102.374;
12 ; 7 ; 22 ; 0.0166786 ; 0.02173 ; 0.0065234 ; 102.273;
13 ; 7 ; 22 ; 0.00335711 ; 0.016801 ; 0.00357085 ; 102.367;
14 ; 7 ; 22 ; 0.00675977 ; 0.0219095 ; -0.00752072 ; 102.209;
15 ; 7 ; 22 ; -0.0125079 ; 0.0221249 ; -0.000860929 ; 102.033;
16 ; 7 ; 22 ; -0.012048 ; 0.0266392 ; -0.00409465 ; 102.339;
17 ; 7 ; 22 ; -0.0115406 ; 0.0297574 ; 0.0111046 ; 102.168;
18 ; 7 ; 22 ; -0.00173558 ; 0.0177159 ; -0.00739938 ; 102.253;
19 ; 7 ; 22 ; -0.00158225 ; 0.0341453 ; -0.0100991 ; 102.185;
20 ; 7 ; 22 ; -0.00878926 ; 0.0147916 ; -0.00632347 ; 101.773;
21 ; 7 ; 22 ; 0.010172 ; 0.0182604 ; -0.00200185 ; 102.425;
22 ; 7 ; 22 ; 0.00723282 ; 0.0359554 ; -0.00124685 ; 101.838;
23 ; 7 ; 22 ; -0.0122406 ; 0.0323569 ; 0.00126974 ; 101.936;
24 ; 7 ; 22 ; -0.00543956 ; 0.0137323 ; -0.00970119 ; 102.58;
25 ; 7 ; 22 ; -0.0181289 ; 0.0187729 ; -0.00829588 ; 102.789;
26 ; 7 ; 22 ; -0.00832676 ; 0.0318361 ; 0.000305435 ; 102.243;
27 ; 7 ; 22 ; -0.0164729 ; 0.0128149 ; -0.00121154 ; 102.252;
28 ; 7 ; 22 ; -0.0208552 ; 0.013863 ; 0.0200393 ; 102.857;
29 ; 7 ; 22 ; -0.0146646 ; 0.00824814 ; 0.00991522 ; 102.863;
30 ; 7 ; 22 ; -0.0247607 ; 0.0076533 ; 0.000105144 ; 102.459;
31 ; 7 ; 22 ; -0.00597526 ; 0.0149032 ; 0.00301374 ; 102.799;
32 ; 7 ; 22 ; -0.00703872 ; 0.0260022 ; 0.0137884 ; 102.776;
33 ; 7 ; 22 ; -0.00145838 ; 0.00220419 ; -0.0053179 ; 102.201;
4 ; 8 ; 22 ; 0.011899 ; 0.00720495 ; -0.000114799 ; 102.649;
5 ; 8 ; 22 ; 0.0127186 ; 0.0231192 ; 0.00150398 ; 102.233;
6 ; 8 ; 22 ; 0.0168976 ; 0.0194527 ; 0.00561197 ; 102.828;
7 ; 8 ; 22 ; 0.00700133 ; 0.0186292 ; 0.000476687 ; 102.117;
8 ; 8 ; 22 ; 0.0155094 ; 0.0276973 ; -0.0093041 ; 102.514;
9 ; 8 ; 22 ; 0.00325825 ; 0.0227037 ; -0.00502076 ; 102.572;
10 ; 8 ; 22 ; 0.0183448 ; 0.0188452 ; -0.00929659 ; 102.422;
11 ; 8 ; 22 ; 0.0184874 ; 0.0265349 ; -0.00309194 ; 101.994;
12 ; 8 ; 22 ; 0.0148708 ; 0.0163169 ; 0.0121711 ; 101.95;
13 ; 8 ; 22 ; 0.000419196 ; 0.029284 ; -0.00816401 ; 101.807;
14 ; 8 ; 22 ; 0.0150916 ; 0.0356613 ; -0.0107945 ; 102.186;
15 ; 8 ; 22 ; 0.0109748 ; 0.0174379 ; -0.0113579 ; 102.018;
16 ; 8 ; 22 ; 0.00141674 ; 0.022634 ; 0.00491866 ; 102.192;
17 ; 8 ; 22 ; 0.00716622 ; 0.0322496 ; -0.00307625 ; 102.669;
18 ; 8 ; 22 ; 0.00787949 ; 0.0238135 ; -0.00180788 ; 102.087;
19 ; 8 ; 22 ; 0.0153751 ; 0.0239154 ; 0.00337503 ; 101.955;
20 ; 8 ; 22 ; -0.0121844 ; 0.0355165 ; -0.00833251 ; 102.165;
21 ; 8 ; 22 ; -0.0189393 ; 0.0343086 ; 0.00619722 ; 101.924;
22 ; 8 ; 22 ; 0.00149239 ; 0.03538 ; -0.00641212 ; 102.359;
23 ; 8 ; 22 ; -0.00884633 ; 0.0232487 ; -0.00813096 ; 102.269;
24 ; 8 ; 22 ; -0.0104571 ; 0.0129376 ; -0.00178211 ; 102.722;
25 ; 8 ; 22 ; -0.0179337 ; 0.0240046 ; 0.0122152 ; 101.882;
26 ; 8 ; 22 ; -0.017661 ; 0.0286541 ; 0.00355507 ; 102.652;
27 ; 8 ; 22 ; -0.00812456 ; 0.0167002 ; -0.00602336 ; 102.7;
28 ; 8 ; 22 ; -0.0238145 ; 0.0110307 ; 0.00296501 ; 102.422;
29 ; 8 ; 22 ; -0.0045839 ; 0.0226527 ; 0.0048043 ; 102.83;
30 ; 8 ; 22 ; -0.00888801 ; 0.020814 ; -4.95481e-05 ; 102.317;
31 ; 8 ; 22 ; -0.0137863 ; 0.0186369 ; -0.000606021 ; 102.33;
32 ; 8 ; 22 ; -0.00200439 ; 0.028315 ; 0.00237404 ; 102.825;
33 ; 8 ; 22 ; -0.00735039 ; 0.0223428 ; -0.00456932 ; 102.437;
4 ; 9 ; 22 ; 0.0186614 ; 0.0177594 ; 0.00694197 ; 102.345;
5 ; 9 ; 22 ; 0.0136069 ; 0.0283255 ; -0.00309943 ; 102.583;
6 ; 9 ; 22 ; 0.0228052 ; 0.0172886 ; -0.00547686 ; 102.515;
7 ; 9 ; 22 ; 0.0066391 ; 0.0123286 ; -0.00495313 ; 102.437;
8 ; 9 ; 22 ; 0.0120894 ; 0.0357922 ; -0.00733436 ; 102.81;
9 ; 9 ; 22 ; 0.0226756 ; 0.0192985 ; -0.00768505 ; 102.783;
10 ; 9 ; 22 ; 0.0205188 ; 0.0258667 ; -0.000143678 ; 102.59;
11 ; 9 ; 22 ; 0.0270381 ; 0.0217009 ; -0.00225598 ; 102.884;
12 ; 9 ; 22 ; 0.0206894 ; 0.0293567 ; -0.00483478 ; 102.169;
13 ; 9 ; 22 ; 0.0070734 ; 0.0266033 ; -0.00740142 ; 102.264;
14 ; 9 ; 22 ; 0.00861027 ; 0.0286681 ; -0.0160183 ; 102.489;
15 ; 9 ; 22 ; -0.00732021 ; 0.0143696 ; -0.0180753 ; 101.851;
16 ; 9 ; 22 ; -0.00928631 ; 0.020864 ; -0.00317141 ; 102.449;
17 ; 9 ; 22 ; -0.00066563 ; 0.0270765 ; -0.00258982 ; 102.202;
18 ; 9 ; 22 ; -0.00107582 ; 0.0106533 ; 0.0061808 ; 101.931;
19 ; 9 ; 22 ; 0.0163704 ; 0.0256065 ; -0.00082746 ; 101.936;
20 ; 9 ; 22 ; -0.00373355 ; 0.0236418 ; -0.00865492 ; 102.028;
21 ; 9 ; 22 ; -0.00434873 ; 0.0329726 ; -0.00124803 ; 101.688;
22 ; 9 ; 22 ; 0.00580404 ; 0.0199816 ; -0.0030077 ; 102.057;
23 ; 9 ; 22 ; 0.000680518 ; 0.0206436 ; 0.00121916 ; 101.782;
24 ; 9 ; 22 ; -0.00842054 ; 0.0226287 ; -0.00999622 ; 101.826;
25 ; 9 ; 22 ; -0.0271808 ; 0.0253536 ; -0.0077207 ; 102.133;
26 ; 9 ; 22 ; -0.0184366 ; 0.0205249 ; 0.00450864 ; 102.282;
27 ; 9 ; 22 ; -0.0209016 ; 0.0270751 ; 0.000580291 ; 102.684;
28 ; 9 ; 22 ; -0.0115783 ; 0.023767 ; 0.00805449 ; 102.401;
29 ; 9 ; 22 ; -0.0255767 ; 0.0194318 ; 0.00638801 ; 102.28;
30 ; 9 ; 22 ; -0.0248145 ; 0.028165 ; -0.00289111 ; 102.089;
31 ; 9 ; 22 ; -0.0252778 ; 0.00890753 ; -0.00384901 ; 102.833;
32 ; 9 ; 22 ; -0.0133408 ; 0.00813379 ; 0.00362011 ; 102.246;
33 ; 9 ; 22 ; -0.00271678 ; 0.0170857 ; -0.00361284 ; 102.235;
4 ; 10 ; 22 ; 0.016005 ; 0.00478868 ; -0.00756553 ; 102.366;
5 ; 10 ; 22 ; 0.0124571 ; 0.0270832 ; 0.00541403 ; 102.532;
6 ; 10 ; 22 ; 0.0126713 ; 0.0122471 ; -0.00183549 ; 102.288;
7 ; 10 ; 22 ; 0.0297184 ; -0.00390764 ; 0.000698553 ; 101.911;
8 ; 10 ; 22 ; 0.0282375 ; 0.0165106 ; -0.000717331 ; 102.759;
9 ; 10 ; 22 ; 0.0175619 ; 0.0208633 ; 0.00620921 ; 102.632;
10 ; 10 ; 22 ; 0.00797849 ; 0.0155114 ; -0.0163429 ; 102.427;
11 ; 10 ; 22 ; 0.0146992 ; 0.0167034 ; -0.0138961 ; 102.159;
12 ; 10 ; 22 ; 0.0114266 ; 0.0176747 ; -0.00587629 ; 101.675;
13 ; 10 ; 22 ; 0.0106457 ; 0.0124202 ; -0.00797765 ; 102.043;
14 ; 10 ; 22 ; 0.00614235 ; 0.0340719 ; -0.0230845 ; 102.503;
15 ; 10 ; 22 ; -0.00637206 ; 0.018371 ; -0.00793139 ; 102.004;
16 ; 10 ; 22 ; -0.000931836 ; 0.0321735 ; -0.0165991 ; 101.903;
17 ; 10 ; 22 ; 0.00437974 ; 0.0301095 ; 0.00912994 ; 102.187;
18 ; 10 ; 22 ; 0.0128078 ; 0.00799334 ; -0.00654385 ; 101.786;
19 ; 10 ; 22 ; 0.00667345 ; 0.0151323 ; -0.012254 ; 101.923;
20 ; 10 ; 22 ; -0.0031601 ; 0.0186941 ; -0.0133356 ; 102.09;
21 ; 10 ; 22 ; -0.0138754 ; 0.0316585 ; 0.00191887 ; 102.015;
22 ; 10 ; 22 ; -0.000949738 ; 0.0140552 ; -0.000718847 ; 102.104;
23 ; 10 ; 22 ; -0.0158904 ; 0.0321134 ; -0.00553806 ; 102.069;
24 ; 10 ; 22 ; -0.0273744 ; 0.0391366 ; 0.00178837 ; 101.901;
25 ; 10 ; 22 ; -0.0136336 ; 0.0205899 ; 0.00271779 ; 102.347;
26 ; 10 ; 22 ; -0.0094618 ; 0.00700267 ; -0.00647886 ; 102.75;
27 ; 10 ; 22 ; -0.0301792 ; 0.017967 ; -0.00692599 ; 102.534;
28 ; 10 ; 22 ; -0.0263979 ; 0.0265962 ; 0.0137973 ; 102.323;
29 ; 10 ; 22 ; -0.00962428 ; 0.0100335 ; 0.00758596 ; 102.659;
30 ; 10 ; 22 ; -0.0242031 ; 0.0266101 ; -0.00601012 ; 102.717;
31 ; 10 ; 22 ; -0.0108997 ; 0.00693462 ; -0.00522041 ; 102.108;
32 ; 10 ; 22 ; -0.00588029 ; 0.0190266 ; 0.00962073 ; 102.559;
33 ; 10 ; 22 ; -0.00340915 ; 0.0145114 ; 0.0191886 ; 102.447;
4 ; 11 ; 22 ; -0.000573183 ; 0.0270506 ; 0.00114897 ; 102.491;
5 ; 11 ; 22 ; 0.00601024 ; 0.0151282 ; -0.00344658 ; 102.265;
6 ; 11 ; 22 ; 0.022887 ; 0.00917044 ; -0.00222878 ; 102.037;
7 ; 11 ; 22 ; 0.0270153 ; 0.00401851 ; -0.00258726 ; 102.239;
8 ; 11 ; 22 ; 0.028392 ; 0.0032488 ; 0.0140459 ; 102.277;
9 ; 11 ; 22 ; 0.0222375 ; 0.0214255 ; 0.00166504 ; 102.575;
10 ; 11 ; 22 ; 0.0262941 ; 0.0222108 ; -0.00193134 ; 102.097;
11 ; 11 ; 22 ; 0.0202191 ; 0.0185633 ; 0.00119155 ; 102.362;
12 ; 11 ; 22 ; 0.00694744 ; 0.0290499 ; -0.0066085 ; 101.661;
13 ; 11 ; 22 ; 0.00698471 ; 0.0256096 ; -0.0056429 ; 101.709;
14 ; 11 ; 22 ; 0.00760792 ; 0.0403917 ; 0.00548221 ; 102.24;
15 ; 11 ; 22 ; -0.00170135 ; 0.0351268 ; -0.00168391 ; 101.998;
16 ; 11 ; 22 ; 0.0152852 ; 0.030197 ; -0.0163844 ; 102.235;
17 ; 11 ; 22 ; 0.0112457 ; 0.0113678 ; 6.12909e-05 ; 101.691;
18 ; 11 ; 22 ; 0.0218939 ; 0.0186589 ; 0.00775482 ; 101.653;
19 ; 11 ; 22 ; 0.0107012 ; 0.0144021 ; -0.0155472 ; 101.704;
20 ; 11 ; 22 ; 0.0093918 ; 0.0301311 ; -0.0114536 ; 102.218;
21 ; 11 ; 22 ; -0.00248225 ; 0.0120638 ; -0.0059863 ; 101.521;
22 ; 11 ; 22 ; -0.0214607 ; 0.0186699 ; 0.00698424 ; 102.089;
23 ; 11 ; 22 ; -0.00777579 ; 0.00719068 ; -0.0105277 ; 102.373;
24 ; 11 ; 22 ; -0.000494296 ; 0.0264476 ; -5.97593e-05 ; 102.292;
25 ; 11 ; 22 ; -0.0071302 ; 0.023761 ; -0.00208864 ; 102.331;
26 ; 11 ; 22 ; -0.023843 ; 0.0249674 ; -0.00373685 ; 102.433;
27 ; 11 ; 22 ; -0.0343563 ; 0.0121415 ; 0.00758849 ; 102.48;
28 ; 11 ; 22 ; -0.0299703 ; 0.0187101 ; 0.00119679 ; 103.11;
29 ; 11 ; 22 ; -0.0314282 ; 0.0150867 ; -0.00574289 ; 102.453;
30 ; 11 ; 22 ; -0.0241141 ; -0.00114266 ; 0.00909659 ; 102.31;
31 ; 11 ; 22 ; -0.013836 ; -0.00393636 ; 0.0016835 ; 102.167;
32 ; 11 ; 22 ; -0.0201056 ; 0.0346048 ; 0.00346388 ; 102.296;
33 ; 11 ; 22 ; -0.00489044 ; 0.0240566 ; -0.0109265 ; 102.309;
4 ; 12 ; 22 ; -0.000933139 ; 0.00555172 ; -0.00282222 ; 102.423;
5 ; 12 ; 22 ; 0.0258805 ; 0.0188192 ; -0.0130025 ; 102.777;
6 ; 12 ; 22 ; 0.026431 ; 0.0108404 ; -0.00202847 ; 102.065;
7 ; 12 ; 22 ; 0.0190105 ; 0.0156655 ; 0.00514963 ; 102.268;
8 ; 12 ; 22 ; 0.0288075 ; 0.0140022 ; 0.0126594 ; 102.796;
9 ; 12 ; 22 ; 0.0359874 ; 0.014433 ; 0.0093731 ; 102.477;
10 ; 12 ; 22 ; 0.0202963 ; 0.0230886 ; -0.00555145 ; 102.512;
11 ; 12 ; 22 ; 0.0328429 ; 0.0111028 ; 0.00133392 ; 102.519;
12 ; 12 ; 22 ; 0.0228513 ; 0.010707 ; -0.00906576 ; 102.01;
13 ; 12 ; 22 ; 0.015686 ; 0.0371934 ; 0.0108256 ; 102.224;
14 ; 12 ; 22 ; 0.0123673 ; 0.032965 ; -0.00143582 ; 101.841;
15 ; 12 ; 22 ; -0.000393984 ; 0.0274696 ; 0.00382835 ; 102.1;
16 ; 12 ; 22 ; 0.000271941 ; 0.020021 ; -0.00451366 ; 101.845;
17 ; 12 ; 22 ; 0.00157709 ; 0.00234532 ; -0.00320907 ; 101.953;
18 ; 12 ; 22 ; 0.01474 ; 0.0149722 ; -0.0129295 ; 101.582;
19 ; 12 ; 22 ; -0.0033605 ; 0.0201348 ; -0.00502354 ; 101.64;
20 ; 12 ; 22 ; 0.00660056 ; 0.0274203 ; -0.0030829 ; 101.857;
21 ; 12 ; 22 ; 0.00942489 ; 0.0187413 ; -0.00165259 ; 101.801;
22 ; 12 ; 22 ; -0.00806164 ; 0.0203246 ; -0.000437765 ; 102.11;
23 ; 12 ; 22 ; -0.00555493 ; 0.0106566 ; 0.00807065 ; 101.741;
24 ; 12 ; 22 ; -0.0135569 ; 0.017743 ; -0.00792612 ; 102.759;
25 ; 12 ; 22 ; -0.00710225 ; 0.0147767 ; -0.00780297 ; 101.967;
26 ; 12 ; 22 ; -0.00402068 ; 0.00505415 ; -0.0143997 ; 101.981;
27 ; 12 ; 22 ; -0.0238014 ; 0.0170591 ; -0.00217709 ; 102.441;
28 ; 12 ; 22 ; -0.0212945 ; 0.00663452 ; -0.0048169 ; 102.678;
29 ; 12 ; 22 ; -0.0180191 ; 0.00312735 ; 0.0159907 ; 102.156;
30 ; 12 ; 22 ; -0.028237 ; 0.00904991 ; -9.91318e-05 ; 102.6;
31 ; 12 ; 22 ; -0.0147128 ; 0.017991 ; 0.0109751 ; 102.391;
32 ; 12 ; 22 ; -0.0223263 ; 0.0129234 ; 0.00591314 ; 102.286;
33 ; 12 ; 22 ; -0.0135764 ; 0.0158371 ; 0.00135923 ; 101.76;
4 ; 13 ; 22 ; -0.00726617 ; 0.00304947 ; -0.00265078 ; 102.007;
5 ; 13 ; 22 ; 0.010928 ; 0.00840602 ; -0.00362022 ; 102.453;
6 ; 13 ; 22 ; 0.019103 ; 0.012812 ; 0.0137635 ; 102.546;
7 ; 13 ; 22 ; 0.0233643 ; 0.00822149 ; 0.00313942 ; 101.831;
8 ; 13 ; 22 ; 0.0228584 ; -0.00553171 ; -0.00597673 ; 102.566;
9 ; 13 ; 22 ; 0.0225504 ; 0.00693603 ; -7.42703e-05 ; 102.127;
10 ; 13 ; 22 ; 0.026412 ; 0.00855206 ; -0.00600818 ; 101.632;
11 ; 13 ; 22 ; 0.0241404 ; 0.0105901 ; -0.0104146 ; 101.835;
12 ; 13 ; 22 ; 0.0138866 ; 0.00700377 ; -0.0008964 ; 101.626;
13 ; 13 ; 22 ; 0.00102038 ; 0.0115072 ; 0.00346142 ; 101.87;
14 ; 13 ; 22 ; 0.0151005 ; 0.0133463 ; -0.00213322 ; 102.051;
15 ; 13 ; 22 ; 0.0138832 ; 0.0111169 ; -0.00145726 ; 101.797;
16 ; 13 ; 22 ; -0.00433237 ; 0.00995959 ; -0.0048496 ; 101.55;
17 ; 13 ; 22 ; 0.0105481 ; -0.00357271 ; 0.00401397 ; 101.778;
18 ; 13 ; 22 ; 0.011978 ; 0.0159107 ; -0.0072804 ; 101.51;
19 ; 13 ; 22 ; 0.00275333 ; -0.000984986 ; -0.0101757 ; 102.151;
20 ; 13 ; 22 ; -0.00308076 ; 0.0211978 ; -0.00273919 ; 101.88;
21 ; 13 ; 22 ; -0.0034373 ; 0.0218791 ; 0.00726945 ; 101.946;
22 ; 13 ; 22 ; 0.00540053 ; 0.00244723 ; -0.0015015 ; 101.664;
23 ; 13 ; 22 ; -0.0174575 ; 0.0271632 ; -0.00241786 ; 102.191;
24 ; 13 ; 22 ; -0.0137593 ; 0.00587713 ; -0.00271493 ; 102.375;
25 ; 13 ; 22 ; -0.0163184 ; 0.0115332 ; -0.0182343 ; 102.089;
26 ; 13 ; 22 ; -0.0214343 ; -0.00162672 ; -0.00385333 ; 102.107;
27 ; 13 ; 22 ; -0.0181293 ; 0.0154905 ; -0.00535662 ; 102.623;
28 ; 13 ; 22 ; -0.0265358 ; 0.0106898 ; -0.00776539 ; 102.17;
29 ; 13 ; 22 ; -0.0309361 ; 0.0185503 ; -0.00205204 ; 102.414;
30 ; 13 ; 22 ; -0.0204343 ; 0.005553 ; -0.0158443 ; 102.232;
31 ; 13 ; 22 ; -0.017086 ; 0.0178305 ; -0.00438286 ; 102.421;
32 ; 13 ; 22 ; -0.00794953 ; 0.00990193 ; 0.00174536 ; 101.663;
33 ; 13 ; 22 ; -0.00286388 ; 0.00862175 ; 0.00271426 ; 102.347;
4 ; 14 ; 22 ; -0.017456 ; -0.00330822 ; -0.00322777 ; 102.158;
5 ; 14 ; 22 ; 0.00887014 ; 0.000178709 ; -0.00169305 ; 101.844;
6 ; 14 ; 22 ; 0.0154239 ; -0.000838097 ; 0.0012339 ; 102.281;
7 ; 14 ; 22 ; 0.0233203 ; 0.00244826 ; -0.00109832 ; 102.215;
8 ; 14 ; 22 ; 0.0197439 ; -0.0184209 ; -0.00826318 ; 102.113;
9 ; 14 ; 22 ; 0.0173176 ; -0.00238796 ; 0.000980228 ; 102.418;
10 ; 14 ; 22 ; 0.0056694 ; 0.00218485 ; 0.00440244 ; 102.019;
11 ; 14 ; 22 ; -0.000980503 ; 0.0126212 ; 0.00260924 ; 102.655;
12 ; 14 ; 22 ; 0.0171587 ; 0.0109192 ; 0.0104067 ; 101.738;
13 ; 14 ; 22 ; 0.0166879 ; 0.00201312 ; -0.00453125 ; 102.048;
14 ; 14 ; 22 ; 0.0083433 ; 0.00606777 ; -0.00192234 ; 102.222;
15 ; 14 ; 22 ; 0.000603486 ; -0.00547032 ; -0.0100681 ; 101.282;
16 ; 14 ; 22 ; 0.00481787 ; 0.0130065 ; -0.00981579 ; 102.229;
17 ; 14 ; 22 ; 0.00160909 ; 0.0152942 ; -0.00696625 ; 101.758;
18 ; 14 ; 22 ; -0.013206 ; 0.0113594 ; -0.00199038 ; 101.638;
19 ; 14 ; 22 ; -0.00614249 ; 0.00581811 ; 0.00988257 ; 101.545;
20 ; 14 ; 22 ; -0.000291093 ; 0.0086636 ; -0.00152375 ; 101.666;
21 ; 14 ; 22 ; -0.0153447 ; 0.0153571 ; -0.0109795 ; 101.802;
22 ; 14 ; 22 ; 0.00884766 ; 0.00884128 ; 0.00708611 ; 101.913;
23 ; 14 ; 22 ; 0.00205153 ; 0.00914373 ; -0.00963927 ; 101.734;
24 ; 14 ; 22 ; -0.00601504 ; 0.00269745 ; -0.00810885 ; 102.059;
25 ; 14 ; 22 ; -0.0228504 ; -0.00801953 ; -0.0123353 ; 102.235;
26 ; 14 ; 22 ; -0.0198831 ; 0.0061294 ; -0.00360901 ; 101.526;
27 ; 14 ; 22 ; -0.0293157 ; 0.0146131 ; -0.00124256 ; 102.259;
28 ; 14 ; 22 ; -0.0234499 ; 0.00101058 ; 0.00196632 ; 102.131;
29 ; 14 ; 22 ; -0.0210977 ; 0.000602923 ; 0.00143971 ; 102.43;
30 ; 14 ; 22 ; -0.00788395 ; 0.000635993 ; -0.00372747 ; 102.162;
31 ; 14 ; 22 ; -0.0259695 ; 0.00232145 ; 0.000651521 ; 102.033;
32 ; 14 ; 22 ; -0.0155369 ; 0.0151107 ; -0.000230762 ; 102.347;
33 ; 14 ; 22 ; 0.00534797 ; -0.00278465 ; -0.0165982 ; 102.11;
4 ; 15 ; 22 ; 0.0146038 ; 0.001605 ; 0.00603156 ; 102.229;
5 ; 15 ; 22 ; 0.00874221 ; 0.00976299 ; -0.0242964 ; 102.367;
6 ; 15 ; 22 ; 0.0170254 ; 0.00358656 ; 0.00607688 ; 102.061;
7 ; 15 ; 22 ; 0.0304714 ; -0.000278956 ; 0.00096598 ; 102.227;
8 ; 15 ; 22 ; 0.0227764 ; -0.00439119 ; 0.00353334 ; 102.229;
9 ; 15 ; 22 ; 0.017908 ; -0.00276404 ; -0.00960356 ; 102.173;
10 ; 15 ; 22 ; 0.0135783 ; -0.000286035 ; -0.00411188 ; 101.896;
11 ; 15 ; 22 ; 0.0073708 ; 0.0113999 ; -0.0108138 ; 101.824;
12 ; 15 ; 22 ; 0.0260117 ; -0.00407806 ; -0.0173908 ; 101.663;
13 ; 15 ; 22 ; 0.0141027 ; 0.00213694 ; -0.0102778 ; 101.902;
14 ; 15 ; 22 ; -0.00566672 ; 0.0139555 ; -0.017713 ; 101.773;
15 ; 15 ; 22 ; 0.00573571 ; 0.00512372 ; -0.00265701 ; 101.997;
16 ; 15 ; 22 ; 0.00124402 ; -3.24385e-05 ; 0.00401862 ; 101.948;
17 ; 15 ; 22 ; 0.00644825 ; -0.00507675 ; -0.000144425 ; 101.902;
18 ; 15 ; 22 ; -0.00530219 ; 0.0136656 ; -0.000635123 ; 102.08;
19 ; 15 ; 22 ; -0.0212485 ; 0.00582984 ; 0.000448318 ; 101.603;
20 ; 15 ; 22 ; 0.0121208 ; 0.00627761 ; -0.0175505 ; 101.678;
21 ; 15 ; 22 ; 0.00577566 ; 0.0096518 ; 0.000318277 ; 101.557;
22 ; 15 ; 22 ; -0.0155476 ; -0.00360652 ; -0.0079096 ; 101.527;
23 ; 15 ; 22 ; -0.012067 ; 0.0129789 ; 0.00286385 ; 101.763;
24 ; 15 ; 22 ; -0.0177452 ; -0.00203113 ; -0.0140969 ; 101.932;
25 ; 15 ; 22 ; -0.015293 ; -0.00249727 ; -0.00135072 ; 101.915;
26 ; 15 ; 22 ; -0.0188955 ; 0.00537648 ; 0.00423944 ; 101.669;
27 ; 15 ; 22 ; -0.0259354 ; 0.00548194 ; -2.19438e-05 ; 102.605;
28 ; 15 ; 22 ; -0.0202983 ; 0.00289726 ; -0.00814977 ; 101.888;
29 ; 15 ; 22 ; -0.0289676 ; 0.00561235 ; -0.00580909 ; 101.753;
30 ; 15 ; 22 ; -0.0239706 ; 0.00989751 ; 0.00482723 ; 102.334;
31 ; 15 ; 22 ; -0.0245432 ; -0.00882531 ; -0.00763418 ; 102.273;
32 ; 15 ; 22 ; -0.0132767 ; -0.0118694 ; -0.00576578 ; 101.941;
33 ; 15 ; 22 ; 0.00516996 ; 0.000512683 ; 0.00504211 ; 101.647;
4 ; 16 ; 22 ; 0.0125085 ; -0.00304501 ; 0.00866684 ; 101.899;
5 ; 16 ; 22 ; 0.00938036 ; 0.00295239 ; 0.000964043 ; 101.956;
6 ; 16 ; 22 ; 0.00794594 ; 0.00272361 ; -0.00345451 ; 102.26;
7 ; 16 ; 22 ; 0.0170624 ; -0.00773609 ; -0.00864307 ; 102.073;
8 ; 16 ; 22 ; 0.0297023 ; 0.00666471 ; -0.00954628 ; 102.482;
9 ; 16 ; 22 ; 0.0395858 ; 0.00127029 ; 0.00513522 ; 102.546;
10 ; 16 ; 22 ; 0.0288722 ; 0.00320382 ; -0.000485429 ; 102.098;
11 ; 16 ; 22 ; 0.0228568 ; -0.000739178 ; -0.00980314 ; 101.625;
12 ; 16 ; 22 ; 0.0209421 ; -0.00630703 ; -0.00545115 ; 101.897;
13 ; 16 ; 22 ; 0.0144124 ; -0.0028751 ; 0.0122452 ; 101.788;
14 ; 16 ; 22 ; 0.0148351 ; 0.00651921 ; -0.020207 ; 101.851;
15 ; 16 ; 22 ; 0.0103181 ; -0.00218656 ; -0.0105114 ; 101.394;
16 ; 16 ; 22 ; 0.00478046 ; 0.0156203 ; 0.00346832 ; 101.565;
17 ; 16 ; 22 ; -0.00310656 ; 0.0161811 ; -0.00198953 ; 101.457;
18 ; 16 ; 22 ; 0.00250814 ; 0.00903075 ; -0.018174 ; 102.196;
19 ; 16 ; 22 ; -0.0117419 ; -0.0149527 ; -0.00307451 ; 101.521;
20 ; 16 ; 22 ; -0.000117333 ; 0.00114337 ; -0.000955921 ; 101.454;
21 ; 16 ; 22 ; -0.000652891 ; 0.000294792 ; -0.0134576 ; 101.454;
22 ; 16 ; 22 ; -0.003127 ; -0.00885902 ; -0.0134064 ; 101.738;
23 ; 16 ; 22 ; -0.005219 ; 0.0035275 ; -0.00109675 ; 101.653;
24 ; 16 ; 22 ; -0.00768531 ; 0.00599877 ; -0.00275479 ; 102.165;
25 ; 16 ; 22 ; -0.0225901 ; -0.00412597 ; -0.0090174 ; 101.518;
26 ; 16 ; 22 ; -0.0234708 ; 0.00633432 ; -0.00809457 ; 101.512;
27 ; 16 ; 22 ; -0.0269124 ; -0.00840409 ; -0.00327274 ; 101.968;
28 ; 16 ; 22 ; -0.0276459 ; 0.00154059 ; -0.00456426 ; 102.46;
29 ; 16 ; 22 ; -0.0340197 ; 0.0205563 ; -0.0151496 ; 102.112;
30 ; 16 ; 22 ; -0.0260577 ; 0.0138121 ; 0.00597896 ; 101.761;
31 ; 16 ; 22 ; -0.020922 ; -0.00125133 ; -0.00129896 ; 102.101;
32 ; 16 ; 22 ; -0.0113878 ; -0.0127228 ; -0.000512569 ; 101.906;
33 ; 16 ; 22 ; -0.00156757 ; 0.0136341 ; -0.00163267 ; 102.558;
4 ; 17 ; 22 ; -0.000241204 ; -0.0123834 ; 0.00388486 ; 101.736;
5 ; 17 ; 22 ; -0.000459172 ; -0.0142719 ; 0.000534962 ; 102.204;
6 ; 17 ; 22 ; 0.0170203 ; 0.00033999 ; 0.00758625 ; 101.751;
7 ; 17 ; 22 ; 0.0225884 ; 0.00495893 ; -0.000146289 ; 101.806;
8 ; 17 ; 22 ; 0.0244133 ; 0.012006 ; 0.010462 ; 102.235;
9 ; 17 ; 22 ; 0.0262544 ; 0.00382689 ; -0.0203164 ; 101.562;
10 ; 17 ; 22 ; 0.0256725 ; -0.00192636 ; 0.00719038 ; 101.851;
11 ; 17 ; 22 ; 0.0269694 ; 0.00669121 ; -0.00761761 ; 101.851;
12 ; 17 ; 22 ; 0.026421 ; -0.0059097 ; -0.00197417 ; 101.687;
13 ; 17 ; 22 ; 0.0213828 ; 0.00282809 ; -0.0113023 ; 101.544;
14 ; 17 ; 22 ; 0.0145597 ; 0.00352683 ; -0.00361105 ; 101.797;
15 ; 17 ; 22 ; -0.00775673 ; 0.0103663 ; -0.00806655 ; 101.48;
16 ; 17 ; 22 ; 0.00903058 ; 0.000681876 ; -0.00241801 ; 101.946;
17 ; 17 ; 22 ; 0.0136139 ; 0.00357541 ; -0.00184893 ; 101.784;
18 ; 17 ; 22 ; 0.00315783 ; 0.0121834 ; -0.000384254 ; 101.388;
19 ; 17 ; 22 ; -0.0120455 ; 0.00362286 ; -0.0137183 ; 101.25;
20 ; 17 ; 22 ; -0.0128921 ; -0.00964838 ; -0.00654916 ; 101.751;
21 ; 17 ; 22 ; -0.010181 ; 0.00475092 ; -0.0116288 ; 101.685;
22 ; 17 ; 22 ; 0.00179366 ; 0.000242895 ; -0.0246245 ; 101.295;
23 ; 17 ; 22 ; -0.00685141 ; -0.000151818 ; -0.01497 ; 102;
24 ; 17 ; 22 ; -0.00397993 ; 0.0121115 ; 0.00363372 ; 101.754;
25 ; 17 ; 22 ; -0.0172187 ; -0.0152708 ; -0.00997325 ; 102.121;
26 ; 17 ; 22 ; -0.0148731 ; -0.00352066 ; -0.00236037 ; 102.262;
27 ; 17 ; 22 ; -0.0217726 ; -0.00585416 ; -0.00181675 ; 102.137;
28 ; 17 ; 22 ; -0.0214678 ; -0.00657687 ; 0.00754886 ; 101.85;
29 ; 17 ; 22 ; -0.016799 ; 0.00766105 ; -0.00596904 ; 102.219;
30 ; 17 ; 22 ; -0.0270367 ; 0.00928857 ; 0.000683561 ; 101.913;
31 ; 17 ; 22 ; -0.0272686 ; -0.00677655 ; -0.0154718 ; 101.747;
32 ; 17 ; 22 ; -0.00805514 ; 0.00774293 ; -0.0068466 ; 102.483;
33 ; 17 ; 22 ; 0.0102644 ; -0.000803771 ; 0.00605732 ; 102.077;
4 ; 18 ; 22 ; 0.0104622 ; -0.00413428 ; 0.00733176 ; 102.428;
5 ; 18 ; 22 ; 0.0165649 ; -0.00753687 ; -0.00186291 ; 101.891;
6 ; 18 ; 22 ; 0.0233594 ; -0.00649563 ; 0.00528379 ; 102.077;
7 ; 18 ; 22 ; 0.0219338 ; -0.00232989 ; 0.0118957 ; 101.88;
8 ; 18 ; 22 ; 0.0341401 ; -0.00166068 ; -0.00280879 ; 102.402;
9 ; 18 ; 22 ; 0.0214773 ; 0.010681 ; -0.0109924 ; 101.829;
10 ; 18 ; 22 ; 0.0215657 ; -0.00269407 ; -0.0183091 ; 102.332;
11 ; 18 ; 22 ; 0.0133776 ; -0.0080838 ; -0.00788519 ; 101.895;
12 ; 18 ; 22 ; 0.0189564 ; -0.00495411 ; 0.00138483 ; 101.76;
13 ; 18 ; 22 ; 0.0155066 ; 0.014863 ; -0.00455233 ; 101.231;
14 ; 18 ; 22 ; 0.0143526 ; 0.00892763 ; -0.00353631 ; 101.471;
15 ; 18 ; 22 ; -0.00301243 ; -0.0109463 ; 0.00908787 ; 101.495;
16 ; 18 ; 22 ; -0.0100195 ; -0.013454 ; -0.0122257 ; 101.672;
17 ; 18 ; 22 ; -0.00820984 ; -0.009647 ; -0.000895581 ; 101.073;
18 ; 18 ; 22 ; 0.00338998 ; -0.00177991 ; -0.0033878 ; 102.066;
19 ; 18 ; 22 ; -0.00898501 ; -0.00542674 ; -0.00213964 ; 101.239;
20 ; 18 ; 22 ; 0.0026507 ; -0.0063596 ; -0.0025312 ; 101.088;
21 ; 18 ; 22 ; 0.00636724 ; -0.00666185 ; -0.0215192 ; 101.785;
22 ; 18 ; 22 ; 0.000228045 ; -0.000584133 ; 0.0130483 ; 101.66;
23 ; 18 ; 22 ; -0.0140982 ; 0.0126679 ; 0.000658423 ; 101.246;
24 ; 18 ; 22 ; -0.0239337 ; -0.00456175 ; -0.000167278 ; 101.811;
25 ; 18 ; 22 ; -0.0127496 ; -0.000206884 ; -0.0155713 ; 101.845;
26 ; 18 ; 22 ; -0.0229011 ; 0.00526013 ; 0.00584498 ; 102.11;
27 ; 18 ; 22 ; -0.027758 ; 4.7736e-05 ; 0.00225927 ; 101.638;
28 ; 18 ; 22 ; -0.0363937 ; -0.0112833 ; -0.00909744 ; 102.241;
29 ; 18 ; 22 ; -0.0249 ; -0.00371067 ; 0.0133524 ; 102.04;
30 ; 18 ; 22 ; -0.0245203 ; 0.00410655 ; 0.00919085 ; 102.129;
31 ; 18 ; 22 ; -0.0218453 ; -0.0062978 ; 0.00561927 ; 102.482;
32 ; 18 ; 22 ; -0.0131259 ; 0.00473257 ; 0.00559792 ; 101.523;
33 ; 18 ; 22 ; 0.00880579 ; -0.000800205 ; 0.0058149 ; 101.697;
4 ; 19 ; 22 ; 0.00776453 ; -0.0102233 ; -0.000204794 ; 102.329;
5 ; 19 ; 22 ; 0.010791 ; 0.00921319 ; -0.0119676 ; 101.89;
6 ; 19 ; 22 ; 0.0110637 ; 0.0039972 ; -0.00265622 ; 101.851;
7 ; 19 ; 22 ; 0.0320531 ; -0.00238721 ; -0.00135879 ; 101.787;
8 ; 19 ; 22 ; 0.0104347 ; 0.00647121 ; -0.00935353 ; 101.923;
9 ; 19 ; 22 ; 0.0203316 ; 0.00509575 ; 0.00168917 ; 101.53;
10 ; 19 ; 22 ; 0.0239291 ; -0.00317737 ; -0.0158782 ; 102.291;
11 ; 19 ; 22 ; 0.0213055 ; -0.00468208 ; -0.0217991 ; 101.717;
12 ; 19 ; 22 ; 0.020357 ; -0.01197 ; -0.00984405 ; 101.678;
13 ; 19 ; 22 ; 0.00939016 ; -0.00684516 ; 0.00711558 ; 101.292;
14 ; 19 ; 22 ; 0.0174458 ; -0.00210087 ; -0.00865554 ; 101.965;
15 ; 19 ; 22 ; -0.000792913 ; -0.00680213 ; -0.00849568 ; 101.644;
16 ; 19 ; 22 ; -0.006536 ; -0.0189494 ; -0.0251848 ; 101.214;
17 ; 19 ; 22 ; -0.00975362 ; -0.0111483 ; -0.0100523 ; 101.482;
18 ; 19 ; 22 ; -0.0174252 ; -0.000673019 ; -0.0088948 ; 100.987;
19 ; 19 ; 22 ; -0.00453901 ; 0.007614 ; 0.000582593 ; 101.412;
20 ; 19 ; 22 ; -0.00574613 ; -0.0119212 ; -0.000344457 ; 102.063;
21 ; 19 ; 22 ; 0.00267765 ; -0.0111809 ; -0.00573489 ; 101.315;
22 ; 19 ; 22 ; -0.00201949 ; -0.00162774 ; 0.000606353 ; 101.545;
23 ; 19 ; 22 ; -0.00943297 ; -0.017443 ; -0.00472713 ; 101.348;
24 ; 19 ; 22 ; -0.00251172 ; 0.00278311 ; -0.0106421 ; 101.149;
25 ; 19 ; 22 ; -0.014035 ; 0.00123171 ; -0.0130851 ; 101.434;
26 ; 19 ; 22 ; -0.0212933 ; 0.00264834 ; -0.0105898 ; 102.269;
27 ; 19 ; 22 ; -0.0289004 ; -0.00364786 ; -0.0117753 ; 101.918;
28 ; 19 ; 22 ; -0.00827113 ; -0.000348596 ; 0.000591766 ; 102.247;
29 ; 19 ; 22 ; -0.0291818 ; 0.00706744 ; 0.013077 ; 101.905;
30 ; 19 ; 22 ; -0.0261103 ; -0.000312238 ; 0.0146978 ; 102.143;
31 ; 19 ; 22 ; -0.00651157 ; 0.0021149 ; -0.00883107 ; 101.831;
32 ; 19 ; 22 ; -0.00400069 ; -0.0136398 ; 0.00646663 ; 102.217;
33 ; 19 ; 22 ; 0.0110767 ; -0.00922489 ; -0.00241361 ; 101.821;
4 ; 20 ; 22 ; 0.00301099 ; -0.000823805 ; 0.00287692 ; 101.885;
5 ; 20 ; 22 ; 0.0169579 ; -0.0169151 ; 0.00160416 ; 101.672;
6 ; 20 ; 22 ; 0.0260064 ; 0.018038 ; 0.0143692 ; 102.697;
7 ; 20 ; 22 ; 0.0217659 ; -9.645e-05 ; -0.00478708 ; 101.858;
8 ; 20 ; 22 ; 0.0241202 ; -0.00419077 ; -0.00238349 ; 102.482;
9 ; 20 ; 22 ; 0.0199922 ; 0.0105858 ; -0.00232415 ; 102.271;
10 ; 20 ; 22 ; 0.0122953 ; -0.00470847 ; -0.00594364 ; 102.042;
11 ; 20 ; 22 ; 0.0240712 ; 0.00296134 ; -0.000244861 ; 102.05;
12 ; 20 ; 22 ; 0.0284897 ; -0.0013643 ; 0.00163446 ; 102.129;
13 ; 20 ; 22 ; 0.0112078 ; -0.0014166 ; -0.00106564 ; 101.537;
14 ; 20 ; 22 ; 0.00607829 ; 0.00889527 ; 0.00541099 ; 102.134;
15 ; 20 ; 22 ; 0.018856 ; 0.00430899 ; -0.0203822 ; 101.864;
16 ; 20 ; 22 ; 0.00938921 ; -0.0169721 ; -0.0148319 ; 102.143;
17 ; 20 ; 22 ; -0.00227583 ; 0.000900654 ; -0.00365624 ; 102.266;
18 ; 20 ; 22 ; -0.00146381 ; 0.00844838 ; -0.0028564 ; 101.658;
19 ; 20 ; 22 ; -0.00317888 ; -0.00357206 ; -0.00216036 ; 101.554;
20 ; 20 ; 22 ; -0.00520531 ; 0.00898855 ; -0.00322397 ; 101.449;
21 ; 20 ; 22 ; -0.00819177 ; 0.00429674 ; -0.00994578 ; 101.786;
22 ; 20 ; 22 ; -0.00384364 ; 0.013578 ; 0.000571125 ; 101.732;
23 ; 20 ; 22 ; 0.00193935 ; -0.00582912 ; 0.00450159 ; 101.465;
24 ; 20 ; 22 ; 0.00109604 ; -0.00226855 ; -0.0211394 ; 101.785;
25 ; 20 ; 22 ; -0.0201818 ; -0.00939712 ; -0.0079344 ; 101.474;
26 ; 20 ; 22 ; -0.032007 ; 0.00135959 ; 0.00697538 ; 101.66;
27 ; 20 ; 22 ; -0.0254293 ; -0.00614027 ; -0.000340448 ; 101.807;
28 ; 20 ; 22 ; -0.0195798 ; -0.00287437 ; 0.0122276 ; 101.907;
29 ; 20 ; 22 ; -0.0214277 ; 0.00220781 ; -0.000835145 ; 102.539;
30 ; 20 ; 22 ; -0.0162768 ; 0.00717986 ; -0.00442735 ; 101.9;
31 ; 20 ; 22 ; -0.0136292 ; -0.00139933 ; -0.00426652 ; 102.32;
32 ; 20 ; 22 ; -0.0173757 ; -0.00905217 ; -0.00616744 ; 102.01;
33 ; 20 ; 22 ; -0.00328189 ; -0.00519147 ; 0.00984518 ; 102.522;
4 ; 21 ; 22 ; -0.00982458 ; 0.00489595 ; 0.00256935 ; 102.357;
5 ; 21 ; 22 ; 0.0144832 ; -0.00978318 ; -0.0145997 ; 102.218;
6 ; 21 ; 22 ; 0.00904153 ; -0.0068321 ; -0.000485013 ; 102.187;
7 ; 21 ; 22 ; 0.0268369 ; 0.00384508 ; -0.0078114 ; 101.985;
8 ; 21 ; 22 ; 0.0226351 ; -0.00688634 ; -0.0115562 ; 102.619;
9 ; 21 ; 22 ; 0.034984 ; 0.00360228 ; -0.0114342 ; 102.19;
10 ; 21 ; 22 ; 0.0330681 ; -0.00337823 ; -0.00446009 ; 102.309;
11 ; 21 ; 22 ; 0.00950636 ; 0.00188365 ; -0.00422902 ; 102.097;
12 ; 21 ; 22 ; 0.0129178 ; -0.00058014 ; -0.000389047 ; 101.878;
13 ; 21 ; 22 ; 0.0098223 ; 0.00165394 ; -0.00843244 ; 101.56;
14 ; 21 ; 22 ; 0.0110545 ; -0.014228 ; -0.0101303 ; 101.83;
15 ; 21 ; 22 ; 0.015105 ; -0.00332732 ; -0.0106249 ; 101.777;
16 ; 21 ; 22 ; 0.0124053 ; -0.00258565 ; -0.00896672 ; 101.437;
17 ; 21 ; 22 ; -0.00519153 ; 0.0080904 ; -0.0135529 ; 101.545;
18 ; 21 ; 22 ; -0.0121188 ; 0.00743268 ; -0.00408293 ; 101.764;
19 ; 21 ; 22 ; -0.00196844 ; -0.0116339 ; -0.00803827 ; 101.611;
20 ; 21 ; 22 ; -0.00392319 ; 0.0115767 ; -0.00513015 ; 101.635;
21 ; 21 ; 22 ; 0.000618316 ; 0.00045727 ; -0.0126904 ; 101.556;
22 ; 21 ; 22 ; -0.014026 ; 0.00136366 ; -0.0120292 ; 101.683;
23 ; 21 ; 22 ; -0.00148148 ; 0.00111732 ; 0.000256772 ; 101.831;
24 ; 21 ; 22 ; 0.00380484 ; 0.00652935 ; -0.00716383 ; 101.574;
25 ; 21 ; 22 ; -0.0122816 ; -0.00210355 ; -0.0160208 ; 102.035;
26 ; 21 ; 22 ; -0.0251726 ; -0.0144309 ; -0.00753337 ; 102.472;
27 ; 21 ; 22 ; -0.0184058 ; -0.00884038 ; -0.00102407 ; 102.275;
28 ; 21 ; 22 ; -0.0191749 ; 0.00676344 ; -0.0093646 ; 101.949;
29 ; 21 ; 22 ; -0.0295267 ; 0.00669426 ; 0.00210478 ; 102.51;
30 ; 21 ; 22 ; -0.0251786 ; -0.00178117 ; 0.00878081 ; 102.257;
31 ; 21 ; 22 ; -0.0128607 ; -0.00511215 ; -0.00135794 ; 101.843;
32 ; 21 ; 22 ; -0.0155715 ; -0.00444311 ; -0.00310144 ; 102.088;
33 ; 21 ; 22 ; -0.000451908 ; -0.00468026 ; -7.5642e-05 ; 101.84;
4 ; 22 ; 22 ; 0.00965962 ; 0.015199 ; -0.0010929 ; 102.166;
5 ; 22 ; 22 ; 0.00821492 ; -0.00020534 ; 0.00240289 ; 102.214;
6 ; 22 ; 22 ; 0.0206755 ; -0.0074059 ; -0.0051693 ; 102.284;
7 ; 22 ; 22 ; 0.0192142 ; 0.00111472 ; -0.000564044 ; 102.469;
8 ; 22 ; 22 ; 0.0242764 ; 0.0058394 ; 0.00453805 ; 102.338;
9 ; 22 ; 22 ; 0.0169119 ; -0.0100388 ; -0.0152503 ; 102.055;
10 ; 22 ; 22 ; 0.0282741 ; -0.0006985 ; -0.00720861 ; 102.379;
11 ; 22 ; 22 ; 0.0219933 ; -0.0151569 ; -0.0139644 ; 102.224;
12 ; 22 ; 22 ; 0.0065006 ; -0.0100627 ; -0.0179288 ; 102.325;
13 ; 22 ; 22 ; 0.00709111 ; 0.00204926 ; -0.00358174 ; 101.864;
14 ; 22 ; 22 ; 0.000330215 ; 3.84502e-05 ; -0.00554209 ; 101.86;
15 ; 22 ; 22 ; 0.000448323 ; -0.0110531 ; -0.00631256 ; 101.914;
16 ; 22 ; 22 ; 0.00542892 ; -0.00312341 ; -0.00471313 ; 101.563;
17 ; 22 ; 22 ; 0.00440132 ; -0.00370323 ; 0.00857083 ; 102.096;
18 ; 22 ; 22 ; -0.0104993 ; 0.00364031 ; -0.0173156 ; 101.227;
19 ; 22 ; 22 ; -0.00315981 ; -0.00912344 ; -0.0108819 ; 101.428;
20 ; 22 ; 22 ; 0.00265087 ; -0.00479648 ; -0.00624599 ; 101.578;
21 ; 22 ; 22 ; -0.00605232 ; -0.010146 ; 0.000307986 ; 101.936;
22 ; 22 ; 22 ; -0.0116901 ; 0.0110562 ; -0.000310395 ; 101.339;
23 ; 22 ; 22 ; -0.0035762 ; -0.00719931 ; -0.0116312 ; 102.218;
24 ; 22 ; 22 ; -0.0157363 ; -0.00369943 ; -0.0125132 ; 101.966;
25 ; 22 ; 22 ; -0.0242477 ; -0.00403114 ; -0.00113761 ; 102.085;
26 ; 22 ; 22 ; -0.0373646 ; -0.00361185 ; -9.82839e-05 ; 101.933;
27 ; 22 ; 22 ; -0.0384938 ; 0.00225722 ; -0.00210442 ; 101.881;
28 ; 22 ; 22 ; -0.0366175 ; 0.00902547 ; -0.00860427 ; 102.205;
29 ; 22 ; 22 ; -0.0250734 ; 0.00147676 ; 0.0021103 ; 102.099;
30 ; 22 ; 22 ; -0.0181061 ; 0.0094367 ; 0.00811494 ; 102.293;
31 ; 22 ; 22 ; -0.0182489 ; -0.000424569 ; -0.00873245 ; 102.074;
32 ; 22 ; 22 ; -0.00252358 ; 0.00652029 ; -0.00960207 ; 101.991;
33 ; 22 ; 22 ; -0.0194945 ; -0.017818 ; -0.00457877 ; 102.186;
4 ; 23 ; 22 ; 0.0116686 ; -0.0069825 ; 0.00251956 ; 102.167;
5 ; 23 ; 22 ; 0.00804642 ; -0.00222407 ; 0.00536902 ; 102.237;
6 ; 23 ; 22 ; 0.0199652 ; -0.00419055 ; -0.00440949 ; 101.822;
7 ; 23 ; 22 ; 0.0208232 ; 0.00487038 ; -0.00355455 ; 102.175;
8 ; 23 ; 22 ; 0.0253034 ; 0.00285364 ; -0.0148094 ; 102.238;
9 ; 23 ; 22 ; 0.0258983 ; 0.000893678 ; -0.00490514 ; 102.223;
10 ; 23 ; 22 ; 0.0271022 ; -0.00557427 ; -0.00220443 ; 102.277;
11 ; 23 ; 22 ; 0.0173796 ; -0.0174437 ; -0.0122884 ; 101.545;
12 ; 23 ; 22 ; 0.00354527 ; -0.0246038 ; -0.0106666 ; 101.946;
13 ; 23 ; 22 ; -0.00404334 ; -0.00227876 ; -0.00833237 ; 101.751;
14 ; 23 ; 22 ; -0.00221921 ; 0.00194656 ; -0.000939242 ; 101.938;
15 ; 23 ; 22 ; -0.00188549 ; -0.0170547 ; -0.00971834 ; 101.733;
16 ; 23 ; 22 ; 0.00572606 ; -0.00791747 ; 0.000334456 ; 101.451;
17 ; 23 ; 22 ; 0.00464313 ; 0.00163434 ; 0.00381219 ; 102.054;
18 ; 23 ; 22 ; 0.00577218 ; 0.00379341 ; -0.00869898 ; 101.14;
19 ; 23 ; 22 ; -0.00614454 ; -0.0104675 ; -0.0138111 ; 101.624;
20 ; 23 ; 22 ; 0.000159502 ; -0.0103501 ; -0.0179641 ; 101.662;
21 ; 23 ; 22 ; -0.0127857 ; -0.010234 ; -0.00671141 ; 101.456;
22 ; 23 ; 22 ; -0.0145788 ; -0.0214037 ; 0.00126083 ; 101.922;
23 ; 23 ; 22 ; -0.00416633 ; -0.0125816 ; 0.00359615 ; 101.668;
24 ; 23 ; 22 ; 0.00370594 ; -0.00492855 ; -0.0166415 ; 101.896;
25 ; 23 ; 22 ; -0.0133996 ; -0.0186327 ; -0.00721766 ; 101.731;
26 ; 23 ; 22 ; -0.00870994 ; -0.0146447 ; 0.00530438 ; 101.913;
27 ; 23 ; 22 ; -0.0257384 ; -0.00412618 ; -0.000122838 ; 101.968;
28 ; 23 ; 22 ; -0.0298956 ; -0.00282314 ; -0.000887484 ; 102.534;
29 ; 23 ; 22 ; -0.0384096 ; 0.00359311 ; -0.00441991 ; 102.155;
30 ; 23 ; 22 ; -0.0200226 ; -0.00159466 ; 0.0077688 ; 102.412;
31 ; 23 ; 22 ; -0.0189594 ; -0.00311008 ; -0.0115371 ; 101.989;
32 ; 23 ; 22 ; -0.00766934 ; -0.0212403 ; -0.00922775 ; 101.956;
33 ; 23 ; 22 ; -0.0129384 ; -0.0171406 ; -0.0144249 ; 101.918;
4 ; 24 ; 22 ; 0.00174327 ; -0.00335414 ; -0.00321041 ; 101.786;
5 ; 24 ; 22 ; 0.00134046 ; -0.0118667 ; 0.00935028 ; 102.289;
6 ; 24 ; 22 ; 0.0134887 ; -0.00158711 ; -0.00708063 ; 102.32;
7 ; 24 ; 22 ; 0.0206365 ; 0.000366929 ; 0.00440958 ; 101.824;
8 ; 24 ; 22 ; 0.0315071 ; -0.00466689 ; -0.0138835 ; 102.451;
9 ; 24 ; 22 ; 0.0207187 ; -0.0153464 ; 0.00567929 ; 102.076;
10 ; 24 ; 22 ; 0.0220825 ; -0.0155612 ; 0.0111164 ; 102.201;
11 ; 24 ; 22 ; 0.0181446 ; -0.0114823 ; -0.000210808 ; 102.001;
12 ; 24 ; 22 ; 0.00757858 ; -0.00519722 ; 0.00491218 ; 102.36;
13 ; 24 ; 22 ; 0.0152676 ; -0.0197853 ; -0.0161401 ; 101.854;
14 ; 24 ; 22 ; 0.0127408 ; -0.0196066 ; -0.00275473 ; 101.909;
15 ; 24 ; 22 ; 0.0012336 ; -0.00683159 ; 0.00590102 ; 101.744;
16 ; 24 ; 22 ; 0.0113152 ; -0.0168733 ; -0.00523844 ; 102.036;
17 ; 24 ; 22 ; 0.00544496 ; -0.00714321 ; -0.0101293 ; 101.884;
18 ; 24 ; 22 ; 0.012695 ; -0.015185 ; 0.00267523 ; 101.784;
19 ; 24 ; 22 ; 0.00720129 ; -0.0156692 ; -0.00252446 ; 101.837;
20 ; 24 ; 22 ; -0.00318897 ; 0.00412956 ; -0.00807119 ; 102.141;
21 ; 24 ; 22 ; -0.00553432 ; -0.00882856 ; 0.0019321 ; 101.793;
22 ; 24 ; 22 ; -0.0110668 ; -0.0151499 ; -0.00408451 ; 101.912;
23 ; 24 ; 22 ; -0.020301 ; -0.0174403 ; -0.00573901 ; 101.987;
24 ; 24 ; 22 ; -0.0187856 ; -0.0194091 ; 0.00660948 ; 101.637;
25 ; 24 ; 22 ; -0.0110876 ; -0.00831264 ; -0.00374503 ; 102.281;
26 ; 24 ; 22 ; -0.0266765 ; -0.0110847 ; -0.00767008 ; 102.282;
27 ; 24 ; 22 ; -0.0185878 ; -0.00261708 ; -0.00289296 ; 102;
28 ; 24 ; 22 ; -0.0276955 ; -0.00514469 ; 0.00242363 ; 102.561;
29 ; 24 ; 22 ; -0.0210456 ; -0.00262692 ; -0.00319883 ; 102.411;
30 ; 24 ; 22 ; -0.0314625 ; -0.00976637 ; -0.00231669 ; 102.12;
31 ; 24 ; 22 ; -0.00090179 ; 0.00307484 ; -0.0015486 ; 102.441;
32 ; 24 ; 22 ; -0.010379 ; -0.0150031 ; -0.0136899 ; 102.282;
33 ; 24 ; 22 ; -0.00964084 ; -0.0219293 ; -0.0154936 ; 102.125;
4 ; 25 ; 22 ; 0.00396341 ; -0.0115516 ; 0.000970367 ; 102.328;
5 ; 25 ; 22 ; 0.0128969 ; -0.0159357 ; 0.010422 ; 102.466;
6 ; 25 ; 22 ; 0.0113643 ; -0.0159555 ; -0.00457624 ; 101.926;
7 ; 25 ; 22 ; 0.0172788 ; -0.0132138 ; -0.018299 ; 102.438;
8 ; 25 ; 22 ; 0.0380982 ; -0.0108659 ; -0.00307142 ; 102.44;
9 ; 25 ; 22 ; 0.0284882 ; -0.0271709 ; -0.00617146 ; 102.357;
10 ; 25 ; 22 ; 0.0161247 ; -0.0200603 ; -0.00970391 ; 102.242;
11 ; 25 ; 22 ; 0.0210558 ; -0.00858839 ; 0.00965126 ; 102.575;
12 ; 25 ; 22 ; 0.0228103 ; -0.0136629 ; -0.00499521 ; 102.11;
13 ; 25 ; 22 ; 0.00483645 ; -0.017716 ; -0.014622 ; 101.546;
14 ; 25 ; 22 ; -0.00349872 ; -0.0172644 ; -0.0044609 ; 102.315;
15 ; 25 ; 22 ; 0.0100253 ; -0.0238215 ; -0.00642212 ; 101.655;
16 ; 25 ; 22 ; -0.0019865 ; -0.0151745 ; 0.0149466 ; 101.976;
17 ; 25 ; 22 ; -0.0113531 ; -0.0273337 ; -0.0140462 ; 102.194;
18 ; 25 ; 22 ; -0.00854558 ; -0.0181091 ; -0.011768 ; 101.726;
19 ; 25 ; 22 ; -0.0161956 ; -0.0210623 ; -0.0119686 ; 101.831;
20 ; 25 ; 22 ; -0.00767211 ; -0.0203244 ; 0.00306514 ; 101.693;
21 ; 25 ; 22 ; 0.00404806 ; -0.0258755 ; -0.00932768 ; 102.381;
22 ; 25 ; 22 ; -0.0068766 ; -0.00985399 ; -0.00860769 ; 101.81;
23 ; 25 ; 22 ; -0.007564 ; -0.0132935 ; 0.00170671 ; 102.104;
24 ; 25 ; 22 ; -0.0133133 ; -0.00691912 ; -0.00267233 ; 101.967;
25 ; 25 ; 22 ; 0.00130925 ; -0.0142942 ; -0.00282216 ; 101.791;
26 ; 25 ; 22 ; -0.00897215 ; -0.0136074 ; 6.57576e-05 ; 102.23;
27 ; 25 ; 22 ; -0.0370227 ; -0.0177186 ; 0.00154073 ; 102.683;
28 ; 25 ; 22 ; -0.023764 ; -0.0221233 ; -0.00694315 ; 102.557;
29 ; 25 ; 22 ; -0.0296741 ; -0.0107431 ; -0.00190198 ; 102.182;
30 ; 25 ; 22 ; -0.0207565 ; -0.0182584 ; -0.0116787 ; 102.475;
31 ; 25 ; 22 ; -0.021795 ; -0.0210247 ; 0.00553611 ; 102.213;
32 ; 25 ; 22 ; -0.020559 ; -0.017489 ; 0.00347721 ; 102.571;
33 ; 25 ; 22 ; -0.00561191 ; -0.013168 ; 0.00270246 ; 102.128;
4 ; 26 ; 22 ; 0.00513494 ; -0.00700181 ; 0.00335415 ; 102.445;
5 ; 26 ; 22 ; 0.0207824 ; -0.0237909 ; -0.0016301 ; 102.025;
6 ; 26 ; 22 ; 0.0216921 ; -0.0183839 ; 0.00537981 ; 102.257;
7 ; 26 ; 22 ; 0.0205825 ; -0.0160484 ; -0.000763918 ; 102.514;
8 ; 26 ; 22 ; 0.0183042 ; -0.00911792 ; -0.00109468 ; 102.632;
9 ; 26 ; 22 ; 0.0251011 ; -0.0219485 ; -0.00256932 ; 102.492;
10 ; 26 ; 22 ; 0.0310863 ; -0.0254419 ; 0.00674935 ; 102.509;
11 ; 26 ; 22 ; 0.0106597 ; -0.0187462 ; -0.00032431 ; 102.269;
12 ; 26 ; 22 ; 0.0229672 ; -0.0242433 ; -0.0137208 ; 102.575;
13 ; 26 ; 22 ; 0.00669559 ; -0.0299319 ; -0.0115851 ; 102.309;
14 ; 26 ; 22 ; 0.00123958 ; -0.0359501 ; -0.0183413 ; 101.929;
15 ; 26 ; 22 ; -0.00373818 ; -0.0336812 ; -0.00962493 ; 101.881;
16 ; 26 ; 22 ; 0.0013966 ; -0.0306825 ; -0.0038434 ; 101.911;
17 ; 26 ; 22 ; -0.00358062 ; -0.0283203 ; -0.00962143 ; 101.845;
18 ; 26 ; 22 ; -0.000419179 ; -0.0236783 ; -0.0169586 ; 101.845;
19 ; 26 ; 22 ; -0.00238585 ; -0.0136005 ; -0.01108 ; 102.228;
20 ; 26 ; 22 ; -0.00628866 ; -0.0149034 ; -0.0121287 ; 102.025;
21 ; 26 ; 22 ; -0.00323275 ; -0.0111212 ; -0.00902441 ; 101.714;
22 ; 26 ; 22 ; -0.009087 ; -0.00789556 ; -0.00120995 ; 102.184;
23 ; 26 ; 22 ; -0.0143182 ; -0.0257192 ; 0.000951729 ; 101.959;
24 ; 26 ; 22 ; -0.00202355 ; -0.00934106 ; -0.00906742 ; 102.448;
25 ; 26 ; 22 ; -0.0065053 ; -0.0291331 ; -0.00457928 ; 102.054;
26 ; 26 ; 22 ; -0.0185325 ; -0.0183431 ; -0.00713763 ; 102.78;
27 ; 26 ; 22 ; -0.0265884 ; -0.0326522 ; 0.00292882 ; 102.419;
28 ; 26 ; 22 ; -0.0122491 ; -0.0251255 ; -0.00480947 ; 102.43;
29 ; 26 ; 22 ; -0.0323855 ; -0.00550317 ; -0.0139941 ; 102.537;
30 ; 26 ; 22 ; -0.0257285 ; -0.0135293 ; -0.0152866 ; 101.986;
31 ; 26 ; 22 ; -0.00899016 ; -0.0188092 ; -0.00156515 ; 102.791;
32 ; 26 ; 22 ; -0.00629923 ; -0.0119156 ; 0.0068827 ; 102.451;
33 ; 26 ; 22 ; -0.0107721 ; -0.00894568 ; 0.00151519 ; 102.431;
4 ; 27 ; 22 ; 0.0117683 ; -0.00912521 ; 0.00858977 ; 102.684;
5 ; 27 ; 22 ; 0.0149008 ; -0.0220018 ; -0.00636439 ; 102.736;
6 ; 27 ; 22 ; 0.00367442 ; -0.020946 ; 0.0108913 ; 102.705;
7 ; 27 ; 22 ; 0.0153531 ; -0.0250523 ; 0.00595738 ; 102.382;
8 ; 27 ; 22 ; 0.0109733 ; -0.00855904 ; 0.00475132 ; 102.659;
9 ; 27 ; 22 ; 0.0233196 ; -0.028124 ; -0.000103366 ; 102.328;
10 ; 27 ; 22 ; 0.0187195 ; -0.0197504 ; 0.00251017 ; 102.397;
11 ; 27 ; 22 ; 0.00818864 ; -0.0250778 ; -0.00312894 ; 102.077;
12 ; 27 ; 22 ; 0.0183688 ; -0.0146469 ; -0.00622658 ; 102.249;
13 ; 27 ; 22 ; 0.00831282 ; -0.0167436 ; -0.0200452 ; 101.969;
14 ; 27 ; 22 ; 0.00597872 ; -0.0188599 ; -0.0115236 ; 101.989;
15 ; 27 ; 22 ; 0.0161036 ; -0.0286639 ; -0.0172361 ; 101.814;
16 ; 27 ; 22 ; -0.00179221 ; -0.0220714 ; -0.0129073 ; 101.974;
17 ; 27 ; 22 ; 0.0100281 ; -0.0204483 ; -0.00703085 ; 101.87;
18 ; 27 ; 22 ; 0.00241718 ; -0.0240027 ; -0.0049284 ; 101.937;
19 ; 27 ; 22 ; -0.000158309 ; -0.0166232 ; -0.00939271 ; 102.223;
20 ; 27 ; 22 ; -0.00152625 ; -0.0321963 ; -0.00870605 ; 101.767;
21 ; 27 ; 22 ; -0.000747536 ; -0.0296491 ; 0.00426991 ; 102.296;
22 ; 27 ; 22 ; -0.0143442 ; -0.0202244 ; -0.000863792 ; 101.816;
23 ; 27 ; 22 ; 0.00319535 ; -0.0202399 ; -0.0104749 ; 102.32;
24 ; 27 ; 22 ; -0.0152969 ; -0.0304004 ; 0.00208233 ; 102.338;
25 ; 27 ; 22 ; -0.00513401 ; -0.0201803 ; 0.00781673 ; 102.055;
26 ; 27 ; 22 ; -0.0215092 ; -0.0152754 ; -0.00108821 ; 102.781;
27 ; 27 ; 22 ; -0.0191546 ; -0.0345772 ; -0.00388056 ; 102.414;
28 ; 27 ; 22 ; -0.0124307 ; -0.0273048 ; -0.00915188 ; 103.004;
29 ; 27 ; 22 ; -0.0186547 ; -0.00238217 ; -0.00441243 ; 102.598;
30 ; 27 ; 22 ; -0.0233001 ; -0.00210465 ; -0.0083232 ; 102.154;
31 ; 27 ; 22 ; -0.0184106 ; -0.0196949 ; -0.00491424 ; 102.166;
32 ; 27 ; 22 ; 0.0105832 ; -0.0181466 ; -0.00898238 ; 102.221;
33 ; 27 ; 22 ; 0.0103824 ; -0.0168094 ; -0.00273074 ; 102.405;
4 ; 28 ; 22 ; -0.00658165 ; -0.0138914 ; -0.000204398 ; 102.407;
5 ; 28 ; 22 ; 0.0174719 ; -0.0251012 ; -0.00699655 ; 102.14;
6 ; 28 ; 22 ; 0.0264427 ; -0.0152676 ; -0.00537118 ; 102.857;
7 ; 28 ; 22 ; 0.0364363 ; -0.0152972 ; -3.57632e-05 ; 102.576;
8 ; 28 ; 22 ; 0.0199226 ; -0.0179366 ; -0.000574227 ; 102.569;
9 ; 28 ; 22 ; 0.0203983 ; -0.0278841 ; -0.00176208 ; 102.446;
10 ; 28 ; 22 ; 0.023809 ; -0.0186999 ; 0.0160073 ; 102.762;
11 ; 28 ; 22 ; 0.00431473 ; -0.0266771 ; 0.00410294 ; 102.223;
12 ; 28 ; 22 ; 0.0160635 ; -0.018191 ; -0.0111687 ; 102.123;
13 ; 28 ; 22 ; 0.0120847 ; -0.0318528 ; -0.00406581 ; 102.304;
14 ; 28 ; 22 ; -0.0029559 ; -0.0184304 ; -0.00187469 ; 101.64;
15 ; 28 ; 22 ; 0.00335219 ; -0.0472599 ; -0.00779044 ; 102.323;
16 ; 28 ; 22 ; -0.00687993 ; -0.0199941 ; 0.000974041 ; 102.397;
17 ; 28 ; 22 ; -0.000694194 ; -0.0253366 ; 0.000291941 ; 102.096;
18 ; 28 ; 22 ; 0.0122538 ; -0.041191 ; -0.0121512 ; 101.978;
19 ; 28 ; 22 ; 0.00372609 ; -0.0241055 ; -0.0192827 ; 101.858;
20 ; 28 ; 22 ; 0.00732685 ; -0.0239942 ; -0.0151937 ; 101.765;
21 ; 28 ; 22 ; -0.00208915 ; -0.028222 ; -0.00345372 ; 102.065;
22 ; 28 ; 22 ; -0.00178446 ; -0.0276093 ; 0.00343507 ; 102.33;
23 ; 28 ; 22 ; -0.00718035 ; -0.0161657 ; -0.00801515 ; 102.314;
24 ; 28 ; 22 ; -0.0171337 ; -0.0185719 ; 0.00851371 ; 101.919;
25 ; 28 ; 22 ; -0.0170626 ; -0.0350899 ; -0.0136888 ; 102.058;
26 ; 28 ; 22 ; -0.022026 ; -0.022817 ; -0.0146023 ; 102.052;
27 ; 28 ; 22 ; -0.0227196 ; -0.0256315 ; 0.00456594 ; 102.174;
28 ; 28 ; 22 ; -0.0238772 ; -0.0187991 ; 0.000391724 ; 102.465;
29 ; 28 ; 22 ; -0.0177769 ; -0.0130287 ; 0.00307726 ; 102.416;
30 ; 28 ; 22 ; -0.0230687 ; -0.0152931 ; -0.00313859 ; 102.62;
31 ; 28 ; 22 ; -0.00475029 ; -0.0141132 ; -0.000217218 ; 101.941;
32 ; 28 ; 22 ; -0.00355167 ; -0.0132693 ; 0.000310942 ; 102.478;
33 ; 28 ; 22 ; 0.00706597 ; -0.0209409 ; 0.00316093 ; 102.134;
4 ; 29 ; 22 ; 0.00120588 ; -0.00455702 ; 0.00300535 ; 102.054;
5 ; 29 ; 22 ; 0.0111576 ; -0.00757735 ; 0.00873594 ; 101.972;
6 ; 29 ; 22 ; 0.0246727 ; -0.0225774 ; -0.00114265 ; 102.838;
7 ; 29 ; 22 ; 0.0111588 ; -0.0171366 ; -0.0118961 ; 102.404;
8 ; 29 ; 22 ; 0.0186672 ; -0.0209443 ; -0.00130048 ; 102.486;
9 ; 29 ; 22 ; 0.0146385 ; -0.0137572 ; 0.00363767 ; 102.789;
10 ; 29 ; 22 ; 0.00957721 ; -0.0209801 ; -0.0104304 ; 102.446;
11 ; 29 ; 22 ; 0.00707103 ; -0.0404528 ; -0.00233976 ; 102.62;
12 ; 29 ; 22 ; 0.00993032 ; -0.0226319 ; -0.0155782 ; 102.631;
13 ; 29 ; 22 ; 0.00834915 ; -0.0181162 ; -0.0159599 ; 102.218;
14 ; 29 ; 22 ; -0.018216 ; -0.031347 ; -0.00281516 ; 102.444;
15 ; 29 ; 22 ; 0.00520082 ; -0.0315532 ; 0.00414938 ; 102.114;
16 ; 29 ; 22 ; 0.0128569 ; -0.0139093 ; -0.00430563 ; 101.988;
17 ; 29 ; 22 ; 0.0079766 ; -0.0124274 ; -0.00352749 ; 102.059;
18 ; 29 ; 22 ; 0.00355522 ; -0.033115 ; -0.0102174 ; 101.734;
19 ; 29 ; 22 ; 0.00267377 ; -0.0304435 ; -0.0107338 ; 102.361;
20 ; 29 ; 22 ; 0.00214414 ; -0.0305315 ; -0.0070471 ; 102.037;
21 ; 29 ; 22 ; -0.000162611 ; -0.0203882 ; -0.012495 ; 101.731;
22 ; 29 ; 22 ; -0.00256697 ; -0.0294176 ; -0.00306052 ; 102.631;
23 ; 29 ; 22 ; -0.00945 ; -0.0263865 ; -0.00914669 ; 101.995;
24 ; 29 ; 22 ; -0.0203179 ; -0.0379888 ; 0.00289561 ; 102.246;
25 ; 29 ; 22 ; -0.00961239 ; -0.0151876 ; 0.00155864 ; 102.512;
26 ; 29 ; 22 ; -0.00723003 ; -0.0235194 ; -0.00305975 ; 102.552;
27 ; 29 ; 22 ; -0.00735853 ; -0.00803543 ; -0.0093822 ; 102.478;
28 ; 29 ; 22 ; -0.0261301 ; -0.0178186 ; -0.00437362 ; 102.63;
29 ; 29 ; 22 ; -0.01597 ; -0.018763 ; 0.00687269 ; 102.371;
30 ; 29 ; 22 ; -0.0211628 ; -0.00671706 ; 0.00847872 ; 103.124;
31 ; 29 ; 22 ; -0.00746827 ; -0.012877 ; -0.00397188 ; 102.811;
32 ; 29 ; 22 ; 0.00395317 ; -0.0223044 ; 0.0083254 ; 102.334;
33 ; 29 ; 22 ; 0.00455437 ; -0.0153488 ; -0.00150551 ; 102.531;
4 ; 30 ; 22 ; 0.00332315 ; -0.0128205 ; -0.0105997 ; 102.909;
5 ; 30 ; 22 ; 0.0132947 ; -0.0230369 ; 0.00937588 ; 102.701;
6 ; 30 ; 22 ; 0.0100436 ; -0.0326336 ; 0.00453611 ; 102.728;
7 ; 30 ; 22 ; 0.0299428 ; -0.0243839 ; -0.00605819 ; 102.701;
8 ; 30 ; 22 ; 0.0217269 ; -0.0180244 ; -0.00933618 ; 102.671;
9 ; 30 ; 22 ; 0.0102011 ; -0.00985102 ; 0.00257997 ; 102.417;
10 ; 30 ; 22 ; 0.0149557 ; -0.00501485 ; -0.00206112 ; 102.384;
11 ; 30 ; 22 ; 0.0104537 ; -0.0211315 ; -0.00315157 ; 101.807;
12 ; 30 ; 22 ; 0.000836019 ; -0.0202176 ; -0.00461132 ; 102.42;
13 ; 30 ; 22 ; 0.0120552 ; -0.0198563 ; -0.00934943 ; 102.641;
14 ; 30 ; 22 ; 0.00327285 ; -0.0225444 ; -0.00121199 ; 101.898;
15 ; 30 ; 22 ; 0.0129172 ; -0.0306985 ; -0.00259083 ; 102.457;
16 ; 30 ; 22 ; -0.00259148 ; -0.0206289 ; -0.00612402 ; 102.134;
17 ; 30 ; 22 ; 0.00969475 ; -0.0112204 ; -0.000995635 ; 102.51;
18 ; 30 ; 22 ; 0.0139573 ; -0.0189334 ; -0.00848547 ; 102.089;
19 ; 30 ; 22 ; 0.000988929 ; -0.0234194 ; -0.00370864 ; 101.844;
20 ; 30 ; 22 ; -0.00240035 ; -0.0369387 ; 0.00313442 ; 102.575;
21 ; 30 ; 22 ; -0.0029532 ; -0.0115443 ; 0.00200118 ; 102.068;
22 ; 30 ; 22 ; -0.00790619 ; -0.0181267 ; -0.00427058 ; 102.07;
23 ; 30 ; 22 ; -0.00604706 ; -0.0154061 ; 0.00922277 ; 102.372;
24 ; 30 ; 22 ; -0.00173803 ; -0.036722 ; -0.00582406 ; 101.792;
25 ; 30 ; 22 ; -0.0115933 ; -0.0310474 ; -0.0036036 ; 102.264;
26 ; 30 ; 22 ; -0.0132971 ; -0.0125232 ; 0.00317019 ; 102.433;
27 ; 30 ; 22 ; -0.0250822 ; -0.0142092 ; -0.00596911 ; 102.138;
28 ; 30 ; 22 ; -0.0152358 ; -0.0204391 ; 0.00287702 ; 102.741;
29 ; 30 ; 22 ; -0.0189609 ; -0.00795659 ; -0.00658634 ; 102.211;
30 ; 30 ; 22 ; -0.00376709 ; -0.0226332 ; -0.00319681 ; 102.284;
31 ; 30 ; 22 ; -0.00677996 ; -0.0325514 ; -0.00130488 ; 102.737;
32 ; 30 ; 22 ; -0.0113412 ; -0.0169214 ; 0.00180817 ; 102.514;
33 ; 30 ; 22 ; -0.00518137 ; -0.0098154 ; 0.0137052 ; 102.758;
4 ; 31 ; 22 ; 0.00449058 ; -0.0059548 ; -6.88979e-05 ; 102.603;
5 ; 31 ; 22 ; 0.000205904 ; -0.00774823 ; -0.0029356 ; 102.437;
6 ; 31 ; 22 ; 0.0118939 ; -0.0140213 ; -0.006583 ; 103.01;
7 ; 31 ; 22 ; 0.00524522 ; -0.0171281 ; 0.0164052 ; 102.394;
8 ; 31 ; 22 ; 0.0279144 ; -0.0147997 ; -0.00174825 ; 102.544;
9 ; 31 ; 22 ; 0.0195778 ; -0.0122078 ; 0.0149445 ; 102.671;
10 ; 31 ; 22 ; 0.0273526 ; -0.0201682 ; -0.00567415 ; 102.36;
11 ; 31 ; 22 ; 0.0144068 ; -0.0167086 ; 0.00671343 ; 102.205;
12 ; 31 ; 22 ; 0.0095758 ; -0.0136409 ; -0.00136039 ; 102.208;
13 ; 31 ; 22 ; 0.000634061 ; -0.0145306 ; 0.00020796 ; 102.317;
14 ; 31 ; 22 ; 0.00863423 ; -0.0185862 ; 0.00861075 ; 101.954;
15 ; 31 ; 22 ; 0.000591079 ; -0.00560532 ; 0.00581033 ; 102.221;
16 ; 31 ; 22 ; -0.00155618 ; -0.0135684 ; 0.00160006 ; 102.558;
17 ; 31 ; 22 ; 0.00409493 ; 0.00145439 ; 0.000742738 ; 102.067;
18 ; 31 ; 22 ; -0.00388037 ; -0.016568 ; 0.00366838 ; 102.367;
19 ; 31 ; 22 ; 7.94944e-05 ; -0.0209186 ; -0.00719662 ; 101.946;
20 ; 31 ; 22 ; 0.00540468 ; -0.0221638 ; 0.00845749 ; 102.141;
21 ; 31 ; 22 ; -0.00920555 ; -0.0122043 ; -0.00141863 ; 102.121;
22 ; 31 ; 22 ; -0.0122091 ; -0.0200281 ; 0.00407967 ; 101.983;
23 ; 31 ; 22 ; -0.0141219 ; -0.012986 ; 0.00095957 ; 102.593;
24 ; 31 ; 22 ; -0.0098646 ; -0.0206114 ; -0.00885543 ; 101.978;
25 ; 31 ; 22 ; -0.0132272 ; -0.00535559 ; 0.00599928 ; 102.149;
26 ; 31 ; 22 ; -0.0101393 ; -0.027199 ; -0.00284165 ; 102.802;
27 ; 31 ; 22 ; -0.0213012 ; -0.0156821 ; -0.0108184 ; 102.599;
28 ; 31 ; 22 ; -0.0313632 ; -0.0119238 ; -0.00439415 ; 102.867;
29 ; 31 ; 22 ; -0.0149126 ; -0.00484516 ; -0.00237567 ; 102.898;
30 ; 31 ; 22 ; -0.0138831 ; -0.0136411 ; -0.00853876 ; 102.496;
31 ; 31 ; 22 ; -0.00678234 ; -0.0118054 ; 0.00723023 ; 102.814;
32 ; 31 ; 22 ; -0.00966539 ; -0.000151929 ; 0.0054827 ; 102.402;
33 ; 31 ; 22 ; -0.00268216 ; -0.0197313 ; 0.0031879 ; 102.736;
4 ; 32 ; 22 ; 0.00837325 ; -0.00628198 ; 0.00710704 ; 102.729;
5 ; 32 ; 22 ; 0.00782585 ; -0.00264454 ; 0.00507807 ; 102.77;
6 ; 32 ; 22 ; 0.0186914 ; -0.0156423 ; -0.00457963 ; 102.29;
7 ; 32 ; 22 ; 0.0156945 ; -0.00142012 ; -0.00398585 ; 102.437;
8 ; 32 ; 22 ; 0.0229899 ; -0.00574125 ; -0.00995541 ; 103.034;
9 ; 32 ; 22 ; 0.0240865 ; 0.00206999 ; 0.015016 ; 102.438;
10 ; 32 ; 22 ; 0.0144133 ; -0.0232086 ; 0.00150769 ; 102.016;
11 ; 32 ; 22 ; 0.013689 ; -0.0205083 ; -0.0153859 ; 102.295;
12 ; 32 ; 22 ; 0.0138714 ; -0.0174705 ; -0.00940151 ; 102.277;
13 ; 32 ; 22 ; 0.00932535 ; -0.0175356 ; -0.0053586 ; 102.352;
14 ; 32 ; 22 ; 0.0121192 ; -0.010982 ; -0.00975628 ; 102.147;
15 ; 32 ; 22 ; 0.00586767 ; -0.00759747 ; -0.005783 ; 101.74;
16 ; 32 ; 22 ; -0.0054409 ; -0.0202181 ; -0.0120918 ; 102.549;
17 ; 32 ; 22 ; 0.000448708 ; -0.00774287 ; -0.00775169 ; 102.592;
18 ; 32 ; 22 ; 0.0050271 ; -0.0174937 ; 0.00637073 ; 101.711;
19 ; 32 ; 22 ; -3.91881e-05 ; 0.00242641 ; -0.0112354 ; 102.143;
20 ; 32 ; 22 ; -0.00829159 ; -0.00603377 ; -0.0122401 ; 102.044;
21 ; 32 ; 22 ; 0.00919736 ; -0.0121701 ; -0.00493307 ; 102.096;
22 ; 32 ; 22 ; -0.00738454 ; -0.0126018 ; -0.00719774 ; 102.176;
23 ; 32 ; 22 ; -0.00439301 ; -0.00675236 ; 0.00132586 ; 101.909;
24 ; 32 ; 22 ; -0.00823929 ; -0.0171992 ; 0.000281543 ; 102.487;
25 ; 32 ; 22 ; -0.0107075 ; -0.00441971 ; -0.00968952 ; 102.537;
26 ; 32 ; 22 ; -0.0172649 ; -0.00674489 ; -0.00928757 ; 102.325;
27 ; 32 ; 22 ; -0.0125634 ; 0.000819502 ; 0.00923222 ; 102.831;
28 ; 32 ; 22 ; -0.0164094 ; -0.0151552 ; 0.00496283 ; 102.893;
29 ; 32 ; 22 ; -0.0188478 ; -0.00345574 ; 0.00131715 ; 102.556;
30 ; 32 ; 22 ; -0.00663377 ; -0.0052224 ; 0.001358 ; 102.632;
31 ; 32 ; 22 ; -0.0214267 ; -0.00620864 ; -0.0010169 ; 102.686;
32 ; 32 ; 22 ; -0.012128 ; 0.00445233 ; 0.00564226 ; 102.888;
33 ; 32 ; 22 ; -0.000981889 ; -0.0221776 ; 0.00819177 ; 102.972;
4 ; 33 ; 22 ; 0.00525606 ; 0.000695924 ; 0.00605337 ; 102.445;
5 ; 33 ; 22 ; 0.00893113 ; -0.00913254 ; 0.00358168 ; 102.696;
6 ; 33 ; 22 ; 0.032727 ; -0.00653433 ; 0.0110416 ; 102.087;
7 ; 33 ; 22 ; 0.0145115 ; -0.00331941 ; 0.0056757 ; 102.304;
8 ; 33 ; 22 ; 0.0070856 ; 0.017698 ; 0.00212617 ; 102.439;
9 ; 33 ; 22 ; 0.0125508 ; 0.0136177 ; 0.00709777 ; 102.694;
10 ; 33 ; 22 ; 0.0211073 ; 0.000559502 ; 0.00288744 ; 102.497;
11 ; 33 ; 22 ; 0.0306456 ; 0.00494552 ; 0.00287422 ; 102.477;
12 ; 33 ; 22 ; -0.000602881 ; -0.00433894 ; -0.0016461 ; 102.404;
13 ; 33 ; 22 ; -0.00162114 ; 0.00204584 ; 0.00995187 ; 101.802;
14 ; 33 ; 22 ; -6.68127e-05 ; -0.00771006 ; -0.00661422 ; 102.253;
15 ; 33 ; 22 ; 0.00931376 ; -0.0197526 ; -0.00584375 ; 102.12;
16 ; 33 ; 22 ; -0.00932766 ; -0.0129106 ; 0.00453912 ; 102.287;
17 ; 33 ; 22 ; 0.00135541 ; -0.00200169 ; 0.00497559 ; 102.047;
18 ; 33 ; 22 ; -0.0030157 ; -0.00845063 ; -0.00276709 ; 101.605;
19 ; 33 ; 22 ; -0.0102564 ; -0.00347495 ; -0.00783453 ; 102.044;
20 ; 33 ; 22 ; 0.0082348 ; -0.000954859 ; 0.00631249 ; 102.036;
21 ; 33 ; 22 ; 0.00404453 ; -0.00790542 ; 0.000841229 ; 101.678;
22 ; 33 ; 22 ; 0.00856038 ; -0.0172018 ; 0.000454782 ; 101.959;
23 ; 33 ; 22 ; -0.0013683 ; -0.00836453 ; 0.00363632 ; 102.386;
24 ; 33 ; 22 ; -0.00702077 ; -0.0147298 ; 0.0107511 ; 101.664;
25 ; 33 ; 22 ; -0.0141483 ; 0.000590893 ; -0.0182707 ; 102.187;
26 ; 33 ; 22 ; -0.0159041 ; -0.0037714 ; -0.0128685 ; 102.473;
27 ; 33 ; 22 ; -0.0146082 ; -0.00782098 ; 0.0173048 ; 102.628;
28 ; 33 ; 22 ; -0.0200455 ; 0.00355733 ; 0.00620244 ; 102.321;
29 ; 33 ; 22 ; -0.00881142 ; -0.00539613 ; -0.000814734 ; 102.463;
30 ; 33 ; 22 ; -0.015636 ; -0.00291365 ; -0.000392946 ; 102.572;
31 ; 33 ; 22 ; -0.00587059 ; -0.00536261 ; 0.00254681 ; 102.483;
32 ; 33 ; 22 ; -0.00663742 ; -0.00811635 ; 0.00201566 ; 102.732;
33 ; 33 ; 22 ; -0.00137853 ; -0.0100509 ; 0.000617436 ; 102.845;
4 ; 4 ; 23 ; 0.00585031 ; 0.0158523 ; 0.00826913 ; 102.428;
5 ; 4 ; 23 ; 0.021028 ; 0.00579497 ; -0.000901743 ; 102.751;
6 ; 4 ; 23 ; 0.0166025 ; -0.000474449 ; -0.00322785 ; 102.589;
7 ; 4 ; 23 ; 0.0121075 ; 0.00323593 ; 0.00228033 ; 101.968;
8 ; 4 ; 23 ; 0.0116236 ; 0.0118167 ; -0.0059902 ; 102.943;
9 ; 4 ; 23 ; 0.0188749 ; 0.00465716 ; -0.00314689 ; 102.285;
10 ; 4 ; 23 ; 0.0198485 ; 0.00809711 ; -0.00052054 ; 102.47;
11 ; 4 ; 23 ; 0.0148541 ; -0.00708529 ; -0.00927073 ; 102.86;
12 ; 4 ; 23 ; 0.0165493 ; -0.00142896 ; 0.00189263 ; 101.665;
13 ; 4 ; 23 ; 0.00708813 ; 0.00205778 ; 0.00426886 ; 102.293;
14 ; 4 ; 23 ; 0.00332931 ; 0.00213568 ; -0.0093535 ; 102.364;
15 ; 4 ; 23 ; 0.0135433 ; 0.0074753 ; -0.0129148 ; 102.124;
16 ; 4 ; 23 ; 0.00731217 ; 0.0038681 ; 0.00907354 ; 101.856;
17 ; 4 ; 23 ; 0.00307942 ; -0.00400916 ; -0.00672281 ; 102.334;
18 ; 4 ; 23 ; -0.000527569 ; 0.00233736 ; 0.00260959 ; 102.069;
19 ; 4 ; 23 ; 0.00402193 ; 0.0226216 ; -0.00416712 ; 101.859;
20 ; 4 ; 23 ; 0.0105335 ; -0.0056753 ; -0.0055615 ; 102.01;
21 ; 4 ; 23 ; 0.00455838 ; 0.0112018 ; -0.00207061 ; 101.969;
22 ; 4 ; 23 ; 0.00664507 ; -0.000276838 ; -0.00134436 ; 101.908;
23 ; 4 ; 23 ; -0.00605789 ; 0.010679 ; -0.00263899 ; 102.064;
24 ; 4 ; 23 ; -0.00265711 ; 0.00717183 ; -0.000769925 ; 102.12;
25 ; 4 ; 23 ; -0.00854747 ; 0.00021628 ; 0.00169961 ; 102.411;
26 ; 4 ; 23 ; -0.0202058 ; 0.0158972 ; 0.00447262 ; 102.45;
27 ; 4 ; 23 ; -0.00671418 ; 0.00640903 ; -0.00378066 ; 102.276;
28 ; 4 ; 23 ; -0.00766132 ; 0.00240532 ; 0.00261562 ; 102.074;
29 ; 4 ; 23 ; -0.0138687 ; -0.00505658 ; -0.00207866 ; 102.576;
30 ; 4 ; 23 ; -0.0138147 ; 0.0181837 ; -0.0146561 ; 102.283;
31 ; 4 ; 23 ; -0.0139214 ; 0.0200286 ; -0.000988913 ; 102.555;
32 ; 4 ; 23 ; -0.014706 ; 0.0100542 ; 0.00587125 ; 102.621;
33 ; 4 ; 23 ; -0.00179816 ; 0.0137642 ; 0.0120218 ; 102.514;
4 ; 5 ; 23 ; 0.00514959 ; 0.00686646 ; 0.00592912 ; 102.603;
5 ; 5 ; 23 ; -0.00109494 ; 0.0233164 ; -0.00506317 ; 102.81;
6 ; 5 ; 23 ; 0.0262458 ; 0.0087185 ; -0.00545751 ; 102.378;
7 ; 5 ; 23 ; 0.0295271 ; 0.00855882 ; -0.0129936 ; 102.948;
8 ; 5 ; 23 ; 0.0087872 ; -0.00728499 ; -0.00824041 ; 102.807;
9 ; 5 ; 23 ; 0.0226581 ; -0.00501521 ; -0.00968516 ; 103.291;
10 ; 5 ; 23 ; 0.0170049 ; -0.00385076 ; -0.00352721 ; 102.264;
11 ; 5 ; 23 ; 0.0127442 ; 0.00917413 ; -0.00425568 ; 102.564;
12 ; 5 ; 23 ; 0.0226156 ; 0.0146208 ; -0.00174227 ; 102.35;
13 ; 5 ; 23 ; 0.00144136 ; 0.014181 ; -0.00433793 ; 102.25;
14 ; 5 ; 23 ; -3.27818e-05 ; 0.012425 ; -0.00259774 ; 102.349;
15 ; 5 ; 23 ; -0.00455139 ; 0.0245243 ; -0.010776 ; 101.794;
16 ; 5 ; 23 ; -0.00131493 ; 0.0137976 ; -0.00268972 ; 102.159;
17 ; 5 ; 23 ; 0.00980206 ; 0.00122298 ; 0.00427155 ; 102.443;
18 ; 5 ; 23 ; 0.00614307 ; -0.00277306 ; 0.00579644 ; 102.018;
19 ; 5 ; 23 ; -0.0107215 ; 0.0197808 ; -0.00258191 ; 102.07;
20 ; 5 ; 23 ; 0.000538192 ; 0.0113289 ; -0.0128603 ; 102.419;
21 ; 5 ; 23 ; 0.00382696 ; 0.00983792 ; -0.00728433 ; 101.951;
22 ; 5 ; 23 ; 0.00804869 ; 0.0106078 ; -0.01808 ; 102.455;
23 ; 5 ; 23 ; -0.00047743 ; 0.00659712 ; -0.00308163 ; 102.241;
24 ; 5 ; 23 ; -0.000884397 ; -0.00189796 ; 0.000602504 ; 102.201;
25 ; 5 ; 23 ; -0.00416592 ; 0.00533839 ; -0.0128733 ; 102.355;
26 ; 5 ; 23 ; -0.0185274 ; 0.00940878 ; 0.00957434 ; 102.871;
27 ; 5 ; 23 ; -0.0210782 ; 0.0159229 ; 0.00388249 ; 103.102;
28 ; 5 ; 23 ; -0.0176228 ; 0.00488066 ; -0.00458632 ; 102.611;
29 ; 5 ; 23 ; -0.0132979 ; 0.00476551 ; 0.019921 ; 102.536;
30 ; 5 ; 23 ; -0.0151491 ; -0.00121915 ; 0.00075005 ; 102.471;
31 ; 5 ; 23 ; -0.0194232 ; 0.0147499 ; -0.00566265 ; 102.799;
32 ; 5 ; 23 ; -0.00992732 ; 0.0131949 ; 0.00411058 ; 102.979;
33 ; 5 ; 23 ; -0.00955632 ; 0.0110235 ; -0.000892861 ; 102.67;
4 ; 6 ; 23 ; 0.00837489 ; 0.0113223 ; -0.0232186 ; 103.036;
5 ; 6 ; 23 ; 0.000874252 ; 0.0138916 ; 0.00430946 ; 102.31;
6 ; 6 ; 23 ; 0.0169375 ; 0.0223255 ; 1.24528e-05 ; 102.242;
7 ; 6 ; 23 ; 0.00896502 ; 0.024384 ; -0.0118768 ; 102.497;
8 ; 6 ; 23 ; 0.0149323 ; 0.0144615 ; 0.004849 ; 102.602;
9 ; 6 ; 23 ; 0.0176722 ; 0.00196106 ; 0.00468297 ; 102.604;
10 ; 6 ; 23 ; 0.0118854 ; 0.0059421 ; -0.00908173 ; 102.399;
11 ; 6 ; 23 ; 0.0213471 ; 0.0119088 ; -0.00104157 ; 102.587;
12 ; 6 ; 23 ; 0.00954309 ; 0.0200354 ; -0.0124312 ; 102.347;
13 ; 6 ; 23 ; 0.00926837 ; 0.023615 ; -0.00485079 ; 102.282;
14 ; 6 ; 23 ; 0.00747601 ; 0.0172105 ; -0.000787735 ; 102.355;
15 ; 6 ; 23 ; 0.00267437 ; 0.0120067 ; -0.00416704 ; 102.778;
16 ; 6 ; 23 ; 0.00773019 ; 0.0179272 ; -0.00014743 ; 102.177;
17 ; 6 ; 23 ; -0.00543445 ; 0.0248011 ; 0.000907659 ; 102.291;
18 ; 6 ; 23 ; 0.00399038 ; 0.0137103 ; -0.000774657 ; 101.97;
19 ; 6 ; 23 ; 0.00293735 ; 0.0438081 ; -0.00351441 ; 102.38;
20 ; 6 ; 23 ; 0.0055413 ; 0.00755306 ; 0.00417417 ; 102.574;
21 ; 6 ; 23 ; 0.00635171 ; 0.0148008 ; -0.00166965 ; 101.619;
22 ; 6 ; 23 ; -0.000179476 ; 0.00938572 ; 0.00626117 ; 102.212;
23 ; 6 ; 23 ; -0.004954 ; 0.022429 ; -0.00283546 ; 102.334;
24 ; 6 ; 23 ; -0.00758487 ; 0.0237036 ; -0.000284351 ; 103.112;
25 ; 6 ; 23 ; -0.00601717 ; 0.00704288 ; 0.00729044 ; 102.927;
26 ; 6 ; 23 ; -0.00939887 ; 0.0264899 ; 0.0137543 ; 102.397;
27 ; 6 ; 23 ; -0.010543 ; 0.0107834 ; -0.00271878 ; 102.666;
28 ; 6 ; 23 ; -0.0179662 ; 0.0182069 ; -0.00318691 ; 103.143;
29 ; 6 ; 23 ; -0.0258298 ; 0.0129759 ; 0.0083488 ; 102.419;
30 ; 6 ; 23 ; -0.023043 ; 0.0102373 ; -0.00618272 ; 102.794;
31 ; 6 ; 23 ; -0.0206724 ; 0.0138182 ; 0.0036675 ; 102.392;
32 ; 6 ; 23 ; -0.0113907 ; 0.00966406 ; 0.00263542 ; 103.097;
33 ; 6 ; 23 ; 0.00481011 ; 0.00942641 ; -0.000261618 ; 102.612;
4 ; 7 ; 23 ; -0.000851536 ; 0.00378245 ; -0.0133558 ; 102.355;
5 ; 7 ; 23 ; 0.00364143 ; 0.0134749 ; -0.00154771 ; 102.474;
6 ; 7 ; 23 ; 0.0262684 ; 0.0138486 ; 0.0152953 ; 102.532;
7 ; 7 ; 23 ; 0.00564907 ; 0.00747797 ; -0.00859181 ; 102.818;
8 ; 7 ; 23 ; 0.0268285 ; 0.0165201 ; 0.0016929 ; 102.621;
9 ; 7 ; 23 ; 0.0243922 ; 0.0252057 ; -0.00408462 ; 102.446;
10 ; 7 ; 23 ; 0.0158327 ; 0.00772842 ; 0.00450016 ; 102.967;
11 ; 7 ; 23 ; 0.010713 ; 0.0106735 ; -0.00714981 ; 102.382;
12 ; 7 ; 23 ; 0.0137506 ; 0.025886 ; 0.00254389 ; 102.517;
13 ; 7 ; 23 ; -0.00544627 ; 0.0153401 ; -0.00113983 ; 102.447;
14 ; 7 ; 23 ; -0.00181948 ; 0.0107479 ; -0.00453909 ; 102.191;
15 ; 7 ; 23 ; -0.00635898 ; 0.0316873 ; -0.00635314 ; 102.279;
16 ; 7 ; 23 ; 0.00112239 ; 0.0209574 ; -0.00133306 ; 102.177;
17 ; 7 ; 23 ; 0.00179655 ; 0.0197363 ; -0.0113059 ; 101.882;
18 ; 7 ; 23 ; 0.0094269 ; 0.0229936 ; 0.00336882 ; 102.322;
19 ; 7 ; 23 ; -0.00755239 ; 0.028839 ; -0.00868892 ; 102.227;
20 ; 7 ; 23 ; -0.0102399 ; 0.0287029 ; -0.0154724 ; 102.187;
21 ; 7 ; 23 ; 0.00349131 ; 0.0258705 ; -0.00421375 ; 102.458;
22 ; 7 ; 23 ; 0.00811493 ; 0.0338835 ; -0.00666133 ; 102.356;
23 ; 7 ; 23 ; -0.0057331 ; 0.0313298 ; 0.00979063 ; 102.466;
24 ; 7 ; 23 ; -0.00504059 ; 0.0206236 ; 0.00360616 ; 102.034;
25 ; 7 ; 23 ; -0.00636952 ; 0.0244675 ; -0.00150615 ; 102.136;
26 ; 7 ; 23 ; -0.0267135 ; 0.0260717 ; 0.00606799 ; 102.478;
27 ; 7 ; 23 ; -0.0135034 ; 0.0131388 ; -0.00397547 ; 102.769;
28 ; 7 ; 23 ; -0.00970933 ; 0.0229513 ; 0.00437997 ; 102.419;
29 ; 7 ; 23 ; -0.0172753 ; 0.0167681 ; 0.00252157 ; 102.607;
30 ; 7 ; 23 ; -0.0168257 ; 0.0101106 ; 0.00302952 ; 103.018;
31 ; 7 ; 23 ; -0.00856787 ; 0.00964037 ; 0.00080708 ; 102.868;
32 ; 7 ; 23 ; -0.00589352 ; 0.0251438 ; 0.00828491 ; 102.678;
33 ; 7 ; 23 ; -0.00518418 ; 0.0239019 ; 0.00994054 ; 102.432;
4 ; 8 ; 23 ; 0.00138225 ; 0.0128687 ; 0.0030315 ; 102.527;
5 ; 8 ; 23 ; 0.01627 ; 0.0253641 ; 0.00143634 ; 102.466;
6 ; 8 ; 23 ; -0.000403085 ; 0.0273281 ; -0.00335226 ; 102.367;
7 ; 8 ; 23 ; 0.0192301 ; 0.0131689 ; 0.00682526 ; 102.397;
8 ; 8 ; 23 ; 0.0250819 ; 0.0217745 ; -0.000457792 ; 102.911;
9 ; 8 ; 23 ; 0.0306059 ; 0.0156894 ; -0.00242893 ; 102.23;
10 ; 8 ; 23 ; 0.0325501 ; 0.0216117 ; -0.00488894 ; 102.955;
11 ; 8 ; 23 ; 0.0165701 ; 0.0258156 ; -0.00382657 ; 102.612;
12 ; 8 ; 23 ; 0.0144633 ; 0.0311398 ; -0.0118619 ; 102.962;
13 ; 8 ; 23 ; 0.0173757 ; 0.0149897 ; -0.0014188 ; 102.357;
14 ; 8 ; 23 ; 0.0029275 ; 0.0283744 ; -0.000385632 ; 102.763;
15 ; 8 ; 23 ; 0.00283284 ; 0.0261134 ; -0.00315785 ; 102.15;
16 ; 8 ; 23 ; -0.00206935 ; 0.0183675 ; -0.0132604 ; 102.617;
17 ; 8 ; 23 ; 0.00880415 ; 0.0160392 ; -0.0102908 ; 101.966;
18 ; 8 ; 23 ; 0.0196316 ; 0.0191086 ; -0.0143011 ; 101.447;
19 ; 8 ; 23 ; 0.00160496 ; 0.0284269 ; 0.00597993 ; 102.414;
20 ; 8 ; 23 ; 0.0209858 ; 0.02689 ; -4.93567e-05 ; 102.186;
21 ; 8 ; 23 ; 2.48718e-06 ; 0.0287811 ; -0.0140892 ; 102.294;
22 ; 8 ; 23 ; -0.00094207 ; 0.0180475 ; -0.0187872 ; 102.223;
23 ; 8 ; 23 ; -0.0137557 ; 0.0312558 ; -0.008096 ; 102.203;
24 ; 8 ; 23 ; -0.00742658 ; 0.0284564 ; -0.00398879 ; 102.49;
25 ; 8 ; 23 ; -0.0117492 ; 0.0279201 ; -0.00663773 ; 102.185;
26 ; 8 ; 23 ; -0.0197778 ; 0.0211334 ; -0.00840972 ; 102.813;
27 ; 8 ; 23 ; -0.0163938 ; 0.0201974 ; 0.00273942 ; 102.433;
28 ; 8 ; 23 ; -0.0143792 ; 0.0150219 ; -0.00616866 ; 102.836;
29 ; 8 ; 23 ; -0.0208606 ; 0.00497746 ; -0.00418753 ; 102.63;
30 ; 8 ; 23 ; -0.00788738 ; 0.0177278 ; -0.00163456 ; 102.387;
31 ; 8 ; 23 ; -0.0108247 ; 0.0260753 ; 0.00190883 ; 102.292;
32 ; 8 ; 23 ; -0.0101127 ; 0.0192175 ; -0.00996378 ; 102.776;
33 ; 8 ; 23 ; -0.00458102 ; 0.0195741 ; -0.00229914 ; 102.588;
4 ; 9 ; 23 ; -0.00665516 ; 0.0114924 ; -0.000972063 ; 102.765;
5 ; 9 ; 23 ; 0.00830676 ; 0.0355033 ; -0.017051 ; 102.103;
6 ; 9 ; 23 ; 0.0112426 ; 0.0265325 ; 0.000661172 ; 102.41;
7 ; 9 ; 23 ; 0.0130169 ; 0.0212485 ; -0.00576136 ; 102.626;
8 ; 9 ; 23 ; 0.0230039 ; 0.025892 ; 0.00269005 ; 102.359;
9 ; 9 ; 23 ; 0.0212247 ; 0.0234251 ; -0.00516787 ; 102.54;
10 ; 9 ; 23 ; 0.0136463 ; 0.0104091 ; 0.000210189 ; 102.857;
11 ; 9 ; 23 ; 0.0122032 ; 0.0294985 ; 0.0015021 ; 102.403;
12 ; 9 ; 23 ; 0.0217664 ; 0.037522 ; 0.00538195 ; 102.403;
13 ; 9 ; 23 ; 0.00188652 ; 0.0352492 ; -0.00349965 ; 102.278;
14 ; 9 ; 23 ; 0.0122985 ; 0.0292655 ; -0.0128378 ; 102.123;
15 ; 9 ; 23 ; 0.00192082 ; 0.0172512 ; -0.0100663 ; 102.377;
16 ; 9 ; 23 ; -0.00256185 ; 0.0414734 ; 0.00225154 ; 102.446;
17 ; 9 ; 23 ; 0.00119601 ; 0.0222982 ; -0.01086 ; 102.136;
18 ; 9 ; 23 ; 0.0080772 ; 0.0258011 ; -0.00659261 ; 101.829;
19 ; 9 ; 23 ; -0.0105358 ; 0.0221506 ; 0.00943898 ; 101.732;
20 ; 9 ; 23 ; 0.00377948 ; 0.0226707 ; -0.00408796 ; 102.104;
21 ; 9 ; 23 ; -0.00363798 ; 0.0297172 ; -0.000132918 ; 101.897;
22 ; 9 ; 23 ; 0.00517967 ; 0.0294902 ; -0.0227631 ; 102.017;
23 ; 9 ; 23 ; 0.0074632 ; 0.0340788 ; 0.0110902 ; 101.915;
24 ; 9 ; 23 ; -0.0161065 ; 0.0294349 ; -0.00721798 ; 101.935;
25 ; 9 ; 23 ; -0.0227807 ; 0.0200925 ; -0.0106523 ; 102.513;
26 ; 9 ; 23 ; -0.0237311 ; 0.0168083 ; 0.00550326 ; 101.985;
27 ; 9 ; 23 ; -0.0180071 ; 0.0139282 ; 0.000495352 ; 102.684;
28 ; 9 ; 23 ; -0.0314045 ; 0.0241986 ; -0.00575188 ; 102.247;
29 ; 9 ; 23 ; -0.0104794 ; 0.0192735 ; -0.0173117 ; 102.399;
30 ; 9 ; 23 ; -0.0074173 ; 0.0372993 ; -0.00949296 ; 102.31;
31 ; 9 ; 23 ; -0.00606919 ; 0.0212554 ; -0.0118709 ; 102.894;
32 ; 9 ; 23 ; -0.0133062 ; 0.0220088 ; -0.0205718 ; 102.017;
33 ; 9 ; 23 ; 0.00725508 ; -0.000669068 ; -0.00354326 ; 102.279;
4 ; 10 ; 23 ; 0.0114099 ; 0.0112648 ; -0.00722114 ; 102.181;
5 ; 10 ; 23 ; 0.0180841 ; 0.0275333 ; 0.0083846 ; 102.645;
6 ; 10 ; 23 ; 0.0138792 ; 0.023266 ; 0.00023391 ; 102.611;
7 ; 10 ; 23 ; 0.00788371 ; 0.0075852 ; -0.0230449 ; 102.444;
8 ; 10 ; 23 ; 0.0209486 ; 0.0127893 ; 0.00454425 ; 102.545;
9 ; 10 ; 23 ; 0.0298574 ; 0.0171517 ; -0.013069 ; 102.689;
10 ; 10 ; 23 ; 0.00321246 ; 0.0195498 ; -0.00354715 ; 102.539;
11 ; 10 ; 23 ; 0.011873 ; 0.023002 ; -0.00308067 ; 102.675;
12 ; 10 ; 23 ; 0.0122798 ; 0.0283965 ; -0.00225769 ; 101.926;
13 ; 10 ; 23 ; 0.0181701 ; 0.0255182 ; -0.0192901 ; 102.295;
14 ; 10 ; 23 ; 0.00226082 ; 0.0274925 ; -0.0022183 ; 101.981;
15 ; 10 ; 23 ; 0.0113242 ; 0.0279702 ; -0.00135729 ; 102.325;
16 ; 10 ; 23 ; 0.00107075 ; 0.0352057 ; -0.0136049 ; 102.004;
17 ; 10 ; 23 ; 0.00543742 ; 0.032795 ; -0.0121404 ; 102.242;
18 ; 10 ; 23 ; -0.00844373 ; 0.023133 ; -0.00939124 ; 102.117;
19 ; 10 ; 23 ; -0.00506518 ; 0.0277732 ; -0.0109454 ; 101.92;
20 ; 10 ; 23 ; 0.00763 ; 0.0240513 ; -0.00977508 ; 102.272;
21 ; 10 ; 23 ; -0.00100215 ; 0.0277534 ; -0.01915 ; 102.364;
22 ; 10 ; 23 ; -0.0123997 ; 0.0232387 ; -0.00360749 ; 102.225;
23 ; 10 ; 23 ; -0.0173892 ; 0.0228893 ; -0.00686395 ; 102.485;
24 ; 10 ; 23 ; -0.0180602 ; 0.0346983 ; -0.0137414 ; 102.402;
25 ; 10 ; 23 ; -0.012397 ; 0.0158106 ; -0.0073907 ; 102.603;
26 ; 10 ; 23 ; -0.00376112 ; 0.0229758 ; -0.00235987 ; 102.553;
27 ; 10 ; 23 ; -0.0221316 ; 0.0247499 ; -0.00993936 ; 102.663;
28 ; 10 ; 23 ; -0.0232701 ; 0.0256902 ; -0.00392556 ; 102.581;
29 ; 10 ; 23 ; -0.0207123 ; 0.0114941 ; 0.0103816 ; 102.672;
30 ; 10 ; 23 ; -0.028378 ; 0.0016174 ; -0.00304844 ; 102.539;
31 ; 10 ; 23 ; -0.0172676 ; 0.0139744 ; -0.00902329 ; 102.461;
32 ; 10 ; 23 ; -0.0106867 ; 0.0106362 ; -0.00466804 ; 102.718;
33 ; 10 ; 23 ; -0.000290409 ; 0.0236096 ; -0.00944344 ; 102.298;
4 ; 11 ; 23 ; -0.00172503 ; 0.0122646 ; -0.0057773 ; 102.606;
5 ; 11 ; 23 ; 0.00267581 ; 0.0347525 ; -0.0164508 ; 102.492;
6 ; 11 ; 23 ; 0.0170999 ; 0.00925556 ; -0.000770346 ; 102.464;
7 ; 11 ; 23 ; 0.020974 ; 0.0189115 ; -0.00760576 ; 102.528;
8 ; 11 ; 23 ; 0.0267594 ; 0.0205789 ; -0.01039 ; 102.614;
9 ; 11 ; 23 ; 0.00376704 ; 0.0185594 ; -0.0104178 ; 102.08;
10 ; 11 ; 23 ; 0.0153458 ; 0.0198715 ; -0.00846956 ; 102.725;
11 ; 11 ; 23 ; 0.0104034 ; 0.021601 ; -0.0125618 ; 102.121;
12 ; 11 ; 23 ; 0.00194729 ; 0.0122962 ; -0.00841081 ; 102.234;
13 ; 11 ; 23 ; 0.0116725 ; 0.0281407 ; -0.0035232 ; 102.132;
14 ; 11 ; 23 ; 0.00641291 ; 0.0182811 ; -0.000622802 ; 102.329;
15 ; 11 ; 23 ; -0.00259154 ; 0.0252586 ; -0.0108722 ; 102.288;
16 ; 11 ; 23 ; -0.00265847 ; 0.0292655 ; -0.000369152 ; 102.341;
17 ; 11 ; 23 ; -0.00583755 ; 0.0159209 ; -0.016361 ; 102.464;
18 ; 11 ; 23 ; 0.0131706 ; 0.00694258 ; 0.00398514 ; 101.981;
19 ; 11 ; 23 ; 0.0126405 ; 0.0197516 ; -0.00183686 ; 102.047;
20 ; 11 ; 23 ; 0.00444389 ; 0.0249315 ; 0.00263969 ; 102.246;
21 ; 11 ; 23 ; -0.00538188 ; 0.0221682 ; -0.00600467 ; 102.125;
22 ; 11 ; 23 ; -0.00506246 ; 0.0276814 ; -0.00429976 ; 101.978;
23 ; 11 ; 23 ; -0.013023 ; 0.0249467 ; 0.00412256 ; 102.016;
24 ; 11 ; 23 ; -0.00797763 ; 0.0298518 ; -0.0164233 ; 102.122;
25 ; 11 ; 23 ; -0.0136326 ; 0.0100503 ; -0.00490895 ; 102.024;
26 ; 11 ; 23 ; -0.0140075 ; 0.0154232 ; 0.00211223 ; 102.387;
27 ; 11 ; 23 ; -0.0203727 ; 0.0245393 ; -0.0117517 ; 102.667;
28 ; 11 ; 23 ; -0.0115793 ; -0.00031075 ; -0.00475972 ; 102.637;
29 ; 11 ; 23 ; -0.0202106 ; 0.0142996 ; -0.0124008 ; 102.098;
30 ; 11 ; 23 ; -0.0236008 ; -0.00212745 ; 0.00167242 ; 102.962;
31 ; 11 ; 23 ; -0.0269389 ; -0.00174351 ; -0.00208064 ; 102.339;
32 ; 11 ; 23 ; -0.00282017 ; 0.0244734 ; 0.00118878 ; 102.635;
33 ; 11 ; 23 ; -0.00645842 ; 0.0129713 ; 0.00726353 ; 102.468;
4 ; 12 ; 23 ; 0.000794953 ; 0.00835213 ; -0.0117733 ; 102.457;
5 ; 12 ; 23 ; 0.0189668 ; 0.0234093 ; -0.000413568 ; 102.08;
6 ; 12 ; 23 ; 0.0172781 ; 0.018996 ; -0.00329845 ; 102.321;
7 ; 12 ; 23 ; 0.0280949 ; 0.0214743 ; 0.0051017 ; 102.605;
8 ; 12 ; 23 ; 0.0290834 ; 0.01555 ; 0.00344719 ; 102.58;
9 ; 12 ; 23 ; 0.0307302 ; 0.0178849 ; -0.00400943 ; 102.591;
10 ; 12 ; 23 ; 0.0333311 ; 0.0187479 ; 0.00102152 ; 102.375;
11 ; 12 ; 23 ; 0.015807 ; 0.0107659 ; -0.0125344 ; 102.221;
12 ; 12 ; 23 ; 0.0193906 ; 0.0148989 ; -0.000850536 ; 102.061;
13 ; 12 ; 23 ; 0.00824511 ; 0.0145406 ; 0.00254137 ; 102.006;
14 ; 12 ; 23 ; 0.0109636 ; 0.0196721 ; -0.00884722 ; 102.025;
15 ; 12 ; 23 ; 0.00473584 ; 0.0276213 ; -0.00580512 ; 102.12;
16 ; 12 ; 23 ; -0.0138686 ; 0.0177657 ; -0.0166699 ; 102.136;
17 ; 12 ; 23 ; -0.00354461 ; 0.00513362 ; -0.00725902 ; 101.782;
18 ; 12 ; 23 ; 0.0110999 ; 0.00577126 ; -0.00413 ; 101.98;
19 ; 12 ; 23 ; 0.00854276 ; 0.00778995 ; -0.0128607 ; 102.04;
20 ; 12 ; 23 ; 0.00959618 ; 0.0230204 ; -0.0106037 ; 101.804;
21 ; 12 ; 23 ; -0.00861268 ; 0.0207955 ; -0.00171514 ; 101.842;
22 ; 12 ; 23 ; -0.00143894 ; 0.0198862 ; -0.0123808 ; 102.012;
23 ; 12 ; 23 ; -0.00828202 ; 0.0163271 ; -0.0124651 ; 102.282;
24 ; 12 ; 23 ; -0.00473947 ; 0.0226545 ; -0.00976759 ; 102.044;
25 ; 12 ; 23 ; -0.0147064 ; 0.0119157 ; -0.00888509 ; 102.388;
26 ; 12 ; 23 ; -0.0195265 ; 0.0199297 ; -0.00441849 ; 102.426;
27 ; 12 ; 23 ; -0.0266289 ; 0.00590583 ; -0.00838547 ; 102.174;
28 ; 12 ; 23 ; -0.0308894 ; 0.0088991 ; -0.0134861 ; 102.571;
29 ; 12 ; 23 ; -0.024095 ; 0.00873648 ; 0.00158365 ; 102.526;
30 ; 12 ; 23 ; -0.0296774 ; 0.0164128 ; -0.0085976 ; 102.581;
31 ; 12 ; 23 ; -0.0186736 ; 0.00683095 ; -0.00372052 ; 102.545;
32 ; 12 ; 23 ; -0.0064437 ; 0.0111198 ; 0.00907452 ; 102.084;
33 ; 12 ; 23 ; -0.00205218 ; 0.00997223 ; -0.00735538 ; 101.579;
4 ; 13 ; 23 ; -0.00757175 ; 0.0101752 ; -0.0145681 ; 102.419;
5 ; 13 ; 23 ; 0.0172255 ; 0.00319628 ; -0.0088501 ; 102.284;
6 ; 13 ; 23 ; 0.0150031 ; 0.00968652 ; -0.00274721 ; 101.425;
7 ; 13 ; 23 ; 0.0222865 ; 0.00556319 ; -0.00822571 ; 102.601;
8 ; 13 ; 23 ; 0.0265724 ; -0.0031876 ; -0.00308587 ; 102.187;
9 ; 13 ; 23 ; 0.0100749 ; 0.00235036 ; -0.00150751 ; 102.122;
10 ; 13 ; 23 ; 0.0168072 ; 0.00166083 ; -0.00651735 ; 102.149;
11 ; 13 ; 23 ; 0.0196545 ; 0.00816906 ; -0.00566709 ; 102.386;
12 ; 13 ; 23 ; 0.0120984 ; 0.00718397 ; -0.0206667 ; 102.332;
13 ; 13 ; 23 ; 0.00651057 ; 0.00541431 ; -0.00678096 ; 102.296;
14 ; 13 ; 23 ; 0.0237541 ; 0.0258742 ; 0.00453801 ; 101.816;
15 ; 13 ; 23 ; 0.00637572 ; 0.0057319 ; 0.000841547 ; 102.042;
16 ; 13 ; 23 ; -0.00471322 ; 0.00421698 ; -0.00241428 ; 101.889;
17 ; 13 ; 23 ; 0.0157583 ; 0.00925656 ; 0.00647037 ; 101.827;
18 ; 13 ; 23 ; -0.000266014 ; 0.00908774 ; -0.0207184 ; 101.49;
19 ; 13 ; 23 ; -0.0113605 ; 0.0139654 ; -0.00945698 ; 101.83;
20 ; 13 ; 23 ; -0.0199291 ; 0.0124888 ; -0.00327823 ; 102.338;
21 ; 13 ; 23 ; -0.0115609 ; 0.0301356 ; -0.0135644 ; 101.496;
22 ; 13 ; 23 ; 0.00407909 ; 0.0162992 ; -0.00156405 ; 101.864;
23 ; 13 ; 23 ; -0.00598613 ; 0.0102841 ; -0.00530611 ; 101.474;
24 ; 13 ; 23 ; -0.02317 ; 0.0103998 ; -0.00325203 ; 102.093;
25 ; 13 ; 23 ; -0.0369886 ; 0.00674931 ; 0.00451894 ; 101.733;
26 ; 13 ; 23 ; -0.0245662 ; 0.00916729 ; -0.00794887 ; 102.17;
27 ; 13 ; 23 ; -0.0154959 ; 0.00644081 ; -0.00137326 ; 102.685;
28 ; 13 ; 23 ; -0.027445 ; 0.0183732 ; -0.0154441 ; 102.114;
29 ; 13 ; 23 ; -0.0284237 ; 0.00901434 ; -0.000808468 ; 102.567;
30 ; 13 ; 23 ; -0.0184225 ; 0.00351643 ; -0.00250495 ; 102.01;
31 ; 13 ; 23 ; -0.0199238 ; 0.00105577 ; -0.00264132 ; 102.205;
32 ; 13 ; 23 ; -0.016001 ; 0.00645308 ; -0.00112736 ; 102.457;
33 ; 13 ; 23 ; -0.0146301 ; 0.000663584 ; -0.00121994 ; 102.36;
4 ; 14 ; 23 ; 0.00630384 ; 0.00353037 ; -0.00380623 ; 102.003;
5 ; 14 ; 23 ; 0.00502649 ; -0.0015821 ; -0.00126475 ; 101.997;
6 ; 14 ; 23 ; 0.0226258 ; 0.00616351 ; 0.00580544 ; 101.87;
7 ; 14 ; 23 ; 0.0231605 ; -0.00260963 ; -0.00512616 ; 102.151;
8 ; 14 ; 23 ; 0.0227638 ; 0.00493634 ; -0.00119454 ; 102.614;
9 ; 14 ; 23 ; 0.0233347 ; 0.00270893 ; -0.0130127 ; 102.1;
10 ; 14 ; 23 ; 0.0303422 ; 0.0074324 ; -0.00475019 ; 102.038;
11 ; 14 ; 23 ; 0.0204109 ; 0.0116109 ; 0.00383118 ; 102.252;
12 ; 14 ; 23 ; 0.0248868 ; 0.00949729 ; -0.00939856 ; 102.468;
13 ; 14 ; 23 ; 0.0144251 ; 0.00134475 ; -0.0121146 ; 101.829;
14 ; 14 ; 23 ; 0.0158363 ; 0.00408071 ; -0.0146872 ; 102.006;
15 ; 14 ; 23 ; -0.00985793 ; 0.00282437 ; -0.0166704 ; 101.608;
16 ; 14 ; 23 ; -0.00157568 ; 0.0069734 ; -0.0136682 ; 102.089;
17 ; 14 ; 23 ; -0.000227535 ; 0.00960628 ; 0.00843113 ; 101.42;
18 ; 14 ; 23 ; 0.00447239 ; 0.00577656 ; -0.0114732 ; 101.792;
19 ; 14 ; 23 ; -0.0104665 ; 0.00692186 ; -0.0149011 ; 101.67;
20 ; 14 ; 23 ; -0.00972812 ; 0.0045762 ; -0.0165573 ; 101.742;
21 ; 14 ; 23 ; -0.0110432 ; 0.0104534 ; -0.0098224 ; 102.095;
22 ; 14 ; 23 ; -0.0218956 ; 0.000688779 ; -0.0142296 ; 102.135;
23 ; 14 ; 23 ; -0.0110565 ; 0.00135386 ; -0.0109336 ; 101.937;
24 ; 14 ; 23 ; -0.0113321 ; 0.0169249 ; -0.00829771 ; 101.594;
25 ; 14 ; 23 ; -0.0192512 ; 0.00337563 ; -0.00598753 ; 102.291;
26 ; 14 ; 23 ; -0.0260388 ; -0.00787845 ; -0.0167853 ; 102.45;
27 ; 14 ; 23 ; -0.0197007 ; -0.00563607 ; -0.00511879 ; 102.483;
28 ; 14 ; 23 ; -0.0220711 ; -0.000813339 ; 0.00571811 ; 102.385;
29 ; 14 ; 23 ; -0.0181857 ; 0.0132732 ; 0.013291 ; 102.233;
30 ; 14 ; 23 ; -0.0271625 ; 0.00577957 ; -0.00343589 ; 102.532;
31 ; 14 ; 23 ; -0.0163385 ; -0.00204827 ; 0.00975568 ; 102.218;
32 ; 14 ; 23 ; -0.00726655 ; -0.0135466 ; -0.00915196 ; 102.347;
33 ; 14 ; 23 ; 0.000971512 ; 0.00185448 ; -0.00123643 ; 102.201;
4 ; 15 ; 23 ; 0.00185823 ; 0.0151188 ; 0.000684398 ; 101.972;
5 ; 15 ; 23 ; 0.0130019 ; -0.000748333 ; -0.00135839 ; 102.363;
6 ; 15 ; 23 ; 0.0212094 ; 0.0150694 ; -0.00233334 ; 102.011;
7 ; 15 ; 23 ; 0.019008 ; -0.0046927 ; 0.00045224 ; 102.261;
8 ; 15 ; 23 ; 0.0359497 ; 0.00690764 ; 0.00350183 ; 102.388;
9 ; 15 ; 23 ; 0.0255545 ; -0.00953228 ; 0.0101477 ; 102.396;
10 ; 15 ; 23 ; 0.0231019 ; 0.0122632 ; 0.0123163 ; 102.387;
11 ; 15 ; 23 ; 0.0201433 ; 0.0024778 ; -0.00690192 ; 102.042;
12 ; 15 ; 23 ; 0.0150863 ; 0.0141045 ; -0.0115123 ; 101.703;
13 ; 15 ; 23 ; 0.0110381 ; 0.0115695 ; -0.00460968 ; 102.151;
14 ; 15 ; 23 ; 0.010069 ; -0.00354039 ; -0.00596003 ; 102.157;
15 ; 15 ; 23 ; 0.00215366 ; 0.00127136 ; 0.000474765 ; 101.648;
16 ; 15 ; 23 ; 0.00913403 ; 0.0119097 ; -0.0117533 ; 101.605;
17 ; 15 ; 23 ; -0.00219693 ; -0.00271592 ; -0.0105313 ; 101.673;
18 ; 15 ; 23 ; -0.00108309 ; 0.0118512 ; -0.00673063 ; 101.471;
19 ; 15 ; 23 ; 5.14739e-05 ; 0.015354 ; -0.00675523 ; 101.999;
20 ; 15 ; 23 ; 0.00547375 ; 0.00166124 ; -0.0012397 ; 102.142;
21 ; 15 ; 23 ; 0.00558295 ; 0.0112465 ; 0.0112305 ; 101.822;
22 ; 15 ; 23 ; 0.0026683 ; 0.00649416 ; -0.00995558 ; 101.619;
23 ; 15 ; 23 ; -0.00166419 ; 0.00379 ; -0.00562253 ; 102.064;
24 ; 15 ; 23 ; -0.00456723 ; 0.00450407 ; -0.00360765 ; 101.52;
25 ; 15 ; 23 ; -0.030219 ; -0.00475037 ; -0.0171206 ; 102.024;
26 ; 15 ; 23 ; -0.0130947 ; -0.00240622 ; -0.00371536 ; 102.228;
27 ; 15 ; 23 ; -0.0261284 ; -0.000806835 ; -0.00112015 ; 102.018;
28 ; 15 ; 23 ; -0.0241689 ; 0.0126023 ; 0.00403685 ; 102.312;
29 ; 15 ; 23 ; -0.0155082 ; 0.00452715 ; -0.0136399 ; 101.991;
30 ; 15 ; 23 ; -0.0183165 ; 0.0104981 ; 0.00478259 ; 102.205;
31 ; 15 ; 23 ; -0.0129649 ; 0.00106476 ; -0.009102 ; 102.027;
32 ; 15 ; 23 ; -0.0147855 ; -0.00754635 ; -0.019638 ; 102.021;
33 ; 15 ; 23 ; -0.00460159 ; -0.00388724 ; -0.00493399 ; 102.039;
4 ; 16 ; 23 ; 0.0042324 ; -0.00462731 ; 0.00603132 ; 102.011;
5 ; 16 ; 23 ; 0.0158989 ; -0.0085211 ; 0.00260095 ; 101.578;
6 ; 16 ; 23 ; 0.0199982 ; -0.00502172 ; -0.0095638 ; 101.729;
7 ; 16 ; 23 ; 0.0186264 ; -0.00971553 ; -0.0125859 ; 102.487;
8 ; 16 ; 23 ; 0.0201452 ; -0.00749915 ; -0.0102766 ; 101.887;
9 ; 16 ; 23 ; 0.0210665 ; -0.00245895 ; -0.00299345 ; 102.136;
10 ; 16 ; 23 ; 0.0226971 ; 0.00474938 ; -0.00345896 ; 102.095;
11 ; 16 ; 23 ; 0.0253325 ; 2.97125e-05 ; -0.0049995 ; 102.168;
12 ; 16 ; 23 ; 0.0122342 ; 0.0136972 ; -0.0168221 ; 101.734;
13 ; 16 ; 23 ; -0.00447697 ; 0.00396397 ; -0.00277664 ; 101.703;
14 ; 16 ; 23 ; 0.00737442 ; 0.00300771 ; -0.0141207 ; 101.326;
15 ; 16 ; 23 ; 0.00421668 ; -0.00339128 ; -0.00410487 ; 101.52;
16 ; 16 ; 23 ; 0.0063122 ; -0.000157621 ; -0.0188052 ; 101.109;
17 ; 16 ; 23 ; 0.00572227 ; -0.000557491 ; -0.0142031 ; 102.23;
18 ; 16 ; 23 ; 0.0110329 ; -0.00211572 ; -0.0139186 ; 101.831;
19 ; 16 ; 23 ; 0.0082169 ; -0.00248708 ; 0.00445257 ; 102.073;
20 ; 16 ; 23 ; -0.00646677 ; 0.000950537 ; -0.00787326 ; 101.768;
21 ; 16 ; 23 ; -0.0187938 ; 0.00218405 ; 0.0028385 ; 101.758;
22 ; 16 ; 23 ; 0.013082 ; 0.00389823 ; -0.0051366 ; 101.78;
23 ; 16 ; 23 ; -0.00231396 ; 0.00320662 ; -0.012189 ; 101.383;
24 ; 16 ; 23 ; -0.00471069 ; 0.0182315 ; 0.00933175 ; 102.097;
25 ; 16 ; 23 ; -0.0070378 ; -0.0090616 ; -0.00223211 ; 101.733;
26 ; 16 ; 23 ; -0.0159757 ; 0.00204234 ; -0.0104571 ; 102.241;
27 ; 16 ; 23 ; -0.0273051 ; -0.000838055 ; -0.00704361 ; 101.872;
28 ; 16 ; 23 ; -0.0176815 ; -0.0030202 ; -0.0274712 ; 102.005;
29 ; 16 ; 23 ; -0.0147655 ; 0.0143591 ; -0.00657795 ; 102.706;
30 ; 16 ; 23 ; -0.0304138 ; 0.013183 ; -0.00523407 ; 101.539;
31 ; 16 ; 23 ; -0.0263516 ; -0.00585097 ; -0.0167352 ; 102.14;
32 ; 16 ; 23 ; -0.0241196 ; 0.000400679 ; -0.0107821 ; 102.131;
33 ; 16 ; 23 ; -0.00876164 ; -0.00305358 ; -0.0102167 ; 102.001;
4 ; 17 ; 23 ; 0.00965987 ; -0.00666842 ; 0.00318811 ; 102.241;
5 ; 17 ; 23 ; 0.00789496 ; 0.00518086 ; -0.00253718 ; 101.9;
6 ; 17 ; 23 ; 0.0209196 ; -0.000751474 ; -0.0105248 ; 101.686;
7 ; 17 ; 23 ; 0.0137085 ; 0.00804095 ; -0.00615248 ; 102.355;
8 ; 17 ; 23 ; 0.0196353 ; -0.0129085 ; -0.00425395 ; 102.212;
9 ; 17 ; 23 ; 0.016485 ; -0.00662039 ; -0.00130078 ; 101.562;
10 ; 17 ; 23 ; 0.0213628 ; 0.00280315 ; -0.00843774 ; 101.997;
11 ; 17 ; 23 ; 0.0135321 ; 0.0111924 ; -0.00815026 ; 101.753;
12 ; 17 ; 23 ; 0.00896668 ; -0.00892136 ; -0.0133151 ; 101.996;
13 ; 17 ; 23 ; 0.0212931 ; 0.00224597 ; -0.00446697 ; 101.333;
14 ; 17 ; 23 ; 0.00288598 ; 0.0149271 ; 0.0101654 ; 102.485;
15 ; 17 ; 23 ; 0.00268164 ; 0.00276899 ; -0.00900447 ; 101.748;
16 ; 17 ; 23 ; 0.00448214 ; -0.00614775 ; -6.19149e-05 ; 101.625;
17 ; 17 ; 23 ; 0.00287678 ; -0.00379732 ; -0.0111746 ; 101.673;
18 ; 17 ; 23 ; 0.00140509 ; 0.00985496 ; -0.00435086 ; 101.748;
19 ; 17 ; 23 ; -0.0150578 ; 0.0133362 ; -0.0167183 ; 102.192;
20 ; 17 ; 23 ; -0.00800113 ; 0.00664498 ; -0.022954 ; 101.355;
21 ; 17 ; 23 ; -0.0100141 ; 0.00181869 ; 0.00209423 ; 101.613;
22 ; 17 ; 23 ; -0.0133725 ; -0.00395344 ; -0.00933355 ; 101.864;
23 ; 17 ; 23 ; -0.00209705 ; 0.0105119 ; -0.0103047 ; 101.853;
24 ; 17 ; 23 ; -0.00254762 ; -0.00507112 ; 0.0033511 ; 102.101;
25 ; 17 ; 23 ; -0.00724817 ; 0.00230372 ; -0.0149849 ; 102.029;
26 ; 17 ; 23 ; -0.0146483 ; -0.00275524 ; -0.00997916 ; 101.689;
27 ; 17 ; 23 ; -0.0196205 ; -0.000563836 ; -0.0173082 ; 102.326;
28 ; 17 ; 23 ; -0.0229165 ; -0.00426461 ; -0.0040957 ; 101.737;
29 ; 17 ; 23 ; -0.0173473 ; 0.0170996 ; 0.00722743 ; 102.249;
30 ; 17 ; 23 ; -0.0197632 ; 0.00997787 ; -0.00844429 ; 101.939;
31 ; 17 ; 23 ; -0.0225597 ; -0.00915008 ; -0.0151392 ; 102.254;
32 ; 17 ; 23 ; -0.00576644 ; -0.00582815 ; -0.0017761 ; 101.783;
33 ; 17 ; 23 ; -0.00880504 ; 0.00109325 ; -0.00507502 ; 101.816;
4 ; 18 ; 23 ; 0.0087568 ; -0.00374854 ; -0.00527034 ; 101.914;
5 ; 18 ; 23 ; 0.0108561 ; -0.00266573 ; -0.00690239 ; 101.961;
6 ; 18 ; 23 ; 0.00790578 ; 0.0162838 ; -0.00249612 ; 102.031;
7 ; 18 ; 23 ; 0.0350951 ; -0.000989852 ; -0.00128781 ; 102.239;
8 ; 18 ; 23 ; 0.0287903 ; 0.00602553 ; -0.0154059 ; 102.546;
9 ; 18 ; 23 ; 0.0227954 ; -0.00624704 ; -0.0163525 ; 101.534;
10 ; 18 ; 23 ; 0.0245583 ; 0.00469176 ; 0.000385316 ; 102.161;
11 ; 18 ; 23 ; 0.0287589 ; 0.00611659 ; -0.017801 ; 101.874;
12 ; 18 ; 23 ; 0.0150293 ; -0.0088541 ; -0.0226573 ; 101.771;
13 ; 18 ; 23 ; 0.0088188 ; 0.00588122 ; -0.00590452 ; 101.656;
14 ; 18 ; 23 ; 0.0147306 ; 0.00328277 ; 0.00232086 ; 102.162;
15 ; 18 ; 23 ; -0.00324362 ; 0.00485506 ; -0.0108017 ; 101.984;
16 ; 18 ; 23 ; 0.0102415 ; -0.00791943 ; -0.001417 ; 101.444;
17 ; 18 ; 23 ; 0.00378192 ; -0.00239483 ; -0.0112977 ; 101.676;
18 ; 18 ; 23 ; -0.0107327 ; -0.00519896 ; -0.0155413 ; 101.771;
19 ; 18 ; 23 ; -0.00115464 ; 0.0124086 ; 0.000874168 ; 101.458;
20 ; 18 ; 23 ; -0.00603991 ; 0.00179278 ; -0.0152006 ; 102.361;
21 ; 18 ; 23 ; 0.00761424 ; 0.000822668 ; -0.019515 ; 101.554;
22 ; 18 ; 23 ; 0.00310134 ; 0.007354 ; -0.000783427 ; 101.644;
23 ; 18 ; 23 ; -0.000306654 ; -0.00427755 ; -0.0152717 ; 101.778;
24 ; 18 ; 23 ; -0.0163831 ; 0.000349607 ; -0.0116039 ; 101.177;
25 ; 18 ; 23 ; -0.0133424 ; 0.00958884 ; -0.0101272 ; 102.226;
26 ; 18 ; 23 ; -0.0241159 ; 0.0048421 ; -0.00241149 ; 101.983;
27 ; 18 ; 23 ; -0.0422369 ; -0.00686549 ; 0.00099315 ; 101.958;
28 ; 18 ; 23 ; -0.0322438 ; 0.00241732 ; -0.0120793 ; 102.021;
29 ; 18 ; 23 ; -0.0186904 ; 0.00997498 ; -0.00598316 ; 101.862;
30 ; 18 ; 23 ; -0.0184318 ; 0.00424864 ; 0.00794233 ; 102.04;
31 ; 18 ; 23 ; -0.00977707 ; -0.0125449 ; -0.00113945 ; 102.114;
32 ; 18 ; 23 ; -0.0205732 ; -0.00146573 ; -0.00662203 ; 102.4;
33 ; 18 ; 23 ; -0.0029691 ; -0.00468809 ; -0.00276149 ; 101.747;
4 ; 19 ; 23 ; 0.00600509 ; 0.00227551 ; 0.00668699 ; 102.025;
5 ; 19 ; 23 ; 0.0192351 ; 0.0081328 ; -0.00833156 ; 102.036;
6 ; 19 ; 23 ; 0.0233974 ; 0.0060848 ; -0.0137025 ; 102.398;
7 ; 19 ; 23 ; 0.0266851 ; -0.000749601 ; 0.00368943 ; 102.328;
8 ; 19 ; 23 ; 0.0234577 ; 0.0106935 ; -0.00332209 ; 101.869;
9 ; 19 ; 23 ; 0.0320018 ; 0.00702337 ; -0.00336052 ; 102.122;
10 ; 19 ; 23 ; 0.0255646 ; -0.01898 ; 0.00195565 ; 101.704;
11 ; 19 ; 23 ; 0.0431764 ; -0.0112186 ; -0.0136896 ; 101.976;
12 ; 19 ; 23 ; 0.019997 ; -0.00730404 ; -0.028032 ; 101.638;
13 ; 19 ; 23 ; 0.0143453 ; -0.00998841 ; -0.00236892 ; 101.856;
14 ; 19 ; 23 ; 0.0139215 ; -0.00343123 ; -0.00832015 ; 101.456;
15 ; 19 ; 23 ; 0.00884067 ; -0.000434729 ; -0.011096 ; 101.324;
16 ; 19 ; 23 ; 0.00737052 ; 0.00144956 ; -0.00631537 ; 101.759;
17 ; 19 ; 23 ; -0.000189058 ; -0.00669399 ; -0.00905107 ; 101.567;
18 ; 19 ; 23 ; -0.00153747 ; -0.00575159 ; -0.00400213 ; 101.221;
19 ; 19 ; 23 ; -0.00496861 ; -0.0161482 ; -0.0127952 ; 101.287;
20 ; 19 ; 23 ; -0.00708315 ; 0.00104064 ; -0.00632795 ; 101.75;
21 ; 19 ; 23 ; 0.00137483 ; -0.0134736 ; 0.000967902 ; 102.066;
22 ; 19 ; 23 ; -0.0029874 ; 0.00174148 ; 0.00143085 ; 101.889;
23 ; 19 ; 23 ; -0.0162113 ; -0.00852955 ; -0.00228968 ; 101.182;
24 ; 19 ; 23 ; -0.0193774 ; 0.0106102 ; -0.015954 ; 102.376;
25 ; 19 ; 23 ; -0.0172878 ; -0.000450776 ; -0.0117337 ; 101.59;
26 ; 19 ; 23 ; -0.0215426 ; 0.006097 ; -0.0177569 ; 101.531;
27 ; 19 ; 23 ; -0.0181123 ; -0.0148917 ; -0.00198546 ; 102.394;
28 ; 19 ; 23 ; -0.0266459 ; 0.0103547 ; -0.000906877 ; 101.674;
29 ; 19 ; 23 ; -0.0298588 ; -0.00124542 ; -0.0112628 ; 102.151;
30 ; 19 ; 23 ; -0.0426752 ; -0.00573772 ; 0.00757553 ; 102.032;
31 ; 19 ; 23 ; -0.0132291 ; 0.0100247 ; -0.0085118 ; 101.905;
32 ; 19 ; 23 ; -0.0156791 ; -0.00673606 ; -0.0078 ; 101.908;
33 ; 19 ; 23 ; -0.0137656 ; -0.00706495 ; 0.00384284 ; 101.868;
4 ; 20 ; 23 ; 0.0151422 ; 0.00219434 ; 0.00902474 ; 102.102;
5 ; 20 ; 23 ; 0.00900192 ; 0.000355683 ; 0.00211489 ; 102.364;
6 ; 20 ; 23 ; 0.0218707 ; -0.0137354 ; -0.0146865 ; 102.104;
7 ; 20 ; 23 ; 0.0267475 ; -0.00518129 ; 0.0108921 ; 101.914;
8 ; 20 ; 23 ; 0.040569 ; 0.00573273 ; -0.0112979 ; 102.289;
9 ; 20 ; 23 ; 0.0313844 ; 0.00819141 ; -0.00795555 ; 102.059;
10 ; 20 ; 23 ; 0.0265472 ; -0.0155974 ; -0.0162679 ; 102.12;
11 ; 20 ; 23 ; 0.026074 ; -0.0169498 ; -0.00781322 ; 101.604;
12 ; 20 ; 23 ; 0.0239488 ; -0.0066803 ; -0.00756657 ; 101.494;
13 ; 20 ; 23 ; 0.00193769 ; -0.00679564 ; -0.00307874 ; 101.941;
14 ; 20 ; 23 ; -0.00109004 ; -0.00569886 ; -0.00611847 ; 101.573;
15 ; 20 ; 23 ; 0.0165569 ; 0.000942904 ; -0.00548165 ; 101.343;
16 ; 20 ; 23 ; 0.0147338 ; 0.00248865 ; -0.0208272 ; 101.595;
17 ; 20 ; 23 ; 0.0171782 ; -0.0178047 ; -0.0143145 ; 101.501;
18 ; 20 ; 23 ; -0.00223119 ; -0.00929382 ; -0.00936102 ; 101.77;
19 ; 20 ; 23 ; -0.000415904 ; -0.00795756 ; -0.0141708 ; 101.507;
20 ; 20 ; 23 ; 0.0190314 ; 0.00636543 ; -0.0045654 ; 101.887;
21 ; 20 ; 23 ; 0.00483498 ; -0.0151381 ; 0.00516985 ; 101.678;
22 ; 20 ; 23 ; -0.0107048 ; 0.000273908 ; -0.00425053 ; 101.364;
23 ; 20 ; 23 ; -0.0158524 ; -0.00897648 ; -0.0242594 ; 101.921;
24 ; 20 ; 23 ; -0.0224053 ; 0.00562214 ; -0.0145781 ; 101.82;
25 ; 20 ; 23 ; -0.0143221 ; -0.00912143 ; -0.0105003 ; 102.138;
26 ; 20 ; 23 ; -0.0141562 ; -0.00738205 ; -0.00213327 ; 102.476;
27 ; 20 ; 23 ; -0.0210611 ; -0.00373409 ; -0.0114933 ; 102.421;
28 ; 20 ; 23 ; -0.0229015 ; 0.0104747 ; -0.00892893 ; 102.067;
29 ; 20 ; 23 ; -0.0244414 ; -0.00596432 ; 0.00262979 ; 102.718;
30 ; 20 ; 23 ; -0.019911 ; -0.00360152 ; -0.00767399 ; 101.674;
31 ; 20 ; 23 ; -0.0235233 ; 0.00784387 ; -0.00527376 ; 101.928;
32 ; 20 ; 23 ; -0.0104636 ; 0.00507763 ; -0.00663249 ; 102.027;
33 ; 20 ; 23 ; -0.00590978 ; 0.00291921 ; 0.000732566 ; 101.826;
4 ; 21 ; 23 ; 0.00654269 ; -0.000483932 ; -0.000434679 ; 102.229;
5 ; 21 ; 23 ; -0.000895502 ; 0.0238209 ; -0.00778381 ; 102.165;
6 ; 21 ; 23 ; 0.010872 ; 0.00327286 ; -0.00013001 ; 102.032;
7 ; 21 ; 23 ; 0.0180207 ; -0.00689511 ; 0.00285687 ; 102.072;
8 ; 21 ; 23 ; 0.0227556 ; -0.0139054 ; -0.0219627 ; 102.495;
9 ; 21 ; 23 ; 0.0333922 ; -0.0195863 ; -0.0118891 ; 102.426;
10 ; 21 ; 23 ; 0.0216386 ; -0.0106392 ; -0.0104828 ; 102.045;
11 ; 21 ; 23 ; 0.0278701 ; -0.0122025 ; -0.0191351 ; 101.907;
12 ; 21 ; 23 ; 0.010158 ; 0.00623399 ; -0.00795618 ; 101.662;
13 ; 21 ; 23 ; 0.00450695 ; 0.0089252 ; 0.000771452 ; 101.22;
14 ; 21 ; 23 ; 0.0170382 ; 0.00336011 ; -0.0213382 ; 101.528;
15 ; 21 ; 23 ; -0.00260683 ; 0.00210576 ; -0.0100512 ; 101.589;
16 ; 21 ; 23 ; 0.00489114 ; -0.00315348 ; -0.0137926 ; 101.853;
17 ; 21 ; 23 ; 0.00392139 ; -0.00443691 ; -0.00884689 ; 102.02;
18 ; 21 ; 23 ; -0.00434557 ; -0.00878786 ; -0.00805101 ; 101.243;
19 ; 21 ; 23 ; 0.00473745 ; -0.000592779 ; -0.0121745 ; 101.988;
20 ; 21 ; 23 ; 0.00144375 ; 0.00837424 ; -0.00233206 ; 101.569;
21 ; 21 ; 23 ; -0.00841584 ; -0.0119791 ; 0.00867512 ; 102.093;
22 ; 21 ; 23 ; -0.0168564 ; -0.0111621 ; -0.00177231 ; 102.06;
23 ; 21 ; 23 ; -0.014875 ; 0.0160156 ; -0.00794877 ; 101.556;
24 ; 21 ; 23 ; -0.0155306 ; -0.00322295 ; -0.00786895 ; 101.984;
25 ; 21 ; 23 ; -0.0248046 ; -0.00524265 ; -0.0187788 ; 101.751;
26 ; 21 ; 23 ; -0.0117683 ; 0.00652909 ; -0.00568528 ; 101.892;
27 ; 21 ; 23 ; -0.0171039 ; -0.0119041 ; -0.0138115 ; 102.258;
28 ; 21 ; 23 ; -0.0288559 ; -0.000629967 ; -0.00326748 ; 102.131;
29 ; 21 ; 23 ; -0.0260133 ; -0.0134879 ; -0.00449108 ; 102.387;
30 ; 21 ; 23 ; -0.0145994 ; -0.00985148 ; 0.00672254 ; 102.063;
31 ; 21 ; 23 ; -0.00914911 ; -0.00547207 ; 0.00114844 ; 102.399;
32 ; 21 ; 23 ; -0.00905363 ; -0.00818753 ; -0.00868495 ; 101.434;
33 ; 21 ; 23 ; 0.0018363 ; -0.00424082 ; -0.0105279 ; 102.642;
4 ; 22 ; 23 ; 0.0135612 ; 0.00771894 ; 0.000525158 ; 101.873;
5 ; 22 ; 23 ; 0.0147145 ; -0.0114519 ; 0.0197374 ; 101.989;
6 ; 22 ; 23 ; 0.00878458 ; 0.00401359 ; -0.00702162 ; 102.192;
7 ; 22 ; 23 ; 0.0243383 ; -0.00151943 ; -0.013492 ; 102.266;
8 ; 22 ; 23 ; 0.0309821 ; -0.0026889 ; 0.00330919 ; 102.623;
9 ; 22 ; 23 ; 0.0156353 ; -0.00330381 ; 0.0133001 ; 101.939;
10 ; 22 ; 23 ; 0.0315741 ; -0.00453579 ; -0.000858208 ; 102.385;
11 ; 22 ; 23 ; 0.027483 ; -0.00436458 ; -0.0160439 ; 101.904;
12 ; 22 ; 23 ; 0.0160139 ; 0.00166287 ; -0.0166882 ; 101.995;
13 ; 22 ; 23 ; 0.00888339 ; -0.00140601 ; -0.0157879 ; 101.984;
14 ; 22 ; 23 ; 0.000634584 ; -0.00217199 ; -0.00718458 ; 102.314;
15 ; 22 ; 23 ; -0.00795304 ; -0.0141024 ; -0.00599343 ; 101.49;
16 ; 22 ; 23 ; 0.00382968 ; 0.00291912 ; 0.00243523 ; 101.997;
17 ; 22 ; 23 ; 8.2275e-05 ; -0.013514 ; -0.0100189 ; 101.301;
18 ; 22 ; 23 ; -0.0113644 ; 0.00217513 ; -0.00629857 ; 101.93;
19 ; 22 ; 23 ; -0.0108712 ; -0.0114903 ; -0.0141512 ; 102.053;
20 ; 22 ; 23 ; 0.00293607 ; -0.0103019 ; 0.00234661 ; 101.966;
21 ; 22 ; 23 ; -0.000985661 ; -0.00835298 ; -0.00261309 ; 101.76;
22 ; 22 ; 23 ; -0.00166916 ; -0.00925417 ; -0.00595079 ; 101.316;
23 ; 22 ; 23 ; 0.00323482 ; 0.00285238 ; -3.04859e-06 ; 101.88;
24 ; 22 ; 23 ; -0.00684757 ; 0.000416218 ; -0.000777441 ; 101.426;
25 ; 22 ; 23 ; -0.0228034 ; -0.0148597 ; -0.00252566 ; 101.586;
26 ; 22 ; 23 ; -0.0184666 ; 0.00549879 ; -0.00906711 ; 102.551;
27 ; 22 ; 23 ; -0.0147413 ; -0.00810272 ; 0.00236184 ; 102.248;
28 ; 22 ; 23 ; -0.0158175 ; -0.0108359 ; 0.000587587 ; 102.282;
29 ; 22 ; 23 ; -0.0241763 ; 0.00374634 ; -0.00322631 ; 102.298;
30 ; 22 ; 23 ; -0.0224226 ; -0.0104639 ; -0.00832925 ; 102.762;
31 ; 22 ; 23 ; -0.0144439 ; 0.0017601 ; 0.00426081 ; 102.519;
32 ; 22 ; 23 ; -0.00998126 ; -0.000105585 ; 0.00324035 ; 102.228;
33 ; 22 ; 23 ; -0.0106721 ; 0.0028039 ; -0.00551471 ; 101.992;
4 ; 23 ; 23 ; 0.00931025 ; 0.00510278 ; 0.0058603 ; 101.846;
5 ; 23 ; 23 ; 0.0225597 ; -0.012466 ; -0.0108585 ; 102.16;
6 ; 23 ; 23 ; 0.00207387 ; -0.00996069 ; 0.00899042 ; 101.691;
7 ; 23 ; 23 ; 0.0111933 ; -0.0103913 ; -0.00804417 ; 102.059;
8 ; 23 ; 23 ; 0.0347235 ; -0.0054157 ; -0.0191674 ; 102.249;
9 ; 23 ; 23 ; 0.0238347 ; -0.00956012 ; -0.0097513 ; 102.401;
10 ; 23 ; 23 ; 0.0246648 ; -0.0059282 ; 0.000258399 ; 101.985;
11 ; 23 ; 23 ; 0.0255904 ; 0.001196 ; -0.0160983 ; 101.931;
12 ; 23 ; 23 ; 0.0272629 ; -0.00415402 ; -0.00726842 ; 102.151;
13 ; 23 ; 23 ; 0.0101513 ; -0.00993208 ; -0.00963765 ; 102;
14 ; 23 ; 23 ; 0.0106291 ; -0.00482632 ; -0.00880514 ; 102.21;
15 ; 23 ; 23 ; 0.0193953 ; -0.011158 ; -0.0211447 ; 101.848;
16 ; 23 ; 23 ; -0.00530958 ; -0.0177955 ; 0.00265401 ; 102.096;
17 ; 23 ; 23 ; 0.00152436 ; -0.00752484 ; -0.00154629 ; 101.731;
18 ; 23 ; 23 ; -0.0143278 ; -0.00588217 ; -0.0163084 ; 101.735;
19 ; 23 ; 23 ; 0.00725203 ; -0.017158 ; -0.0128864 ; 102.18;
20 ; 23 ; 23 ; -0.0103173 ; -0.0217045 ; -0.012061 ; 101.871;
21 ; 23 ; 23 ; 0.000398782 ; -0.0112819 ; -0.0150188 ; 102.066;
22 ; 23 ; 23 ; -0.00548045 ; -0.00561348 ; -0.00179472 ; 101.997;
23 ; 23 ; 23 ; 0.00546884 ; -0.0101282 ; -0.0221463 ; 101.934;
24 ; 23 ; 23 ; -0.00440072 ; 0.00140739 ; -0.00681919 ; 101.533;
25 ; 23 ; 23 ; -0.0217784 ; 0.00626735 ; 0.00539718 ; 102.37;
26 ; 23 ; 23 ; -0.0232106 ; 0.000597939 ; -0.0170975 ; 102.645;
27 ; 23 ; 23 ; -0.0124903 ; -0.0112586 ; -0.00774555 ; 102.379;
28 ; 23 ; 23 ; -0.00418465 ; -0.010492 ; -0.00477697 ; 102.035;
29 ; 23 ; 23 ; -0.0200621 ; -0.00839989 ; -0.00301573 ; 102.465;
30 ; 23 ; 23 ; -0.0218534 ; -0.0138473 ; -0.00627141 ; 102.433;
31 ; 23 ; 23 ; -0.0183392 ; -5.27254e-05 ; -0.0088416 ; 102.136;
32 ; 23 ; 23 ; -0.00246195 ; 0.00838506 ; -0.0131854 ; 102.092;
33 ; 23 ; 23 ; -0.00134227 ; 0.00881083 ; -0.000743556 ; 101.864;
4 ; 24 ; 23 ; 0.00940759 ; -0.00724859 ; 0.00290543 ; 102.397;
5 ; 24 ; 23 ; 0.00637254 ; -0.0224758 ; -0.00864435 ; 102.665;
6 ; 24 ; 23 ; 0.0171765 ; -0.0093258 ; -0.0107297 ; 102.238;
7 ; 24 ; 23 ; 0.0249959 ; -0.00528306 ; -0.0149621 ; 102.434;
8 ; 24 ; 23 ; 0.0216331 ; -0.00416048 ; -0.00721498 ; 102.901;
9 ; 24 ; 23 ; 0.0169946 ; -0.00424986 ; 0.00603927 ; 102.542;
10 ; 24 ; 23 ; 0.0271612 ; -0.0111658 ; -0.00866605 ; 102.018;
11 ; 24 ; 23 ; 0.0105623 ; -0.0114467 ; 0.00604636 ; 102.196;
12 ; 24 ; 23 ; 0.01629 ; -0.0166795 ; -0.0108389 ; 102.179;
13 ; 24 ; 23 ; 0.0141549 ; -0.00685231 ; -0.00161093 ; 101.81;
14 ; 24 ; 23 ; 0.0136004 ; -0.0143816 ; 0.00333663 ; 102.08;
15 ; 24 ; 23 ; -0.00194698 ; 0.00749231 ; -0.00257397 ; 101.913;
16 ; 24 ; 23 ; 0.00552975 ; -0.0175325 ; -0.0113592 ; 102.1;
17 ; 24 ; 23 ; 0.00754869 ; -0.00962549 ; -0.0161211 ; 101.355;
18 ; 24 ; 23 ; -0.00111615 ; -0.0223971 ; -0.00400326 ; 102.272;
19 ; 24 ; 23 ; 0.00337582 ; -0.0116339 ; 0.00198224 ; 101.659;
20 ; 24 ; 23 ; 0.00164241 ; -0.0144888 ; -0.0186211 ; 102.029;
21 ; 24 ; 23 ; -0.0107239 ; -0.0269589 ; -0.00966962 ; 102.091;
22 ; 24 ; 23 ; -0.00849316 ; -0.00370797 ; -0.000688853 ; 102.132;
23 ; 24 ; 23 ; -0.0108052 ; -0.0122956 ; -0.00862329 ; 102.152;
24 ; 24 ; 23 ; -0.0202958 ; 0.00469401 ; -0.00133063 ; 102.276;
25 ; 24 ; 23 ; -0.0187731 ; -0.00409478 ; -0.00603717 ; 102.365;
26 ; 24 ; 23 ; -0.0176566 ; -0.022136 ; -0.00760659 ; 101.996;
27 ; 24 ; 23 ; -0.0105725 ; -0.00319002 ; -0.003562 ; 102.883;
28 ; 24 ; 23 ; -0.0373364 ; -0.0101536 ; 0.00404159 ; 102.232;
29 ; 24 ; 23 ; -0.0150053 ; -0.0210682 ; -0.00798967 ; 102.349;
30 ; 24 ; 23 ; -0.0238645 ; -0.000465239 ; 0.0143008 ; 102.847;
31 ; 24 ; 23 ; -0.0151974 ; -0.00701092 ; -0.00442464 ; 102.54;
32 ; 24 ; 23 ; -0.0253128 ; 0.00592274 ; -0.00260042 ; 102.336;
33 ; 24 ; 23 ; -0.00246279 ; -0.00780874 ; -0.000715269 ; 102.199;
4 ; 25 ; 23 ; -0.00653457 ; -0.0101727 ; -0.0183374 ; 102.374;
5 ; 25 ; 23 ; 0.00629899 ; -0.0135893 ; -0.0143351 ; 101.934;
6 ; 25 ; 23 ; 0.0218745 ; -0.000335346 ; -0.00155391 ; 102.002;
7 ; 25 ; 23 ; 0.0216668 ; -0.0160275 ; -0.0103325 ; 102.471;
8 ; 25 ; 23 ; 0.01133 ; -0.0147044 ; -0.00278117 ; 102.743;
9 ; 25 ; 23 ; 0.0135553 ; -0.0136339 ; -0.0127585 ; 102.146;
10 ; 25 ; 23 ; 0.0230078 ; -0.00564927 ; 0.000227573 ; 102.003;
11 ; 25 ; 23 ; 0.0125846 ; -0.00489283 ; -0.00196338 ; 102.39;
12 ; 25 ; 23 ; 0.00910852 ; -0.00751957 ; -0.0116855 ; 101.891;
13 ; 25 ; 23 ; 0.0108676 ; 0.00187066 ; -0.000822521 ; 102.161;
14 ; 25 ; 23 ; 0.00876051 ; -0.0148875 ; -0.00282857 ; 102.34;
15 ; 25 ; 23 ; -0.00461902 ; -0.0185327 ; -0.0200879 ; 101.969;
16 ; 25 ; 23 ; 0.00122391 ; -0.0152264 ; 0.00604772 ; 101.583;
17 ; 25 ; 23 ; 0.00327588 ; -0.00835592 ; -0.014757 ; 101.814;
18 ; 25 ; 23 ; -0.0047972 ; -0.0139398 ; -0.00852759 ; 101.979;
19 ; 25 ; 23 ; -0.00441781 ; -0.0184613 ; -0.0120886 ; 101.916;
20 ; 25 ; 23 ; 0.00178208 ; -0.0119897 ; -0.00706029 ; 102.006;
21 ; 25 ; 23 ; 0.00594943 ; -0.0213525 ; 0.000359577 ; 101.939;
22 ; 25 ; 23 ; 0.00802258 ; -0.0203852 ; -0.0216531 ; 102.25;
23 ; 25 ; 23 ; -0.00863419 ; -0.0103402 ; -0.00344128 ; 102.164;
24 ; 25 ; 23 ; -0.00777274 ; -0.00375627 ; -0.0118024 ; 101.555;
25 ; 25 ; 23 ; -0.00545176 ; -0.00634431 ; -0.00157117 ; 102.35;
26 ; 25 ; 23 ; -0.0158833 ; -0.0126782 ; -0.0148219 ; 102.517;
27 ; 25 ; 23 ; -0.016137 ; -0.0116373 ; -0.00639695 ; 102.296;
28 ; 25 ; 23 ; -0.029174 ; 0.00207586 ; -0.00241549 ; 101.938;
29 ; 25 ; 23 ; -0.0209486 ; -0.00839561 ; -0.00366639 ; 102.434;
30 ; 25 ; 23 ; -0.0101027 ; -0.0106532 ; 0.00394259 ; 102.169;
31 ; 25 ; 23 ; -0.0133505 ; -0.00472947 ; 0.00391251 ; 102.632;
32 ; 25 ; 23 ; -0.00413467 ; -0.018724 ; 0.00286509 ; 102.499;
33 ; 25 ; 23 ; -0.00386461 ; -0.0351722 ; -0.00187042 ; 102.185;
4 ; 26 ; 23 ; 0.00155902 ; -0.00772312 ; -0.0170082 ; 102.228;
5 ; 26 ; 23 ; -0.000642126 ; -0.00296436 ; -0.0103168 ; 102.778;
6 ; 26 ; 23 ; 0.0183219 ; 0.00587023 ; 0.00183535 ; 102.546;
7 ; 26 ; 23 ; 0.0227312 ; -0.0193842 ; -0.00423473 ; 102.635;
8 ; 26 ; 23 ; 0.020393 ; -0.0210811 ; -0.00296855 ; 102.244;
9 ; 26 ; 23 ; 0.0265438 ; -0.00916802 ; -0.015997 ; 102.413;
10 ; 26 ; 23 ; 0.011668 ; -0.0222484 ; -0.0159567 ; 102.576;
11 ; 26 ; 23 ; 0.00867625 ; -0.0191095 ; -0.00196503 ; 102.284;
12 ; 26 ; 23 ; 0.00753084 ; -0.0137331 ; 0.00288331 ; 101.966;
13 ; 26 ; 23 ; 0.00186411 ; -0.0214717 ; -0.0108684 ; 102.228;
14 ; 26 ; 23 ; 0.0034403 ; -0.0225088 ; -0.00901561 ; 102.35;
15 ; 26 ; 23 ; 0.00300519 ; -0.0193058 ; 0.000855051 ; 102.129;
16 ; 26 ; 23 ; 0.00740869 ; -0.0240433 ; 0.0101586 ; 102.167;
17 ; 26 ; 23 ; 0.00531429 ; -0.0340327 ; -0.00852271 ; 101.948;
18 ; 26 ; 23 ; 0.00570307 ; -0.0208843 ; -0.00526099 ; 102.056;
19 ; 26 ; 23 ; 0.0171033 ; -0.0269025 ; -0.0019746 ; 101.888;
20 ; 26 ; 23 ; 0.0148457 ; -0.020002 ; 0.00123214 ; 101.818;
21 ; 26 ; 23 ; 0.0108671 ; -0.0275343 ; -0.0234374 ; 101.951;
22 ; 26 ; 23 ; -0.0124998 ; -0.0288366 ; -0.0246796 ; 102.143;
23 ; 26 ; 23 ; -0.00541657 ; -0.020372 ; -0.00680658 ; 102.184;
24 ; 26 ; 23 ; -0.00570083 ; -0.0187446 ; -0.00822218 ; 102.164;
25 ; 26 ; 23 ; -0.0161438 ; -0.0115489 ; -0.00778825 ; 102.911;
26 ; 26 ; 23 ; -0.0168612 ; -0.0217526 ; -0.0247503 ; 102.844;
27 ; 26 ; 23 ; -0.0272718 ; -0.0213842 ; -0.0164447 ; 102.619;
28 ; 26 ; 23 ; -0.0169123 ; -0.0218674 ; 2.12688e-05 ; 102.665;
29 ; 26 ; 23 ; -0.0213615 ; -0.00842901 ; 0.00762109 ; 102.405;
30 ; 26 ; 23 ; -0.0302281 ; -0.0170349 ; -0.00167223 ; 102.612;
31 ; 26 ; 23 ; -0.0227829 ; -0.0194691 ; -0.00257019 ; 102.96;
32 ; 26 ; 23 ; -0.0159144 ; -0.0160112 ; 0.00871358 ; 102.324;
33 ; 26 ; 23 ; 0.0026496 ; -0.0171597 ; -0.00315631 ; 102.237;
4 ; 27 ; 23 ; 0.00881848 ; -0.0131406 ; -0.00544901 ; 102.513;
5 ; 27 ; 23 ; 0.00413251 ; -0.0150497 ; -0.01287 ; 102.563;
6 ; 27 ; 23 ; 0.0015076 ; -0.00774527 ; -0.0065829 ; 102.691;
7 ; 27 ; 23 ; 0.0173989 ; -0.0207266 ; 0.00584948 ; 102.211;
8 ; 27 ; 23 ; 0.0216513 ; -0.00762044 ; -0.00846922 ; 102.572;
9 ; 27 ; 23 ; 0.00641984 ; -0.015116 ; -0.00549194 ; 102.895;
10 ; 27 ; 23 ; 0.00480435 ; -0.02755 ; -0.00621844 ; 102.775;
11 ; 27 ; 23 ; 0.0255606 ; -0.0197641 ; 0.00328757 ; 101.893;
12 ; 27 ; 23 ; 0.0211311 ; -0.030011 ; -0.00456005 ; 102.639;
13 ; 27 ; 23 ; -0.00054638 ; -0.0183856 ; -0.00330286 ; 102.01;
14 ; 27 ; 23 ; -0.000547698 ; -0.0147004 ; -0.0150699 ; 102.395;
15 ; 27 ; 23 ; -0.00474229 ; -0.0320664 ; -0.0166414 ; 102.387;
16 ; 27 ; 23 ; 0.00377692 ; -0.0168043 ; -0.00522969 ; 102.162;
17 ; 27 ; 23 ; -0.0130843 ; -0.0167508 ; -0.0115944 ; 101.995;
18 ; 27 ; 23 ; 0.00611709 ; -0.0227103 ; 0.00409004 ; 102.291;
19 ; 27 ; 23 ; -0.00401749 ; -0.0189075 ; -0.00682102 ; 102.093;
20 ; 27 ; 23 ; -0.00353795 ; -0.0226198 ; -0.00323328 ; 102.081;
21 ; 27 ; 23 ; 0.00120435 ; -0.0273825 ; -0.00217311 ; 102.123;
22 ; 27 ; 23 ; 0.000118842 ; -0.0351684 ; -0.00749939 ; 101.339;
23 ; 27 ; 23 ; -0.00968954 ; -0.0163609 ; -0.0211711 ; 101.914;
24 ; 27 ; 23 ; -0.0143937 ; -0.0295219 ; -0.007798 ; 102.228;
25 ; 27 ; 23 ; -0.0105979 ; -0.0175433 ; -0.0228209 ; 102.22;
26 ; 27 ; 23 ; -0.0131941 ; -0.0180061 ; -0.00360193 ; 102.701;
27 ; 27 ; 23 ; -0.0186787 ; -0.0307757 ; -0.00955066 ; 102.661;
28 ; 27 ; 23 ; -0.0270982 ; -0.0219883 ; -0.0150552 ; 102.42;
29 ; 27 ; 23 ; -0.00980317 ; -0.0313113 ; -0.0125561 ; 102.348;
30 ; 27 ; 23 ; -0.00332771 ; -0.00949602 ; -0.00900353 ; 102.516;
31 ; 27 ; 23 ; -0.0220495 ; -0.00923742 ; -0.00383036 ; 102.675;
32 ; 27 ; 23 ; -0.00342439 ; -0.0107836 ; -0.0114718 ; 102.63;
33 ; 27 ; 23 ; -0.000687571 ; -0.0119748 ; -0.00381106 ; 102.478;
4 ; 28 ; 23 ; -0.00185552 ; -0.00976719 ; 0.00365771 ; 101.86;
5 ; 28 ; 23 ; 0.000158777 ; -0.0167737 ; -0.022202 ; 102.147;
6 ; 28 ; 23 ; 0.0238422 ; -0.0293806 ; -0.00276082 ; 102.495;
7 ; 28 ; 23 ; 0.0052064 ; -0.0190928 ; 0.00134349 ; 102.675;
8 ; 28 ; 23 ; 0.00657062 ; -0.0189621 ; 0.00674145 ; 102.469;
9 ; 28 ; 23 ; 0.0135005 ; -0.0159383 ; -0.00254975 ; 102.608;
10 ; 28 ; 23 ; 0.00229919 ; -0.0250967 ; -0.00718656 ; 102.527;
11 ; 28 ; 23 ; 0.00801978 ; -0.0153566 ; -0.00470572 ; 102.526;
12 ; 28 ; 23 ; 0.0100748 ; -0.0254496 ; -0.0159975 ; 102.278;
13 ; 28 ; 23 ; -0.00637072 ; -0.02653 ; -0.00294869 ; 102.316;
14 ; 28 ; 23 ; 0.00914703 ; -0.029597 ; -0.00939638 ; 102.567;
15 ; 28 ; 23 ; 0.0100454 ; -0.035026 ; -0.00142643 ; 101.995;
16 ; 28 ; 23 ; -0.0120221 ; -0.0316653 ; -0.00408489 ; 102.117;
17 ; 28 ; 23 ; -0.0128817 ; -0.0298748 ; -0.00348391 ; 102.238;
18 ; 28 ; 23 ; 0.00402349 ; -0.032762 ; 0.000619082 ; 102.092;
19 ; 28 ; 23 ; -0.000564161 ; -0.0158929 ; -0.0138587 ; 102.11;
20 ; 28 ; 23 ; -0.000816225 ; -0.0118267 ; -0.00454879 ; 102.465;
21 ; 28 ; 23 ; -0.00484789 ; -0.0229769 ; -0.00674269 ; 101.919;
22 ; 28 ; 23 ; -0.0062191 ; -0.0314126 ; -0.000253494 ; 102.228;
23 ; 28 ; 23 ; -0.00680068 ; -0.022652 ; -0.0142973 ; 102.59;
24 ; 28 ; 23 ; -0.023361 ; -0.0285891 ; -0.00952404 ; 102.084;
25 ; 28 ; 23 ; -0.0169486 ; -0.0248041 ; -0.00667423 ; 102.786;
26 ; 28 ; 23 ; -0.0148031 ; -0.0257012 ; -0.0012049 ; 102.463;
27 ; 28 ; 23 ; -0.0166156 ; -0.0194957 ; -0.00297667 ; 102.186;
28 ; 28 ; 23 ; -0.00572577 ; -0.0189227 ; 0.00363097 ; 102.606;
29 ; 28 ; 23 ; -0.0100579 ; -0.0164306 ; -0.00993509 ; 102.632;
30 ; 28 ; 23 ; -0.00843253 ; -0.0103224 ; 0.000916322 ; 102.699;
31 ; 28 ; 23 ; -0.0133756 ; -0.0226404 ; 0.00933589 ; 102.075;
32 ; 28 ; 23 ; 0.000326684 ; -0.00689572 ; 0.0104807 ; 102.47;
33 ; 28 ; 23 ; -0.00150864 ; -0.0232902 ; 0.000934999 ; 102.3;
4 ; 29 ; 23 ; -0.013794 ; -0.0199247 ; 0.0100352 ; 102.706;
5 ; 29 ; 23 ; 0.00764016 ; -0.0201529 ; 0.0108745 ; 102.548;
6 ; 29 ; 23 ; 0.0164456 ; -0.0220814 ; -0.00691119 ; 102.515;
7 ; 29 ; 23 ; 0.0126768 ; -0.0281193 ; -0.00372852 ; 102.354;
8 ; 29 ; 23 ; 0.0244743 ; -0.00317606 ; -0.0107645 ; 102.709;
9 ; 29 ; 23 ; 0.024034 ; -0.0228825 ; -0.00598721 ; 102.862;
10 ; 29 ; 23 ; 0.0107258 ; -0.0115318 ; -0.0136258 ; 102.588;
11 ; 29 ; 23 ; 0.00927441 ; -0.0109161 ; 7.17651e-05 ; 102.678;
12 ; 29 ; 23 ; 0.00619093 ; -0.0230978 ; -0.0116478 ; 102.668;
13 ; 29 ; 23 ; 0.015326 ; -0.0259446 ; 0.00228414 ; 102.438;
14 ; 29 ; 23 ; 0.00805871 ; -0.0353549 ; 0.00371559 ; 102.445;
15 ; 29 ; 23 ; -0.0122839 ; -0.0379682 ; -0.00478667 ; 102.501;
16 ; 29 ; 23 ; -0.00160805 ; -0.014756 ; -0.0075804 ; 102.383;
17 ; 29 ; 23 ; -0.00419358 ; -0.013853 ; 0.00272051 ; 102.249;
18 ; 29 ; 23 ; -0.0087982 ; -0.0212213 ; -0.00181693 ; 102.561;
19 ; 29 ; 23 ; 0.0085831 ; -0.0345771 ; 0.0117794 ; 102.625;
20 ; 29 ; 23 ; -0.00413878 ; -0.0230041 ; -0.00644244 ; 101.939;
21 ; 29 ; 23 ; -0.00517939 ; -0.0239489 ; -0.0131109 ; 102.331;
22 ; 29 ; 23 ; 0.00852293 ; -0.026282 ; -0.000358237 ; 102.144;
23 ; 29 ; 23 ; -0.0052423 ; -0.0122785 ; -0.00890614 ; 102.147;
24 ; 29 ; 23 ; -0.00384001 ; -0.0287686 ; -0.00218226 ; 102.434;
25 ; 29 ; 23 ; -0.00301801 ; -0.0169816 ; -0.00925028 ; 102.101;
26 ; 29 ; 23 ; -0.0124331 ; -0.0208037 ; 0.00238956 ; 102.596;
27 ; 29 ; 23 ; -0.00768534 ; -0.0110301 ; 0.00311267 ; 102.609;
28 ; 29 ; 23 ; -0.0297868 ; -0.00213001 ; -0.00873276 ; 102.625;
29 ; 29 ; 23 ; -0.0145751 ; -0.0243729 ; -0.000420048 ; 102.893;
30 ; 29 ; 23 ; -0.026247 ; -0.0272174 ; 0.000576229 ; 102.736;
31 ; 29 ; 23 ; -0.00640834 ; -0.0246256 ; -0.00764462 ; 102.478;
32 ; 29 ; 23 ; -0.0146357 ; -0.0309444 ; 0.0043791 ; 102.682;
33 ; 29 ; 23 ; -0.00141941 ; -0.0246307 ; -0.001525 ; 102.618;
4 ; 30 ; 23 ; -0.00681589 ; -0.0207702 ; 0.0078881 ; 102.831;
5 ; 30 ; 23 ; 0.00457822 ; -0.0152683 ; -0.00753788 ; 103.359;
6 ; 30 ; 23 ; 0.0317284 ; -0.0138008 ; 0.00803438 ; 102.67;
7 ; 30 ; 23 ; 0.00326958 ; -0.0231916 ; -0.00468106 ; 102.532;
8 ; 30 ; 23 ; 0.0183408 ; -0.0140352 ; -0.00517869 ; 102.685;
9 ; 30 ; 23 ; 0.0295643 ; -0.0175399 ; 0.012981 ; 102.613;
10 ; 30 ; 23 ; 0.0132793 ; -0.00914958 ; 0.00793159 ; 102.518;
11 ; 30 ; 23 ; 0.0168322 ; -0.0145852 ; -0.00200033 ; 102.422;
12 ; 30 ; 23 ; 0.0179812 ; -0.0194571 ; -0.0180283 ; 102.563;
13 ; 30 ; 23 ; 0.0059127 ; -0.00759548 ; -0.00278931 ; 102.074;
14 ; 30 ; 23 ; 0.00389691 ; -0.0160153 ; 0.00375929 ; 102.264;
15 ; 30 ; 23 ; 0.000307254 ; -0.0328065 ; -0.0190926 ; 102.342;
16 ; 30 ; 23 ; 0.00275941 ; -0.0248097 ; -0.00461838 ; 101.964;
17 ; 30 ; 23 ; 0.00463031 ; -0.00636331 ; 0.000610285 ; 101.985;
18 ; 30 ; 23 ; -0.00377415 ; -0.0326567 ; -0.0118689 ; 101.823;
19 ; 30 ; 23 ; -0.0199599 ; -0.0330874 ; -0.011044 ; 101.976;
20 ; 30 ; 23 ; -0.0206182 ; -0.0301996 ; 0.000306059 ; 102.086;
21 ; 30 ; 23 ; 0.00475874 ; -0.014944 ; -0.0206497 ; 102.174;
22 ; 30 ; 23 ; 0.00319378 ; -0.021993 ; 0.00988858 ; 102.368;
23 ; 30 ; 23 ; -0.0166572 ; -0.0168757 ; -0.00626037 ; 101.792;
24 ; 30 ; 23 ; -0.00114014 ; -0.0103278 ; -0.0186623 ; 102.418;
25 ; 30 ; 23 ; -0.0311354 ; -0.0220747 ; -0.0129137 ; 102.76;
26 ; 30 ; 23 ; -0.0110169 ; -0.0218253 ; -0.00736411 ; 102.527;
27 ; 30 ; 23 ; -0.0111155 ; -0.017093 ; -0.0122544 ; 102.616;
28 ; 30 ; 23 ; -0.0271316 ; -0.0151427 ; -0.0115273 ; 102.427;
29 ; 30 ; 23 ; -0.0271616 ; -0.0142365 ; -0.0118318 ; 102.159;
30 ; 30 ; 23 ; -0.0191076 ; -0.00808736 ; -0.00276936 ; 102.715;
31 ; 30 ; 23 ; -0.00659984 ; -0.0251578 ; -0.00293324 ; 102.603;
32 ; 30 ; 23 ; -0.000518117 ; -0.00364522 ; 0.00176689 ; 102.305;
33 ; 30 ; 23 ; 0.00837628 ; -0.0162988 ; -0.0048956 ; 102.575;
4 ; 31 ; 23 ; 0.000183913 ; -0.020454 ; -0.00877875 ; 102.616;
5 ; 31 ; 23 ; 0.00231887 ; -0.0140912 ; 0.00489525 ; 102.516;
6 ; 31 ; 23 ; 0.0210227 ; -0.0207757 ; -0.00294401 ; 102.401;
7 ; 31 ; 23 ; 0.0116615 ; -0.0117313 ; 0.00433209 ; 102.697;
8 ; 31 ; 23 ; 0.0137103 ; -0.0171397 ; 0.00768791 ; 102.608;
9 ; 31 ; 23 ; 0.00997328 ; -0.0154859 ; -0.00133519 ; 102.644;
10 ; 31 ; 23 ; 0.0170349 ; -0.0145287 ; -0.00856454 ; 102.171;
11 ; 31 ; 23 ; -0.000678497 ; -0.0117359 ; -0.000279674 ; 102.596;
12 ; 31 ; 23 ; -0.00300683 ; -0.0121084 ; -0.0209889 ; 102.308;
13 ; 31 ; 23 ; 0.00898995 ; -0.015297 ; -0.016513 ; 102.265;
14 ; 31 ; 23 ; 0.00217777 ; -0.00987538 ; 0.00223779 ; 102.147;
15 ; 31 ; 23 ; 0.0141546 ; -0.0108446 ; -0.00864468 ; 102.149;
16 ; 31 ; 23 ; 0.00838104 ; -0.016346 ; -0.00271941 ; 102.249;
17 ; 31 ; 23 ; -0.0121476 ; -0.0189442 ; -0.00299277 ; 102.03;
18 ; 31 ; 23 ; 0.0135126 ; -0.0174123 ; -0.00532343 ; 101.618;
19 ; 31 ; 23 ; 0.00267422 ; -0.0268555 ; -0.00246202 ; 102.312;
20 ; 31 ; 23 ; -0.00226367 ; -0.0239444 ; -0.00169464 ; 102.45;
21 ; 31 ; 23 ; 0.0117218 ; -0.0276539 ; -0.0107843 ; 101.372;
22 ; 31 ; 23 ; 0.00504369 ; -0.0258093 ; 0.00577082 ; 102.232;
23 ; 31 ; 23 ; -0.00604688 ; -0.0174865 ; -0.00461287 ; 102.279;
24 ; 31 ; 23 ; -0.0128901 ; -0.0167011 ; -0.00973265 ; 102.294;
25 ; 31 ; 23 ; -0.0142086 ; -0.0205211 ; 0.00392667 ; 102.07;
26 ; 31 ; 23 ; -0.00463704 ; -0.0173659 ; 0.00276336 ; 102.84;
27 ; 31 ; 23 ; -0.0185149 ; -0.0138003 ; 0.00424649 ; 102.658;
28 ; 31 ; 23 ; -0.0230395 ; -0.0183441 ; -0.00774667 ; 102.645;
29 ; 31 ; 23 ; -0.0236708 ; -0.0144474 ; 0.00600576 ; 103.061;
30 ; 31 ; 23 ; -0.0250198 ; -0.00747939 ; -0.00877516 ; 102.525;
31 ; 31 ; 23 ; -0.00713708 ; -0.0163675 ; -0.0282167 ; 102.455;
32 ; 31 ; 23 ; -0.00766876 ; 0.00124622 ; -0.0155042 ; 102.856;
33 ; 31 ; 23 ; -0.00919219 ; -0.0165861 ; -0.0014822 ; 102.196;
4 ; 32 ; 23 ; 0.0108575 ; -0.0189081 ; 0.0057375 ; 102.199;
5 ; 32 ; 23 ; 0.0139262 ; -3.89045e-05 ; 0.00395806 ; 102.328;
6 ; 32 ; 23 ; 0.0260648 ; -0.00225314 ; 0.00266344 ; 102.995;
7 ; 32 ; 23 ; 0.0223938 ; -0.00642584 ; -0.00258519 ; 102.671;
8 ; 32 ; 23 ; 0.0150335 ; -0.0140748 ; -0.00229166 ; 102.429;
9 ; 32 ; 23 ; 0.0198332 ; -0.0180629 ; 0.00730949 ; 102.137;
10 ; 32 ; 23 ; 0.0120614 ; -0.0236559 ; -0.013459 ; 103.019;
11 ; 32 ; 23 ; 0.0163372 ; 0.00377318 ; -0.00147646 ; 102.104;
12 ; 32 ; 23 ; 0.0136802 ; -0.0149301 ; 0.00790649 ; 102.469;
13 ; 32 ; 23 ; 0.0073095 ; -0.0212816 ; -0.00872828 ; 102.172;
14 ; 32 ; 23 ; 0.0108786 ; -0.0177761 ; -0.00912769 ; 102.238;
15 ; 32 ; 23 ; -0.00168242 ; -0.00423478 ; -0.00311545 ; 101.923;
16 ; 32 ; 23 ; -0.00628943 ; -0.0149815 ; -0.0123658 ; 102.056;
17 ; 32 ; 23 ; 0.000204536 ; -0.00213739 ; -0.00831121 ; 102.221;
18 ; 32 ; 23 ; 0.000498157 ; -0.0189008 ; -0.0169155 ; 101.993;
19 ; 32 ; 23 ; -0.0114801 ; -0.0316722 ; -0.0110352 ; 101.769;
20 ; 32 ; 23 ; 0.00570247 ; -0.00277628 ; 5.91353e-05 ; 102.324;
21 ; 32 ; 23 ; 0.000341039 ; -0.0204598 ; 0.00272275 ; 102.47;
22 ; 32 ; 23 ; -0.00672598 ; -0.0158398 ; -0.00610255 ; 102.32;
23 ; 32 ; 23 ; -0.00329813 ; -0.0200272 ; -0.000758277 ; 101.991;
24 ; 32 ; 23 ; -0.0163288 ; -0.0194207 ; 0.00607678 ; 102.321;
25 ; 32 ; 23 ; -0.0237094 ; -0.00951536 ; -0.00793216 ; 102.361;
26 ; 32 ; 23 ; -0.0157793 ; -0.00257329 ; 0.00450496 ; 102.214;
27 ; 32 ; 23 ; -0.0191946 ; -0.0190739 ; -0.000891541 ; 102.234;
28 ; 32 ; 23 ; -0.0265738 ; -0.00179338 ; -0.0084095 ; 102.541;
29 ; 32 ; 23 ; -0.0260477 ; 2.37489e-05 ; -3.61057e-05 ; 102.403;
30 ; 32 ; 23 ; -0.0145549 ; -0.00883317 ; 0.00205226 ; 102.53;
31 ; 32 ; 23 ; -0.0114649 ; -0.0155086 ; -0.00251757 ; 102.41;
32 ; 32 ; 23 ; -0.0220777 ; -0.0122217 ; -0.00542118 ; 102.588;
33 ; 32 ; 23 ; -0.0183328 ; -0.024977 ; 0.00640274 ; 102.888;
4 ; 33 ; 23 ; 0.0043869 ; 0.00106496 ; 0.00735231 ; 102.955;
5 ; 33 ; 23 ; 0.0015731 ; -0.00311138 ; 0.00202897 ; 102.805;
6 ; 33 ; 23 ; 0.0216392 ; 0.00261079 ; 0.00800569 ; 102.69;
7 ; 33 ; 23 ; 0.0106185 ; 0.00729285 ; -0.00814983 ; 102.629;
8 ; 33 ; 23 ; 0.00302074 ; -0.013662 ; 0.00428464 ; 102.504;
9 ; 33 ; 23 ; 0.0156329 ; -0.00412035 ; 0.00742125 ; 102.872;
10 ; 33 ; 23 ; 0.017126 ; 0.000415227 ; -0.0017005 ; 102.348;
11 ; 33 ; 23 ; 0.022818 ; -0.00201397 ; 0.00290873 ; 102.013;
12 ; 33 ; 23 ; 0.0194735 ; -0.0110996 ; -0.00377826 ; 102.188;
13 ; 33 ; 23 ; -0.00455582 ; -0.00285927 ; -0.00944073 ; 102.594;
14 ; 33 ; 23 ; -0.000962763 ; -0.0104668 ; -0.00454843 ; 102.034;
15 ; 33 ; 23 ; 0.00348937 ; 0.0133622 ; -0.00301802 ; 101.891;
16 ; 33 ; 23 ; 0.00115511 ; -0.00929205 ; 0.00322701 ; 102.155;
17 ; 33 ; 23 ; 0.0010541 ; 0.00105461 ; 0.000850554 ; 102.224;
18 ; 33 ; 23 ; 0.00348636 ; -0.00617321 ; -0.011562 ; 102.099;
19 ; 33 ; 23 ; -0.013266 ; -0.0171985 ; -0.00385761 ; 102.136;
20 ; 33 ; 23 ; 0.00471452 ; -0.00936035 ; -0.00219133 ; 102.026;
21 ; 33 ; 23 ; 0.00258774 ; -0.00565761 ; -0.00697423 ; 102.206;
22 ; 33 ; 23 ; 0.00327382 ; -0.00521544 ; -0.00487117 ; 101.947;
23 ; 33 ; 23 ; -0.00952123 ; -0.00583368 ; -0.00177847 ; 102.06;
24 ; 33 ; 23 ; -0.000869316 ; -0.00687785 ; 0.0101498 ; 102.187;
25 ; 33 ; 23 ; -0.0082813 ; -0.00786845 ; -0.00951169 ; 102.067;
26 ; 33 ; 23 ; -0.00795329 ; -0.0109036 ; 0.00338772 ; 101.841;
27 ; 33 ; 23 ; -0.00537008 ; -0.0045309 ; -0.00080843 ; 102.666;
28 ; 33 ; 23 ; -0.0208998 ; 0.00476513 ; -0.00988873 ; 102.472;
29 ; 33 ; 23 ; -0.0144442 ; 0.00254352 ; 0.00236841 ; 102.101;
30 ; 33 ; 23 ; -0.00912321 ; 0.00553786 ; 0.00278197 ; 102.694;
31 ; 33 ; 23 ; -0.0196672 ; -0.00819863 ; -0.00102948 ; 102.263;
32 ; 33 ; 23 ; -0.0117068 ; 0.00329453 ; 0.015423 ; 102.649;
33 ; 33 ; 23 ; -0.0123988 ; -0.00234377 ; 0.000166993 ; 102.379;
4 ; 4 ; 24 ; 0.00886031 ; -0.0113412 ; 0.0157489 ; 102.665;
5 ; 4 ; 24 ; 0.00911382 ; 0.000395165 ; -0.00959547 ; 102.292;
6 ; 4 ; 24 ; 0.00113492 ; 0.00105528 ; -0.0030874 ; 102.96;
7 ; 4 ; 24 ; 0.003575 ; -0.000515411 ; 0.000141695 ; 102.551;
8 ; 4 ; 24 ; 0.0205663 ; 0.00344743 ; 0.00147737 ; 102.244;
9 ; 4 ; 24 ; 0.0181965 ; -0.010504 ; 0.000365349 ; 102.644;
10 ; 4 ; 24 ; 0.0148935 ; 0.00528043 ; -0.00176667 ; 102.68;
11 ; 4 ; 24 ; 0.0121534 ; -0.00229524 ; -0.0104783 ; 102.456;
12 ; 4 ; 24 ; 0.0118234 ; 0.00517019 ; -0.00106381 ; 102.098;
13 ; 4 ; 24 ; -0.000377399 ; -0.00230276 ; 0.00312369 ; 101.735;
14 ; 4 ; 24 ; -0.000903521 ; -0.00568465 ; -0.0120069 ; 102.443;
15 ; 4 ; 24 ; -0.00623795 ; 0.0122296 ; -0.0029977 ; 101.856;
16 ; 4 ; 24 ; -0.00605306 ; -0.00313982 ; -0.0147625 ; 102.241;
17 ; 4 ; 24 ; 0.00498503 ; 0.00897814 ; -0.0057342 ; 102.061;
18 ; 4 ; 24 ; 0.00460138 ; -0.00647988 ; 0.000214027 ; 102.272;
19 ; 4 ; 24 ; -0.000302801 ; 0.00932358 ; -0.00611469 ; 102.066;
20 ; 4 ; 24 ; -0.00543655 ; 0.00731066 ; -0.00896951 ; 102.324;
21 ; 4 ; 24 ; 0.000104708 ; 0.00545087 ; 0.00206123 ; 102.097;
22 ; 4 ; 24 ; 0.00564054 ; 0.00504576 ; -0.00757571 ; 101.986;
23 ; 4 ; 24 ; -0.0197784 ; -0.00976914 ; -0.0230561 ; 102.808;
24 ; 4 ; 24 ; -0.00146682 ; 0.00510461 ; -0.00696931 ; 101.833;
25 ; 4 ; 24 ; -0.00778446 ; -0.00239795 ; -0.0116029 ; 102.456;
26 ; 4 ; 24 ; -0.0163573 ; 0.00670838 ; 0.00864689 ; 102.373;
27 ; 4 ; 24 ; -0.0322729 ; 0.00293084 ; -0.00926798 ; 102.447;
28 ; 4 ; 24 ; -0.0144039 ; -0.0038171 ; -0.00147005 ; 102.632;
29 ; 4 ; 24 ; -0.00726144 ; 0.00658806 ; -0.0116488 ; 102.662;
30 ; 4 ; 24 ; -0.00622265 ; 0.0109725 ; -0.0156019 ; 102.852;
31 ; 4 ; 24 ; -0.00202884 ; 0.00527276 ; 0.00213282 ; 102.677;
32 ; 4 ; 24 ; -0.00798655 ; 0.0169383 ; 0.00399103 ; 102.792;
33 ; 4 ; 24 ; 0.00906701 ; 0.00686788 ; -0.0046565 ; 102.55;
4 ; 5 ; 24 ; 0.0137464 ; 0.00354963 ; 0.00404128 ; 103.011;
5 ; 5 ; 24 ; 0.0205141 ; 0.0137475 ; 0.00061685 ; 102.64;
6 ; 5 ; 24 ; 0.00538556 ; 0.0138506 ; 0.0128866 ; 102.563;
7 ; 5 ; 24 ; 0.0170979 ; 0.00203388 ; 0.00385617 ; 102.576;
8 ; 5 ; 24 ; 0.0145751 ; -0.00145291 ; -0.000377059 ; 102.355;
9 ; 5 ; 24 ; 0.0131206 ; 0.0139607 ; 0.00188144 ; 102.378;
10 ; 5 ; 24 ; 0.0136472 ; 0.00291099 ; 0.00234464 ; 102.867;
11 ; 5 ; 24 ; 0.016644 ; 0.012853 ; -0.00220868 ; 102.391;
12 ; 5 ; 24 ; 0.00854634 ; 0.0119295 ; -0.0073769 ; 102.724;
13 ; 5 ; 24 ; 0.00754813 ; 0.0130093 ; 0.0105916 ; 101.937;
14 ; 5 ; 24 ; -0.00825152 ; 0.00724843 ; -0.00406378 ; 102.138;
15 ; 5 ; 24 ; -0.00382945 ; 0.00998249 ; -0.0052497 ; 102.35;
16 ; 5 ; 24 ; -0.00297255 ; 0.00147781 ; -0.00681284 ; 101.817;
17 ; 5 ; 24 ; -0.000120545 ; 0.0154632 ; -0.0073968 ; 102.25;
18 ; 5 ; 24 ; 0.000576688 ; 0.00266274 ; -0.0135344 ; 102.29;
19 ; 5 ; 24 ; 0.0223855 ; 0.009652 ; -0.011716 ; 102.191;
20 ; 5 ; 24 ; 0.00703342 ; 0.0137993 ; -0.0073449 ; 102.313;
21 ; 5 ; 24 ; 0.00374022 ; 0.00648205 ; -0.00588414 ; 101.849;
22 ; 5 ; 24 ; -0.00967388 ; 0.0034623 ; -0.00755274 ; 101.967;
23 ; 5 ; 24 ; -0.00118878 ; 0.00678863 ; -0.000724013 ; 102.603;
24 ; 5 ; 24 ; -0.00271693 ; 0.002684 ; -0.0152022 ; 102.485;
25 ; 5 ; 24 ; -0.0196054 ; 0.0202843 ; 0.00824439 ; 102.333;
26 ; 5 ; 24 ; -0.0204042 ; 0.0131105 ; -0.00819805 ; 102.625;
27 ; 5 ; 24 ; -0.0187482 ; 0.00720697 ; -0.00415251 ; 102.232;
28 ; 5 ; 24 ; -0.0289482 ; 0.0130553 ; -0.0142896 ; 102.659;
29 ; 5 ; 24 ; -0.0104289 ; 0.0124178 ; 0.00268628 ; 102.839;
30 ; 5 ; 24 ; -0.00861961 ; -0.00141404 ; -0.0132148 ; 102.981;
31 ; 5 ; 24 ; -0.0166192 ; 0.00278623 ; 0.00394936 ; 103.014;
32 ; 5 ; 24 ; -0.0101333 ; 0.0029191 ; -0.005828 ; 102.608;
33 ; 5 ; 24 ; 0.000169686 ; 0.0138862 ; -0.00539552 ; 102.432;
4 ; 6 ; 24 ; -0.00565611 ; -0.00296062 ; -0.00098659 ; 102.624;
5 ; 6 ; 24 ; 0.00447537 ; 0.00965124 ; 0.00577023 ; 102.797;
6 ; 6 ; 24 ; 0.0142546 ; 0.00793726 ; 0.00309595 ; 103.003;
7 ; 6 ; 24 ; 0.0230049 ; 0.0127253 ; -0.00948636 ; 103.029;
8 ; 6 ; 24 ; 0.0141846 ; 0.0170629 ; -0.0140702 ; 102.665;
9 ; 6 ; 24 ; 0.018335 ; 0.0113078 ; 0.00188809 ; 102.253;
10 ; 6 ; 24 ; 0.0182371 ; 0.0116293 ; -0.000849091 ; 102.433;
11 ; 6 ; 24 ; 0.0211505 ; 0.0217875 ; -0.0176639 ; 102.811;
12 ; 6 ; 24 ; 0.0106984 ; 0.0244675 ; 0.00393733 ; 102.407;
13 ; 6 ; 24 ; 0.00838271 ; 0.0198147 ; -0.0109114 ; 101.998;
14 ; 6 ; 24 ; 0.0128956 ; 0.0259576 ; -0.00366378 ; 102.656;
15 ; 6 ; 24 ; -0.00790832 ; 0.0157019 ; -0.00683475 ; 102.155;
16 ; 6 ; 24 ; 0.00338071 ; 0.0177846 ; -0.0132839 ; 102.631;
17 ; 6 ; 24 ; 0.011648 ; 0.0171391 ; -0.00388287 ; 101.846;
18 ; 6 ; 24 ; 0.0142025 ; 0.0118963 ; -0.00911191 ; 102.012;
19 ; 6 ; 24 ; 0.0108799 ; 0.0156711 ; -0.00152146 ; 102.446;
20 ; 6 ; 24 ; -0.0014984 ; 0.032431 ; 0.0143783 ; 102.02;
21 ; 6 ; 24 ; 0.00211303 ; 0.0176629 ; -0.00976541 ; 102.584;
22 ; 6 ; 24 ; -0.00381998 ; 0.0125579 ; -0.000595975 ; 102.224;
23 ; 6 ; 24 ; -0.000316579 ; 0.016393 ; 0.00542865 ; 102.335;
24 ; 6 ; 24 ; 0.0028174 ; 0.0158448 ; 0.00229745 ; 102.264;
25 ; 6 ; 24 ; -0.0050014 ; 0.0259336 ; -0.00968818 ; 102.711;
26 ; 6 ; 24 ; -0.0205659 ; 0.0305417 ; -0.014956 ; 102.203;
27 ; 6 ; 24 ; -0.0210822 ; 0.0117697 ; 0.0068567 ; 102.779;
28 ; 6 ; 24 ; -0.0263912 ; 0.021394 ; -0.00596208 ; 102.251;
29 ; 6 ; 24 ; -0.0195654 ; 0.00249234 ; -0.00133898 ; 103.193;
30 ; 6 ; 24 ; -0.0163468 ; 0.0101015 ; -0.00431416 ; 102.764;
31 ; 6 ; 24 ; -0.0156081 ; -0.000666059 ; 0.00526949 ; 102.712;
32 ; 6 ; 24 ; -0.0116865 ; 0.00823825 ; -0.00845582 ; 102.209;
33 ; 6 ; 24 ; -0.00515793 ; 0.00908025 ; -0.0126634 ; 102.697;
4 ; 7 ; 24 ; 0.00697028 ; 0.0232136 ; -0.00130292 ; 102.908;
5 ; 7 ; 24 ; 0.0189852 ; -0.000193549 ; -0.0199398 ; 102.518;
6 ; 7 ; 24 ; 0.0111964 ; 0.0289279 ; 0.00916044 ; 102.306;
7 ; 7 ; 24 ; 0.0135664 ; 0.00652018 ; -0.00164635 ; 102.805;
8 ; 7 ; 24 ; 0.019188 ; 0.000232117 ; 0.00373263 ; 102.313;
9 ; 7 ; 24 ; 0.013294 ; 0.015759 ; 0.0119675 ; 102.7;
10 ; 7 ; 24 ; 0.0184782 ; 0.0205866 ; -0.0123216 ; 102.971;
11 ; 7 ; 24 ; 0.00846577 ; 0.0242172 ; -0.00618973 ; 102.695;
12 ; 7 ; 24 ; 0.00417745 ; 0.0338488 ; -0.00237198 ; 102.687;
13 ; 7 ; 24 ; 0.00435491 ; 0.0143245 ; -0.0256094 ; 102.589;
14 ; 7 ; 24 ; 0.00467068 ; 0.0196304 ; -0.0116226 ; 102.613;
15 ; 7 ; 24 ; 0.012635 ; 0.0207392 ; -0.00966601 ; 102.461;
16 ; 7 ; 24 ; -0.00585269 ; 0.0175514 ; -0.00686135 ; 102.327;
17 ; 7 ; 24 ; 0.00478092 ; 0.0224452 ; -0.00567287 ; 102.073;
18 ; 7 ; 24 ; -0.000654534 ; 0.0178634 ; -0.00582651 ; 102.445;
19 ; 7 ; 24 ; 0.00744618 ; 0.0220369 ; -0.0114687 ; 102.298;
20 ; 7 ; 24 ; -0.0132539 ; 0.0264359 ; -0.00878228 ; 102.248;
21 ; 7 ; 24 ; -0.0109596 ; 0.0300306 ; -0.00421379 ; 102.479;
22 ; 7 ; 24 ; 0.00817604 ; 0.0219261 ; -0.000983254 ; 101.97;
23 ; 7 ; 24 ; 0.00475148 ; 0.0302014 ; -0.00578069 ; 102.093;
24 ; 7 ; 24 ; -0.00330253 ; 0.022795 ; 0.00899772 ; 102.032;
25 ; 7 ; 24 ; -0.00762248 ; 0.0260458 ; -0.00366346 ; 102.072;
26 ; 7 ; 24 ; -0.0206646 ; 0.03171 ; -0.0157101 ; 102.492;
27 ; 7 ; 24 ; -0.0208933 ; 0.00717736 ; -0.00332273 ; 102.146;
28 ; 7 ; 24 ; -0.0130884 ; 0.0206214 ; -0.0010814 ; 102.828;
29 ; 7 ; 24 ; -0.0175305 ; 0.0128937 ; -0.00853813 ; 102.585;
30 ; 7 ; 24 ; -0.004938 ; 0.0103536 ; -0.0022621 ; 103.035;
31 ; 7 ; 24 ; -0.00244607 ; 0.0189423 ; -0.00325867 ; 102.595;
32 ; 7 ; 24 ; -0.00176596 ; 0.00819183 ; 0.00118127 ; 102.531;
33 ; 7 ; 24 ; -0.00402847 ; 0.00737834 ; 0.00882051 ; 102.774;
4 ; 8 ; 24 ; 0.0100521 ; 0.0222727 ; -0.00885946 ; 102.487;
5 ; 8 ; 24 ; 0.0153878 ; 0.0261192 ; -0.0150847 ; 102.818;
6 ; 8 ; 24 ; 0.0121292 ; 0.0102729 ; -0.0150882 ; 102.384;
7 ; 8 ; 24 ; 0.0176149 ; 0.0145139 ; 0.00692359 ; 102.894;
8 ; 8 ; 24 ; 0.0189905 ; 0.0249379 ; -0.00109748 ; 102.291;
9 ; 8 ; 24 ; 0.0160324 ; 0.0154436 ; 0.0075006 ; 102.9;
10 ; 8 ; 24 ; 0.0110624 ; 0.023016 ; -0.00699072 ; 102.557;
11 ; 8 ; 24 ; 0.0100442 ; 0.0164521 ; 0.00279127 ; 102.436;
12 ; 8 ; 24 ; 0.00946186 ; 0.0249875 ; -0.00881649 ; 102.616;
13 ; 8 ; 24 ; 0.0184688 ; 0.0248108 ; -0.0058054 ; 102.109;
14 ; 8 ; 24 ; 0.0104993 ; 0.0259052 ; -0.00214051 ; 102.133;
15 ; 8 ; 24 ; 0.00237734 ; 0.0273428 ; -0.0128214 ; 102.664;
16 ; 8 ; 24 ; 0.0085394 ; 0.0261721 ; 0.000192674 ; 101.851;
17 ; 8 ; 24 ; 0.000424508 ; 0.0169104 ; -0.00145588 ; 101.876;
18 ; 8 ; 24 ; 0.0112491 ; 0.0207468 ; -0.0134197 ; 102.096;
19 ; 8 ; 24 ; -0.0133879 ; 0.0247499 ; -0.0209093 ; 102.316;
20 ; 8 ; 24 ; 0.000894998 ; 0.0139573 ; -0.000704942 ; 101.904;
21 ; 8 ; 24 ; 0.00983247 ; 0.0247914 ; -0.000316242 ; 102.095;
22 ; 8 ; 24 ; -0.00358165 ; 0.0259219 ; -0.00719733 ; 102.591;
23 ; 8 ; 24 ; -0.00398458 ; 0.025783 ; 0.00174189 ; 102.723;
24 ; 8 ; 24 ; -0.0044702 ; 0.0295986 ; -0.0120098 ; 102.139;
25 ; 8 ; 24 ; -0.017121 ; 0.0214279 ; -0.013205 ; 102.477;
26 ; 8 ; 24 ; -0.022229 ; 0.0235916 ; -0.0208194 ; 102.443;
27 ; 8 ; 24 ; -0.0138526 ; 0.0102705 ; -0.00933037 ; 102.885;
28 ; 8 ; 24 ; -0.0129774 ; 0.0212068 ; -0.0133267 ; 102.76;
29 ; 8 ; 24 ; -0.0137554 ; 0.0109417 ; -0.019858 ; 102.365;
30 ; 8 ; 24 ; -0.0174652 ; 0.00482096 ; 0.000762928 ; 102.787;
31 ; 8 ; 24 ; -0.0142895 ; 0.0136878 ; -0.0109966 ; 102.533;
32 ; 8 ; 24 ; 0.00708027 ; 0.0144797 ; -0.0117795 ; 102.6;
33 ; 8 ; 24 ; 0.0096964 ; 0.018312 ; 0.00440055 ; 102.646;
4 ; 9 ; 24 ; 0.00515348 ; 0.000956847 ; -0.00542302 ; 102.351;
5 ; 9 ; 24 ; 0.00465123 ; 0.0374382 ; 0.00399806 ; 102.563;
6 ; 9 ; 24 ; 0.00853077 ; 0.0267089 ; -0.00811669 ; 102.708;
7 ; 9 ; 24 ; 0.0207324 ; 0.0192414 ; -0.00169856 ; 102.575;
8 ; 9 ; 24 ; 0.0211695 ; 0.0115746 ; 0.00181183 ; 102.779;
9 ; 9 ; 24 ; 0.0166684 ; 0.0208537 ; 0.00154945 ; 102.493;
10 ; 9 ; 24 ; 0.0244107 ; 0.0212989 ; -0.0139903 ; 103.086;
11 ; 9 ; 24 ; 0.0108408 ; 0.0248475 ; -0.0126108 ; 102.503;
12 ; 9 ; 24 ; 0.0166977 ; 0.0238395 ; -0.0131001 ; 102.422;
13 ; 9 ; 24 ; -0.000671091 ; 0.0268319 ; 0.00714001 ; 101.95;
14 ; 9 ; 24 ; -0.00377952 ; 0.0188992 ; 0.000788558 ; 102.505;
15 ; 9 ; 24 ; 7.92221e-05 ; 0.0208624 ; -0.0136242 ; 102.186;
16 ; 9 ; 24 ; -0.00350735 ; 0.03534 ; -0.00774475 ; 102.162;
17 ; 9 ; 24 ; -0.0115652 ; 0.00512028 ; -0.0119924 ; 101.872;
18 ; 9 ; 24 ; 0.00508624 ; 0.0311489 ; -0.0119261 ; 102.466;
19 ; 9 ; 24 ; -0.00618567 ; 0.0215919 ; -0.0155609 ; 102.189;
20 ; 9 ; 24 ; 0.00839678 ; 0.0135896 ; -0.0131559 ; 101.982;
21 ; 9 ; 24 ; -0.0164346 ; 0.0150073 ; -0.0173131 ; 102.137;
22 ; 9 ; 24 ; -0.00232329 ; 0.0167976 ; -0.00802278 ; 102.76;
23 ; 9 ; 24 ; 0.00151002 ; 0.0180636 ; -0.00337069 ; 102.322;
24 ; 9 ; 24 ; -0.0105725 ; 0.0258533 ; -0.0121646 ; 102.239;
25 ; 9 ; 24 ; -0.0185165 ; 0.0226576 ; -0.00640309 ; 102.219;
26 ; 9 ; 24 ; -0.0229221 ; 0.0144219 ; -0.00404433 ; 102.43;
27 ; 9 ; 24 ; -0.0218403 ; 0.0235965 ; -0.013987 ; 102.36;
28 ; 9 ; 24 ; -0.0273607 ; 0.0165846 ; -0.00883342 ; 102.224;
29 ; 9 ; 24 ; -0.0122831 ; 0.00996988 ; -0.0142632 ; 102.681;
30 ; 9 ; 24 ; -0.0225148 ; 0.0102553 ; -0.0110704 ; 102.69;
31 ; 9 ; 24 ; -0.00180066 ; 0.0179044 ; -0.0174091 ; 102.573;
32 ; 9 ; 24 ; -0.000296662 ; 0.023348 ; -0.0117576 ; 102.51;
33 ; 9 ; 24 ; -0.00836413 ; 0.0228399 ; -0.000601546 ; 102.507;
4 ; 10 ; 24 ; 0.0196795 ; 0.02104 ; 0.00519221 ; 102.031;
5 ; 10 ; 24 ; -0.0050728 ; 0.0229329 ; -0.0111546 ; 102.514;
6 ; 10 ; 24 ; 0.00904036 ; 0.000501737 ; -0.0157155 ; 102.669;
7 ; 10 ; 24 ; 0.0230622 ; 0.0193456 ; -0.00931199 ; 102.794;
8 ; 10 ; 24 ; 0.0236513 ; 0.0204389 ; -0.00739871 ; 102.604;
9 ; 10 ; 24 ; 0.012078 ; 0.0198437 ; -0.0223175 ; 102.457;
10 ; 10 ; 24 ; 0.0196318 ; 0.0262881 ; -0.0081242 ; 102.131;
11 ; 10 ; 24 ; 0.0246159 ; 0.0183024 ; -0.00909307 ; 102.41;
12 ; 10 ; 24 ; 0.015853 ; 0.0236788 ; -0.00648005 ; 102.355;
13 ; 10 ; 24 ; 0.00801805 ; 0.03492 ; -0.000429253 ; 102.824;
14 ; 10 ; 24 ; 0.0018603 ; 0.0292426 ; -0.0146341 ; 101.982;
15 ; 10 ; 24 ; 0.0016136 ; 0.0182757 ; -0.0099368 ; 102.113;
16 ; 10 ; 24 ; -0.00112389 ; 0.0245999 ; -0.00962681 ; 102.408;
17 ; 10 ; 24 ; 0.000838398 ; 0.0225211 ; -0.0155641 ; 102.071;
18 ; 10 ; 24 ; 0.00491828 ; 0.0193635 ; -0.0131985 ; 102.204;
19 ; 10 ; 24 ; -0.00402002 ; 0.0289028 ; -0.0167538 ; 101.926;
20 ; 10 ; 24 ; -0.00704735 ; 0.0213396 ; -0.00432221 ; 102.061;
21 ; 10 ; 24 ; -0.00752541 ; 0.0121656 ; -0.00244135 ; 102.116;
22 ; 10 ; 24 ; 0.00652218 ; 0.024858 ; -0.0124072 ; 102.049;
23 ; 10 ; 24 ; -0.00961665 ; 0.0271675 ; -0.0113665 ; 102.329;
24 ; 10 ; 24 ; -0.0217148 ; 0.0194552 ; -0.0172178 ; 102.259;
25 ; 10 ; 24 ; -0.0089489 ; 0.0277031 ; -0.0123778 ; 102.166;
26 ; 10 ; 24 ; -0.0196803 ; 0.0286116 ; 0.00118108 ; 102.523;
27 ; 10 ; 24 ; -0.0165916 ; 0.0153052 ; -0.000172021 ; 102.465;
28 ; 10 ; 24 ; -0.0104689 ; 0.00859236 ; -0.0135637 ; 102.511;
29 ; 10 ; 24 ; -0.0186674 ; 0.0215832 ; -0.00757528 ; 102.433;
30 ; 10 ; 24 ; -0.0292775 ; 0.0188375 ; -0.00279196 ; 102.371;
31 ; 10 ; 24 ; -0.0112482 ; 0.0259161 ; -0.0154941 ; 102.515;
32 ; 10 ; 24 ; -0.00381496 ; 0.0013078 ; 0.000246895 ; 102.535;
33 ; 10 ; 24 ; 0.00702946 ; 0.0114109 ; -0.00524071 ; 102.573;
4 ; 11 ; 24 ; -0.00371277 ; 0.00195987 ; -0.00264787 ; 102.485;
5 ; 11 ; 24 ; 0.0109362 ; 0.0132501 ; -0.00655174 ; 103.069;
6 ; 11 ; 24 ; 0.00616984 ; 0.0167637 ; -0.00131513 ; 102.706;
7 ; 11 ; 24 ; 0.0206568 ; 0.00834902 ; -0.00340504 ; 102.324;
8 ; 11 ; 24 ; 0.0135336 ; 0.0136143 ; 0.00527215 ; 102.426;
9 ; 11 ; 24 ; 0.00260024 ; 0.0115098 ; -0.022216 ; 102.441;
10 ; 11 ; 24 ; 0.0205582 ; 0.00490069 ; -0.00259085 ; 102.648;
11 ; 11 ; 24 ; 0.0228498 ; 0.00805064 ; 0.00240937 ; 102.281;
12 ; 11 ; 24 ; 0.0206617 ; 0.0194386 ; 0.00260201 ; 102.546;
13 ; 11 ; 24 ; 0.00632879 ; 0.0290844 ; -0.00534157 ; 101.81;
14 ; 11 ; 24 ; -0.00218256 ; 0.0353145 ; -0.0109936 ; 102.463;
15 ; 11 ; 24 ; 0.00437512 ; 0.022109 ; -0.0110656 ; 102.079;
16 ; 11 ; 24 ; -0.00115155 ; 0.0180128 ; -0.0253574 ; 101.851;
17 ; 11 ; 24 ; 0.00459111 ; 0.024359 ; -0.021585 ; 102.059;
18 ; 11 ; 24 ; -0.00180503 ; 0.00410701 ; 0.00510611 ; 102.349;
19 ; 11 ; 24 ; 0.00125315 ; 0.00659147 ; 0.00424906 ; 101.747;
20 ; 11 ; 24 ; 0.00404512 ; 0.012675 ; 0.00384118 ; 102.13;
21 ; 11 ; 24 ; 0.00023395 ; 0.0114387 ; -0.00528129 ; 101.804;
22 ; 11 ; 24 ; 0.00666937 ; 0.0299891 ; -0.01034 ; 102.142;
23 ; 11 ; 24 ; 0.00898492 ; 0.0165158 ; -0.0155519 ; 102.181;
24 ; 11 ; 24 ; -0.0111158 ; 0.0207235 ; -0.0174609 ; 102.418;
25 ; 11 ; 24 ; -0.0213592 ; 0.0193064 ; -0.010139 ; 102.274;
26 ; 11 ; 24 ; -0.0200397 ; 0.0325017 ; 0.000803637 ; 102.132;
27 ; 11 ; 24 ; -0.0213742 ; 0.0159865 ; -0.0136768 ; 102.533;
28 ; 11 ; 24 ; -0.0196783 ; 0.0028041 ; -0.00155737 ; 102.421;
29 ; 11 ; 24 ; -0.0133584 ; 0.0233398 ; -0.0123259 ; 102.658;
30 ; 11 ; 24 ; -0.0145924 ; 0.0160284 ; -0.00484646 ; 102.593;
31 ; 11 ; 24 ; -0.00514436 ; 0.00380591 ; -0.00385944 ; 102.497;
32 ; 11 ; 24 ; 0.00997182 ; 0.0157438 ; -0.00946727 ; 102.661;
33 ; 11 ; 24 ; -0.00723295 ; 0.0128311 ; -0.00579663 ; 102.091;
4 ; 12 ; 24 ; 0.00623164 ; 0.00852958 ; 0.00854713 ; 102.418;
5 ; 12 ; 24 ; 0.0102359 ; 0.0169795 ; -0.00451522 ; 102.475;
6 ; 12 ; 24 ; 0.0171157 ; 0.0131227 ; 0.00727639 ; 102.338;
7 ; 12 ; 24 ; 0.0204125 ; 0.00362701 ; -0.00994067 ; 102.632;
8 ; 12 ; 24 ; 0.015148 ; 0.00605272 ; -0.0131527 ; 102.449;
9 ; 12 ; 24 ; 0.0125249 ; 0.0121627 ; 0.0175319 ; 102.737;
10 ; 12 ; 24 ; 0.00455994 ; 0.0128926 ; -0.0107592 ; 102.363;
11 ; 12 ; 24 ; 0.0117927 ; 0.0087084 ; -0.00704757 ; 102.228;
12 ; 12 ; 24 ; 0.011434 ; 0.00165868 ; -0.00927444 ; 102.029;
13 ; 12 ; 24 ; 0.0123322 ; 0.0247486 ; 0.000780219 ; 102.335;
14 ; 12 ; 24 ; -0.00397278 ; 0.0137967 ; -0.00103677 ; 102.076;
15 ; 12 ; 24 ; -0.00483103 ; 0.0175822 ; -0.0150566 ; 102.097;
16 ; 12 ; 24 ; 9.60206e-06 ; 0.00773717 ; -0.00812923 ; 101.696;
17 ; 12 ; 24 ; 0.00776228 ; 0.0154649 ; -0.000713161 ; 101.79;
18 ; 12 ; 24 ; 0.000971751 ; 0.033405 ; -0.00248208 ; 102.159;
19 ; 12 ; 24 ; -0.00244288 ; 0.00246442 ; -0.0193648 ; 102.094;
20 ; 12 ; 24 ; 0.00878606 ; 0.00610938 ; -0.0288911 ; 102.679;
21 ; 12 ; 24 ; 0.000332388 ; 0.0150301 ; -0.00650936 ; 102.583;
22 ; 12 ; 24 ; 0.00679939 ; 0.0106734 ; -0.0104646 ; 101.739;
23 ; 12 ; 24 ; -0.0119122 ; 0.025461 ; -0.00407243 ; 102.155;
24 ; 12 ; 24 ; -0.0121306 ; 0.0162919 ; -0.00381339 ; 102.425;
25 ; 12 ; 24 ; -0.0262789 ; 0.0121659 ; -0.0184141 ; 102.493;
26 ; 12 ; 24 ; -0.0274693 ; 0.0160478 ; -0.00618794 ; 102.51;
27 ; 12 ; 24 ; -0.0342419 ; 0.0178546 ; 0.00183168 ; 102.609;
28 ; 12 ; 24 ; -0.0194802 ; 0.00421907 ; -0.00905089 ; 102.882;
29 ; 12 ; 24 ; -0.00852884 ; 0.00983992 ; -0.00643201 ; 102.186;
30 ; 12 ; 24 ; -0.0200108 ; 0.00733665 ; -0.00315723 ; 102.085;
31 ; 12 ; 24 ; -0.0230345 ; 0.0109512 ; -0.00450005 ; 102.465;
32 ; 12 ; 24 ; -0.0198302 ; 0.00668147 ; -0.0113226 ; 102.451;
33 ; 12 ; 24 ; -0.000405386 ; -0.00773368 ; -0.014977 ; 102.098;
4 ; 13 ; 24 ; -0.00155479 ; 0.00401223 ; -0.0193234 ; 102.267;
5 ; 13 ; 24 ; 0.00544681 ; 0.0197193 ; 0.00727322 ; 102.666;
6 ; 13 ; 24 ; 0.01627 ; 0.0107227 ; -0.0242684 ; 102.176;
7 ; 13 ; 24 ; 0.0138713 ; -0.00339247 ; -9.19855e-05 ; 102.426;
8 ; 13 ; 24 ; 0.0217562 ; 0.0167146 ; -0.00790035 ; 102.019;
9 ; 13 ; 24 ; 0.0170114 ; 0.0238537 ; -0.00802801 ; 102.378;
10 ; 13 ; 24 ; 0.0231619 ; -0.00082283 ; -0.00678831 ; 102.215;
11 ; 13 ; 24 ; 0.018877 ; 0.015006 ; -0.00298802 ; 102.612;
12 ; 13 ; 24 ; 0.0178435 ; 0.00336075 ; -0.00835083 ; 101.808;
13 ; 13 ; 24 ; 0.00823514 ; 0.00193822 ; -0.00856101 ; 102.194;
14 ; 13 ; 24 ; -0.00464901 ; 0.0118646 ; -0.00882669 ; 102.045;
15 ; 13 ; 24 ; -0.00380002 ; 0.014823 ; 0.00209299 ; 101.724;
16 ; 13 ; 24 ; -0.00122165 ; -0.00201383 ; -0.0104424 ; 101.995;
17 ; 13 ; 24 ; -0.00333188 ; 0.00977509 ; -0.0113741 ; 101.818;
18 ; 13 ; 24 ; 0.000333302 ; 0.0054782 ; -0.0227066 ; 101.45;
19 ; 13 ; 24 ; 0.00896195 ; 0.00392569 ; -0.0258882 ; 101.853;
20 ; 13 ; 24 ; -0.00334843 ; 0.00385283 ; -0.0109313 ; 102.072;
21 ; 13 ; 24 ; 0.00778502 ; 0.0141277 ; -0.0170194 ; 101.807;
22 ; 13 ; 24 ; -0.000921276 ; -0.000493714 ; -0.00568425 ; 101.983;
23 ; 13 ; 24 ; -0.0035819 ; 0.0243148 ; -0.0143758 ; 101.775;
24 ; 13 ; 24 ; 0.00161453 ; 0.00895393 ; -0.00819519 ; 101.955;
25 ; 13 ; 24 ; -0.0183549 ; 0.0185571 ; 0.000835743 ; 102.503;
26 ; 13 ; 24 ; -0.0268645 ; 0.00980503 ; -0.00234957 ; 102.099;
27 ; 13 ; 24 ; -0.00991577 ; 0.00534548 ; -0.0093611 ; 102.043;
28 ; 13 ; 24 ; -0.0286979 ; 0.00835525 ; -0.00704094 ; 102.849;
29 ; 13 ; 24 ; -0.0416683 ; 0.0157811 ; -0.00443573 ; 101.951;
30 ; 13 ; 24 ; -0.0329741 ; 0.0021608 ; -0.0123778 ; 102.657;
31 ; 13 ; 24 ; -0.014391 ; 0.00606487 ; -0.00521177 ; 102.059;
32 ; 13 ; 24 ; -0.0208954 ; 0.00580133 ; -0.0142737 ; 102.466;
33 ; 13 ; 24 ; 0.01302 ; -0.00312788 ; 0.00577121 ; 102.696;
4 ; 14 ; 24 ; -0.00674319 ; 0.000269309 ; -0.00167105 ; 102.193;
5 ; 14 ; 24 ; 0.00588151 ; -0.005182 ; -0.0134206 ; 102.531;
6 ; 14 ; 24 ; 0.0200581 ; -0.0032684 ; -0.00489716 ; 102.384;
7 ; 14 ; 24 ; 0.0197253 ; 0.00203328 ; -0.00577464 ; 102.189;
8 ; 14 ; 24 ; 0.015421 ; 0.00687231 ; -0.0196784 ; 102.503;
9 ; 14 ; 24 ; 0.0305334 ; 0.00726175 ; -0.00677442 ; 102.353;
10 ; 14 ; 24 ; 0.0112016 ; 0.0118187 ; -0.00957127 ; 102.684;
11 ; 14 ; 24 ; 0.0128924 ; 0.0115073 ; -0.0190463 ; 101.972;
12 ; 14 ; 24 ; 0.0130413 ; 0.00569212 ; -0.0165889 ; 101.753;
13 ; 14 ; 24 ; 0.0188004 ; -0.00354473 ; -0.00516639 ; 102.079;
14 ; 14 ; 24 ; 0.0047125 ; 0.0126655 ; -0.0153582 ; 101.665;
15 ; 14 ; 24 ; 0.0060782 ; -0.00298927 ; -0.0224565 ; 101.4;
16 ; 14 ; 24 ; 0.000771149 ; 0.0091487 ; -0.00577253 ; 102.2;
17 ; 14 ; 24 ; 0.0117966 ; 0.00314682 ; -0.0224451 ; 102.125;
18 ; 14 ; 24 ; 0.00472153 ; 0.00514953 ; -0.0117545 ; 101.713;
19 ; 14 ; 24 ; 0.00636002 ; 0.00125954 ; -0.00985953 ; 101.965;
20 ; 14 ; 24 ; -0.0178657 ; 0.000286104 ; -0.0239644 ; 101.676;
21 ; 14 ; 24 ; 0.000722953 ; 0.0135813 ; -0.0156689 ; 102.255;
22 ; 14 ; 24 ; -0.00278313 ; 0.00946001 ; -0.0159974 ; 102.166;
23 ; 14 ; 24 ; -0.012057 ; 0.00123232 ; -0.0206222 ; 101.787;
24 ; 14 ; 24 ; -0.0137296 ; 0.00826726 ; -0.0195844 ; 102.227;
25 ; 14 ; 24 ; -0.0072223 ; 0.0154723 ; -0.00792116 ; 102.494;
26 ; 14 ; 24 ; -0.00699753 ; 0.00797892 ; -0.0228331 ; 102.679;
27 ; 14 ; 24 ; -0.0305128 ; 0.021881 ; -0.0114909 ; 102.371;
28 ; 14 ; 24 ; -0.0205304 ; 0.0159547 ; -0.0107847 ; 102.467;
29 ; 14 ; 24 ; -0.023148 ; 0.0157634 ; -0.00727342 ; 102.583;
30 ; 14 ; 24 ; -0.0259292 ; -0.000543017 ; 0.00604548 ; 102.247;
31 ; 14 ; 24 ; -0.0149157 ; 0.0118855 ; -0.0149579 ; 102.18;
32 ; 14 ; 24 ; -0.0116297 ; 0.00965225 ; -0.00701813 ; 102.256;
33 ; 14 ; 24 ; -0.00919189 ; -0.0107973 ; -0.012671 ; 102.455;
4 ; 15 ; 24 ; -0.00450495 ; 0.0109146 ; 0.00330663 ; 102.098;
5 ; 15 ; 24 ; 0.00546306 ; -0.014158 ; -0.0147767 ; 102.071;
6 ; 15 ; 24 ; 0.0102813 ; 0.00295424 ; 0.00432759 ; 102.092;
7 ; 15 ; 24 ; 0.0160652 ; 0.00097772 ; -0.00476101 ; 102.67;
8 ; 15 ; 24 ; 0.0262652 ; 0.00715495 ; -0.0030383 ; 102.231;
9 ; 15 ; 24 ; 0.0105002 ; 0.0127549 ; -0.0149681 ; 102.083;
10 ; 15 ; 24 ; 0.0195393 ; 0.00358333 ; -0.00759307 ; 102.092;
11 ; 15 ; 24 ; 0.0243858 ; -0.0148906 ; -0.00436365 ; 102.12;
12 ; 15 ; 24 ; 0.0256789 ; 0.00357554 ; -0.0168472 ; 101.841;
13 ; 15 ; 24 ; 0.00214723 ; 0.00458451 ; -0.00756036 ; 101.836;
14 ; 15 ; 24 ; -0.00864614 ; -0.00508802 ; -0.021995 ; 101.459;
15 ; 15 ; 24 ; 0.0101524 ; 0.000346892 ; -0.00777541 ; 101.715;
16 ; 15 ; 24 ; -0.00153338 ; -0.000350194 ; 0.00265189 ; 101.654;
17 ; 15 ; 24 ; -0.00644039 ; -0.00589737 ; -0.0137101 ; 101.63;
18 ; 15 ; 24 ; -0.00664939 ; 0.00902207 ; -0.00702195 ; 101.549;
19 ; 15 ; 24 ; -0.0176489 ; -0.0024954 ; -0.0161601 ; 101.825;
20 ; 15 ; 24 ; -0.00506672 ; -0.000690823 ; -0.0147733 ; 101.794;
21 ; 15 ; 24 ; 0.00642935 ; 0.015847 ; -0.00863552 ; 101.47;
22 ; 15 ; 24 ; -0.00330433 ; 0.0128627 ; -0.0150434 ; 101.647;
23 ; 15 ; 24 ; -0.0091539 ; 0.00263076 ; -0.00424353 ; 102.282;
24 ; 15 ; 24 ; -0.0183232 ; 0.00250375 ; -0.0141017 ; 101.705;
25 ; 15 ; 24 ; -0.00695412 ; 0.0125121 ; -0.0164405 ; 102.132;
26 ; 15 ; 24 ; -0.00710784 ; 0.0172269 ; -0.0200903 ; 102.28;
27 ; 15 ; 24 ; -0.0292612 ; 0.00300769 ; -0.0113729 ; 101.891;
28 ; 15 ; 24 ; -0.0252654 ; 0.00128675 ; 0.000457666 ; 101.993;
29 ; 15 ; 24 ; -0.0230398 ; -0.00308354 ; -0.00716873 ; 102.393;
30 ; 15 ; 24 ; -0.0220365 ; 0.000457295 ; -0.00406344 ; 101.747;
31 ; 15 ; 24 ; -0.0218684 ; 0.0035977 ; -0.0107932 ; 102.224;
32 ; 15 ; 24 ; 0.00258862 ; -0.00323852 ; -0.00788215 ; 102.361;
33 ; 15 ; 24 ; -0.00239471 ; 0.000970063 ; -0.00621287 ; 101.638;
4 ; 16 ; 24 ; 0.00416475 ; 0.00351831 ; -0.00625347 ; 102.054;
5 ; 16 ; 24 ; 0.0166369 ; 0.000686406 ; -0.0207482 ; 102.491;
6 ; 16 ; 24 ; 0.00802249 ; 0.010312 ; -0.00936499 ; 101.999;
7 ; 16 ; 24 ; 0.0079458 ; 0.00611047 ; -0.00287936 ; 102.208;
8 ; 16 ; 24 ; 0.0185779 ; 0.00851627 ; -0.0167791 ; 101.722;
9 ; 16 ; 24 ; 0.0191461 ; -0.00301229 ; -0.00970087 ; 101.903;
10 ; 16 ; 24 ; 0.0331086 ; 0.00305886 ; -0.00880015 ; 101.962;
11 ; 16 ; 24 ; 0.0119213 ; -0.0069804 ; -0.0109861 ; 102.872;
12 ; 16 ; 24 ; 0.00384694 ; 0.0119017 ; -0.0138883 ; 102.16;
13 ; 16 ; 24 ; 0.00307877 ; 0.000950563 ; -0.00134088 ; 101.828;
14 ; 16 ; 24 ; 0.0111421 ; 0.00519899 ; -0.0142875 ; 102.121;
15 ; 16 ; 24 ; 0.0172443 ; -0.00272908 ; -0.0237844 ; 101.418;
16 ; 16 ; 24 ; 0.00624799 ; 0.00608256 ; -0.00875054 ; 101.909;
17 ; 16 ; 24 ; -0.014693 ; -0.00756608 ; -0.0166688 ; 101.826;
18 ; 16 ; 24 ; -0.00671707 ; -0.0168511 ; -0.00995137 ; 101.594;
19 ; 16 ; 24 ; 0.0052205 ; 0.00015074 ; 0.00871262 ; 101.853;
20 ; 16 ; 24 ; -0.0103887 ; -0.009125 ; -0.0136041 ; 101.864;
21 ; 16 ; 24 ; -0.0129005 ; 0.00719086 ; -0.000119354 ; 102.148;
22 ; 16 ; 24 ; -0.00895874 ; 0.0172981 ; -0.0100229 ; 101.848;
23 ; 16 ; 24 ; -0.00565284 ; 0.00714489 ; -0.0126198 ; 101.294;
24 ; 16 ; 24 ; -0.0190186 ; -0.000289525 ; -0.0224516 ; 102.143;
25 ; 16 ; 24 ; -0.025428 ; -0.00430578 ; 0.00269504 ; 102.333;
26 ; 16 ; 24 ; -0.0213316 ; 0.0140752 ; -0.0142286 ; 102.05;
27 ; 16 ; 24 ; -0.0126669 ; -0.00269867 ; -0.000342614 ; 102.07;
28 ; 16 ; 24 ; -0.0257296 ; -0.00281959 ; -0.00993925 ; 101.931;
29 ; 16 ; 24 ; -0.0201778 ; -0.000695276 ; -0.00202587 ; 101.782;
30 ; 16 ; 24 ; -0.0177337 ; 0.00534762 ; 0.00448503 ; 102.404;
31 ; 16 ; 24 ; -0.00204634 ; -0.00163217 ; -0.00386401 ; 102.412;
32 ; 16 ; 24 ; -0.0123355 ; -0.00486786 ; -0.00210441 ; 102.199;
33 ; 16 ; 24 ; 0.00233502 ; 0.00033496 ; -0.0185707 ; 102.027;
4 ; 17 ; 24 ; 0.00263476 ; -0.000519414 ; -0.00838125 ; 101.862;
5 ; 17 ; 24 ; 0.0283183 ; 0.0114599 ; -0.00462154 ; 102.136;
6 ; 17 ; 24 ; 0.0242109 ; -0.000931441 ; -0.00653674 ; 102.288;
7 ; 17 ; 24 ; 0.00548836 ; 0.0102156 ; 0.00146413 ; 102.248;
8 ; 17 ; 24 ; 0.0306447 ; 0.00440228 ; -0.00957403 ; 101.688;
9 ; 17 ; 24 ; 0.0171992 ; -0.00194642 ; 0.00467341 ; 102.735;
10 ; 17 ; 24 ; 0.0261597 ; -0.00413713 ; -0.00996159 ; 102.583;
11 ; 17 ; 24 ; 0.0194978 ; -0.00317889 ; -0.017966 ; 102.065;
12 ; 17 ; 24 ; 0.0158392 ; -0.00604401 ; 6.35441e-05 ; 101.658;
13 ; 17 ; 24 ; 0.00474634 ; 0.00373347 ; -0.00547376 ; 101.666;
14 ; 17 ; 24 ; 0.00579532 ; 0.0035789 ; -0.0244616 ; 101.947;
15 ; 17 ; 24 ; 0.0040737 ; 0.0113208 ; -0.02346 ; 101.948;
16 ; 17 ; 24 ; 0.0025046 ; -0.000362934 ; -0.00196166 ; 101.399;
17 ; 17 ; 24 ; -0.0101913 ; -0.0119477 ; -0.019528 ; 101.246;
18 ; 17 ; 24 ; 0.00400315 ; 0.00711175 ; -0.0144855 ; 101.65;
19 ; 17 ; 24 ; -0.00685571 ; 0.0043502 ; -0.0135091 ; 101.751;
20 ; 17 ; 24 ; -0.00681092 ; -0.0110205 ; -0.0147088 ; 101.496;
21 ; 17 ; 24 ; -1.91273e-05 ; -0.00665653 ; -0.0209658 ; 101.679;
22 ; 17 ; 24 ; -0.00622695 ; 0.0106294 ; -0.0185145 ; 101.974;
23 ; 17 ; 24 ; -0.0140186 ; 0.0017225 ; -0.0203551 ; 102.171;
24 ; 17 ; 24 ; -0.0162305 ; 0.00185007 ; -0.00704581 ; 102.44;
25 ; 17 ; 24 ; -0.0152668 ; -0.00833449 ; -0.0135374 ; 101.632;
26 ; 17 ; 24 ; -0.0251363 ; -0.00764067 ; -0.00724303 ; 101.771;
27 ; 17 ; 24 ; -0.0192336 ; -0.00910043 ; -0.0107616 ; 102.278;
28 ; 17 ; 24 ; -0.0362061 ; -0.00288878 ; -0.0170118 ; 101.996;
29 ; 17 ; 24 ; -0.0342208 ; 0.00164812 ; -0.0154163 ; 102.003;
30 ; 17 ; 24 ; -0.0113548 ; -0.00472294 ; -0.00940884 ; 101.942;
31 ; 17 ; 24 ; -0.0120207 ; -3.52368e-05 ; -0.00304808 ; 101.695;
32 ; 17 ; 24 ; -0.00704893 ; -0.0010872 ; -0.00714093 ; 102.429;
33 ; 17 ; 24 ; -0.0174853 ; -0.0123472 ; -0.00848012 ; 101.675;
4 ; 18 ; 24 ; -0.000493535 ; 0.00397774 ; 0.00445478 ; 101.91;
5 ; 18 ; 24 ; -0.000600671 ; -0.00404993 ; -0.00400559 ; 101.924;
6 ; 18 ; 24 ; 0.0226806 ; 0.00845036 ; -0.00607843 ; 102.045;
7 ; 18 ; 24 ; 0.0228911 ; 0.000417041 ; -0.0114017 ; 102.105;
8 ; 18 ; 24 ; 0.0193664 ; -0.00392306 ; -0.00467899 ; 102.14;
9 ; 18 ; 24 ; 0.0257951 ; 0.000969171 ; -0.0173894 ; 102.291;
10 ; 18 ; 24 ; 0.0289582 ; 0.00602905 ; -0.0152954 ; 101.782;
11 ; 18 ; 24 ; 0.0158293 ; -0.00765766 ; -0.01142 ; 101.807;
12 ; 18 ; 24 ; 0.0222895 ; 0.00543735 ; -0.0207691 ; 101.608;
13 ; 18 ; 24 ; 0.0171297 ; 0.0172716 ; -0.011766 ; 101.628;
14 ; 18 ; 24 ; 0.0114079 ; -0.00168986 ; -0.0118085 ; 101.407;
15 ; 18 ; 24 ; 0.0054334 ; 0.0117337 ; -0.0226214 ; 101.627;
16 ; 18 ; 24 ; 0.0005071 ; -0.000216948 ; -0.0153055 ; 101.839;
17 ; 18 ; 24 ; -0.000719686 ; -0.00863287 ; -0.0172062 ; 101.756;
18 ; 18 ; 24 ; -0.0043395 ; -0.00516258 ; -0.0239681 ; 101.673;
19 ; 18 ; 24 ; -0.00448392 ; -0.00535233 ; 0.000191875 ; 101.356;
20 ; 18 ; 24 ; -0.00140258 ; -0.00448351 ; -0.0152981 ; 101.201;
21 ; 18 ; 24 ; -0.0110453 ; -0.00164704 ; -0.0100785 ; 101.677;
22 ; 18 ; 24 ; -0.00580019 ; -0.0128031 ; -0.0232283 ; 102.049;
23 ; 18 ; 24 ; -0.00661348 ; 0.00468656 ; -0.0127208 ; 101.765;
24 ; 18 ; 24 ; -0.0104234 ; 0.00302666 ; -0.0107781 ; 102.419;
25 ; 18 ; 24 ; -0.00912196 ; -0.009093 ; -0.018441 ; 102.194;
26 ; 18 ; 24 ; -0.0259121 ; -0.00830475 ; -0.00113048 ; 102.054;
27 ; 18 ; 24 ; -0.0321081 ; 0.00575859 ; -0.0136918 ; 101.781;
28 ; 18 ; 24 ; -0.0481233 ; 0.0083803 ; -0.0116253 ; 101.906;
29 ; 18 ; 24 ; -0.0420409 ; -0.000834931 ; -0.00798403 ; 102.023;
30 ; 18 ; 24 ; -0.0300296 ; 0.0065025 ; -0.0153834 ; 102.097;
31 ; 18 ; 24 ; -0.0221134 ; 0.0185417 ; -0.00608657 ; 102.297;
32 ; 18 ; 24 ; -0.0204323 ; 0.00820646 ; -0.0136009 ; 102.128;
33 ; 18 ; 24 ; -0.0169863 ; 0.00272677 ; -0.00335753 ; 102.107;
4 ; 19 ; 24 ; 0.0128181 ; 0.00027313 ; 0.00194549 ; 102.42;
5 ; 19 ; 24 ; 0.0143842 ; 0.00808044 ; 0.00531675 ; 102.726;
6 ; 19 ; 24 ; 0.0359544 ; 0.00486432 ; -0.0225697 ; 102.042;
7 ; 19 ; 24 ; 0.0249345 ; 0.000632064 ; -0.0180085 ; 102.439;
8 ; 19 ; 24 ; 0.0335389 ; 0.00319577 ; -0.0186779 ; 102.196;
9 ; 19 ; 24 ; 0.0262214 ; -0.00761328 ; -0.0122654 ; 101.719;
10 ; 19 ; 24 ; 0.0145034 ; 0.00373599 ; -0.0096231 ; 102.14;
11 ; 19 ; 24 ; 0.0200916 ; -0.00296109 ; -0.0068603 ; 101.796;
12 ; 19 ; 24 ; 0.0320985 ; -0.00283442 ; -0.010988 ; 101.722;
13 ; 19 ; 24 ; 0.00362203 ; -0.00783825 ; -0.0054458 ; 101.789;
14 ; 19 ; 24 ; -0.0015439 ; -0.00716987 ; -0.00637356 ; 101.434;
15 ; 19 ; 24 ; -0.0185033 ; -0.00439397 ; -0.0261985 ; 101.74;
16 ; 19 ; 24 ; 0.00917977 ; -0.00296508 ; -0.0130069 ; 101.625;
17 ; 19 ; 24 ; -0.000910777 ; -0.00278158 ; -0.0117948 ; 101.286;
18 ; 19 ; 24 ; 0.00211016 ; -0.0027895 ; -0.0116739 ; 101.77;
19 ; 19 ; 24 ; 0.0131898 ; 0.00400433 ; -0.0142683 ; 101.687;
20 ; 19 ; 24 ; 0.00905108 ; -0.0115208 ; -0.0180563 ; 101.641;
21 ; 19 ; 24 ; 0.00292762 ; 0.00429503 ; -0.00290462 ; 101.688;
22 ; 19 ; 24 ; -0.000917457 ; 0.00527254 ; -0.0209563 ; 102.138;
23 ; 19 ; 24 ; -0.0204127 ; 0.00676431 ; -0.00642401 ; 101.59;
24 ; 19 ; 24 ; -0.0235494 ; 0.00165116 ; -0.00397609 ; 101.739;
25 ; 19 ; 24 ; -0.0325701 ; -0.00571392 ; -0.00553921 ; 101.739;
26 ; 19 ; 24 ; -0.0197816 ; -0.015346 ; -0.0104579 ; 101.646;
27 ; 19 ; 24 ; -0.00381358 ; -0.006072 ; -0.0130755 ; 102.282;
28 ; 19 ; 24 ; -0.0254304 ; -0.00569994 ; -0.0106328 ; 102.03;
29 ; 19 ; 24 ; -0.0353706 ; -0.00147365 ; -0.00864589 ; 102.205;
30 ; 19 ; 24 ; -0.0257166 ; 0.00334845 ; -0.0193191 ; 101.712;
31 ; 19 ; 24 ; -0.0101282 ; 0.00656503 ; -0.0086349 ; 102.281;
32 ; 19 ; 24 ; -0.00507726 ; 0.000194995 ; -0.0191562 ; 101.682;
33 ; 19 ; 24 ; -0.0196638 ; 0.0131632 ; 0.000529986 ; 101.838;
4 ; 20 ; 24 ; 0.00210142 ; 0.00498438 ; 0.000162137 ; 102.319;
5 ; 20 ; 24 ; 0.0171368 ; 0.0211669 ; -0.00242458 ; 102.235;
6 ; 20 ; 24 ; 0.0222636 ; -0.00121971 ; -0.00776192 ; 102.279;
7 ; 20 ; 24 ; 0.0155677 ; -0.000760064 ; -0.00161762 ; 101.668;
8 ; 20 ; 24 ; 0.0308568 ; -0.0116407 ; -0.0132155 ; 102.248;
9 ; 20 ; 24 ; 0.0318028 ; 0.00603177 ; 0.000203233 ; 102.104;
10 ; 20 ; 24 ; 0.0224254 ; 0.00613164 ; -0.00700234 ; 101.894;
11 ; 20 ; 24 ; 0.0220012 ; -0.00699822 ; -0.0153135 ; 102.123;
12 ; 20 ; 24 ; 0.0229086 ; -0.0105062 ; -0.0197642 ; 101.852;
13 ; 20 ; 24 ; 0.00778484 ; -0.00518737 ; -0.020375 ; 102.249;
14 ; 20 ; 24 ; 0.0112651 ; -0.015529 ; -0.0144525 ; 101.665;
15 ; 20 ; 24 ; 0.00861472 ; -0.00245213 ; -0.0131373 ; 101.817;
16 ; 20 ; 24 ; 0.00452938 ; 0.0018248 ; -0.0247272 ; 101.876;
17 ; 20 ; 24 ; 0.00179892 ; -0.00219554 ; -0.0232666 ; 101.192;
18 ; 20 ; 24 ; 0.000781031 ; -0.000928647 ; 0.000900002 ; 101.899;
19 ; 20 ; 24 ; 0.00659136 ; -0.00322034 ; -0.0197474 ; 101.581;
20 ; 20 ; 24 ; -0.00277799 ; 0.00800121 ; -0.00371901 ; 101.004;
21 ; 20 ; 24 ; 0.0051057 ; 0.00130607 ; -0.00854239 ; 101.509;
22 ; 20 ; 24 ; 0.00254132 ; -0.000932266 ; -0.0162949 ; 101.623;
23 ; 20 ; 24 ; -0.00238749 ; -0.00552489 ; -0.0199593 ; 101.719;
24 ; 20 ; 24 ; -0.00850727 ; -0.00974105 ; -0.0176043 ; 102.009;
25 ; 20 ; 24 ; -0.0187021 ; 0.00713584 ; -0.0123772 ; 101.821;
26 ; 20 ; 24 ; -0.0212154 ; -0.00319698 ; -0.0081552 ; 101.861;
27 ; 20 ; 24 ; -0.0101297 ; -0.00377446 ; -0.00838229 ; 102.12;
28 ; 20 ; 24 ; -0.0273837 ; -0.00276338 ; -0.000977016 ; 102.474;
29 ; 20 ; 24 ; -0.0350364 ; 0.00223007 ; -0.0253677 ; 102.454;
30 ; 20 ; 24 ; -0.0326955 ; 0.00598051 ; 0.00371286 ; 102.045;
31 ; 20 ; 24 ; -0.0226853 ; 0.000453895 ; -0.00338652 ; 102.239;
32 ; 20 ; 24 ; -0.0193473 ; -0.000968854 ; -0.0103923 ; 102.41;
33 ; 20 ; 24 ; -0.00508235 ; 0.0196521 ; -0.00478129 ; 101.971;
4 ; 21 ; 24 ; 0.00601598 ; -0.012842 ; 0.00481106 ; 101.731;
5 ; 21 ; 24 ; 0.0189158 ; -0.00247182 ; -0.00449077 ; 102.634;
6 ; 21 ; 24 ; 0.00981921 ; -0.0068631 ; -0.00624786 ; 102.423;
7 ; 21 ; 24 ; 0.0121102 ; 0.0019718 ; -0.00448856 ; 102.379;
8 ; 21 ; 24 ; 0.01981 ; -0.0158985 ; -0.0137467 ; 102.242;
9 ; 21 ; 24 ; 0.0199614 ; -0.00438566 ; -0.00192154 ; 102.335;
10 ; 21 ; 24 ; 0.0341318 ; 0.000897714 ; -0.0104583 ; 101.977;
11 ; 21 ; 24 ; 0.0104833 ; 0.00206047 ; -0.00558666 ; 101.724;
12 ; 21 ; 24 ; 0.0136326 ; 0.000315677 ; -0.0094379 ; 102.013;
13 ; 21 ; 24 ; 0.0107423 ; 0.00262515 ; -0.0244319 ; 101.562;
14 ; 21 ; 24 ; 0.010472 ; 0.00154547 ; -0.00697135 ; 101.883;
15 ; 21 ; 24 ; 0.0021695 ; -0.000759215 ; -0.00479602 ; 102.023;
16 ; 21 ; 24 ; -0.00603799 ; 0.00307394 ; -0.0137965 ; 102.354;
17 ; 21 ; 24 ; 0.0015423 ; 0.0049944 ; -0.00812279 ; 101.699;
18 ; 21 ; 24 ; 0.0122655 ; -0.003619 ; -0.00978314 ; 101.37;
19 ; 21 ; 24 ; 0.00862121 ; 0.0104295 ; 0.000458306 ; 101.271;
20 ; 21 ; 24 ; -0.00118572 ; -0.00568035 ; 0.00510729 ; 101.631;
21 ; 21 ; 24 ; -0.00297444 ; -0.0145421 ; -0.0185638 ; 101.741;
22 ; 21 ; 24 ; -0.0162171 ; -0.000800206 ; -0.00984198 ; 101.441;
23 ; 21 ; 24 ; -0.00536139 ; 0.00496349 ; -0.0016332 ; 101.755;
24 ; 21 ; 24 ; -0.0252235 ; 0.00180775 ; -0.0232701 ; 102.029;
25 ; 21 ; 24 ; -0.0162559 ; -0.00555445 ; -0.00831729 ; 101.932;
26 ; 21 ; 24 ; -0.0203097 ; 0.0057363 ; -0.00165743 ; 102.302;
27 ; 21 ; 24 ; -0.0345732 ; -0.018534 ; -0.0107853 ; 102.308;
28 ; 21 ; 24 ; -0.0312576 ; -0.00808523 ; -0.00604391 ; 102.029;
29 ; 21 ; 24 ; -0.017958 ; -0.00710873 ; -0.0221604 ; 101.746;
30 ; 21 ; 24 ; 0.000782644 ; 0.000472435 ; 0.00633486 ; 102.738;
31 ; 21 ; 24 ; -0.0162484 ; 0.00176535 ; -0.000359145 ; 101.545;
32 ; 21 ; 24 ; -0.0107335 ; 0.00617857 ; -0.00791155 ; 102.003;
33 ; 21 ; 24 ; -0.0104517 ; 0.0010857 ; -0.0103427 ; 101.954;
4 ; 22 ; 24 ; 0.00239181 ; -0.0147321 ; -0.00278558 ; 102.676;
5 ; 22 ; 24 ; 0.0206884 ; -0.00909953 ; -0.00350208 ; 102.098;
6 ; 22 ; 24 ; 0.0173786 ; -0.00733128 ; -0.00693374 ; 101.857;
7 ; 22 ; 24 ; 0.0059299 ; 0.0166702 ; 0.00337794 ; 102.111;
8 ; 22 ; 24 ; 0.0300272 ; 0.00456388 ; -0.00495815 ; 102.17;
9 ; 22 ; 24 ; 0.00119631 ; 0.0051756 ; -0.00860889 ; 102.522;
10 ; 22 ; 24 ; 0.0280084 ; 0.00566837 ; -0.00152044 ; 101.856;
11 ; 22 ; 24 ; 0.0247623 ; 0.001489 ; -0.0179141 ; 101.713;
12 ; 22 ; 24 ; 0.000813182 ; -0.0100883 ; -0.00572797 ; 102.081;
13 ; 22 ; 24 ; 0.00546001 ; -0.00224154 ; -0.01618 ; 101.833;
14 ; 22 ; 24 ; -0.000425225 ; -0.0143278 ; -0.00606584 ; 101.789;
15 ; 22 ; 24 ; -0.00213607 ; -0.00115302 ; -0.00944576 ; 102.134;
16 ; 22 ; 24 ; 0.00765131 ; -0.0131809 ; -0.00775057 ; 101.677;
17 ; 22 ; 24 ; 0.000550961 ; 0.00290561 ; -0.00749266 ; 101.787;
18 ; 22 ; 24 ; -0.0145353 ; -0.00941989 ; -0.0081606 ; 101.526;
19 ; 22 ; 24 ; -0.00319599 ; 0.00215064 ; -0.0160955 ; 101.797;
20 ; 22 ; 24 ; 0.00132148 ; -0.00382868 ; -0.0194749 ; 101.869;
21 ; 22 ; 24 ; 0.00217102 ; -0.00130129 ; -0.00758772 ; 101.846;
22 ; 22 ; 24 ; -0.00349589 ; 0.00134745 ; -0.0107007 ; 101.91;
23 ; 22 ; 24 ; -0.00805389 ; 0.000836027 ; -0.0166892 ; 102.407;
24 ; 22 ; 24 ; -0.0102808 ; -0.00425802 ; -0.00836929 ; 101.867;
25 ; 22 ; 24 ; -0.0208256 ; -0.0069285 ; -0.00712463 ; 101.7;
26 ; 22 ; 24 ; -0.0163199 ; -0.00436859 ; -0.0105771 ; 101.888;
27 ; 22 ; 24 ; -0.0363211 ; -0.0102996 ; -0.00829248 ; 101.793;
28 ; 22 ; 24 ; -0.0211116 ; 0.00972724 ; 0.00577804 ; 102.02;
29 ; 22 ; 24 ; -0.0165378 ; -0.0154248 ; -0.0231809 ; 102.658;
30 ; 22 ; 24 ; -0.0258895 ; -0.00295476 ; -0.0103094 ; 101.685;
31 ; 22 ; 24 ; -0.0204157 ; 0.00279761 ; -0.00826525 ; 102.124;
32 ; 22 ; 24 ; 0.000381029 ; -0.000797989 ; -0.00445024 ; 102.326;
33 ; 22 ; 24 ; -0.00353545 ; -0.00474681 ; 0.00227697 ; 101.951;
4 ; 23 ; 24 ; -0.00125076 ; 0.00353719 ; -0.0113848 ; 102.006;
5 ; 23 ; 24 ; 0.00817021 ; -0.00220022 ; 0.00579559 ; 101.695;
6 ; 23 ; 24 ; 0.0114134 ; -0.00582835 ; -0.0199007 ; 102.246;
7 ; 23 ; 24 ; 0.0289023 ; 0.00327052 ; 0.00040995 ; 102.093;
8 ; 23 ; 24 ; 0.0261939 ; 0.007946 ; -0.0134619 ; 101.919;
9 ; 23 ; 24 ; 0.0182302 ; -0.0123778 ; -0.00544582 ; 101.616;
10 ; 23 ; 24 ; 0.0120425 ; -0.0116063 ; -0.00443324 ; 102.037;
11 ; 23 ; 24 ; 0.0223973 ; -0.0071529 ; -0.00965274 ; 102.321;
12 ; 23 ; 24 ; 0.0137351 ; 0.00391073 ; -0.00961633 ; 102.332;
13 ; 23 ; 24 ; 0.0112374 ; -0.0198087 ; -0.019302 ; 101.322;
14 ; 23 ; 24 ; 0.00066686 ; -0.0136332 ; -0.0161498 ; 102.041;
15 ; 23 ; 24 ; 0.0137664 ; -0.0236437 ; -0.0224245 ; 101.474;
16 ; 23 ; 24 ; 0.0063556 ; -0.0175441 ; -0.00884321 ; 102.219;
17 ; 23 ; 24 ; 0.00279822 ; -0.00093607 ; 0.000374168 ; 101.857;
18 ; 23 ; 24 ; -0.000581966 ; -0.00455017 ; -0.0204837 ; 101.604;
19 ; 23 ; 24 ; 0.0018048 ; 0.0023024 ; -0.0133437 ; 101.72;
20 ; 23 ; 24 ; 0.00190011 ; -0.00697768 ; -0.00960543 ; 101.82;
21 ; 23 ; 24 ; -0.00588339 ; -0.00133557 ; -0.0183511 ; 101.979;
22 ; 23 ; 24 ; 0.0069557 ; 0.000798494 ; -0.0107815 ; 102.065;
23 ; 23 ; 24 ; -0.0228642 ; 0.0117522 ; -0.0250346 ; 102.151;
24 ; 23 ; 24 ; -0.0158264 ; 0.0044212 ; -0.000416018 ; 102.08;
25 ; 23 ; 24 ; 0.000760073 ; -0.00560822 ; -0.0149668 ; 101.933;
26 ; 23 ; 24 ; -0.0195399 ; -0.00133872 ; -0.00616864 ; 102.701;
27 ; 23 ; 24 ; -0.037835 ; -0.0011602 ; -0.0107298 ; 102.141;
28 ; 23 ; 24 ; -0.0261435 ; 0.000358517 ; 8.38594e-05 ; 102.277;
29 ; 23 ; 24 ; -0.0459753 ; -0.000487102 ; -0.0180174 ; 102.288;
30 ; 23 ; 24 ; -0.0176999 ; 0.0105989 ; -0.015041 ; 102.628;
31 ; 23 ; 24 ; -0.0126998 ; 0.000738918 ; -0.0196978 ; 102.472;
32 ; 23 ; 24 ; -0.00164729 ; 0.00107282 ; -0.00782733 ; 102.332;
33 ; 23 ; 24 ; -0.00922061 ; -0.00711553 ; -0.00524093 ; 101.87;
4 ; 24 ; 24 ; 0.00187948 ; -0.00654889 ; 0.00580129 ; 101.924;
5 ; 24 ; 24 ; 0.00689738 ; -0.008668 ; -0.0105057 ; 102.491;
6 ; 24 ; 24 ; 0.0222058 ; -0.00436692 ; -0.00532044 ; 102.304;
7 ; 24 ; 24 ; 0.0253285 ; -0.00517808 ; -0.00472649 ; 102.372;
8 ; 24 ; 24 ; 0.0268793 ; 0.00196948 ; 0.00143243 ; 102.434;
9 ; 24 ; 24 ; 0.0238535 ; -0.00302466 ; 0.00408005 ; 102.524;
10 ; 24 ; 24 ; 0.018247 ; -0.00698084 ; -0.00112044 ; 102.563;
11 ; 24 ; 24 ; 0.019249 ; -0.00991771 ; -0.0207161 ; 101.902;
12 ; 24 ; 24 ; 0.0248149 ; -0.00684098 ; -0.00498969 ; 101.735;
13 ; 24 ; 24 ; 0.024777 ; -0.0138325 ; -0.0191833 ; 102.39;
14 ; 24 ; 24 ; 0.0120422 ; -0.0069601 ; -0.0247094 ; 101.884;
15 ; 24 ; 24 ; 0.00218871 ; -0.0173156 ; -0.0123084 ; 101.736;
16 ; 24 ; 24 ; -0.00551303 ; -0.0224379 ; -0.0191799 ; 101.574;
17 ; 24 ; 24 ; -0.0035778 ; -0.0190927 ; -0.0124264 ; 101.749;
18 ; 24 ; 24 ; -0.00538051 ; -0.00388468 ; -0.0106521 ; 101.748;
19 ; 24 ; 24 ; 6.64892e-06 ; -0.00081519 ; -0.014942 ; 102.208;
20 ; 24 ; 24 ; 0.0022848 ; -0.0126138 ; -0.0042745 ; 101.854;
21 ; 24 ; 24 ; -0.00435742 ; -0.0131343 ; -0.0148869 ; 101.408;
22 ; 24 ; 24 ; 0.00175258 ; -0.0089268 ; -0.00892624 ; 101.915;
23 ; 24 ; 24 ; -0.011369 ; -0.0062794 ; -0.0182667 ; 102.234;
24 ; 24 ; 24 ; -0.0156485 ; -0.00947576 ; -0.0144402 ; 102.203;
25 ; 24 ; 24 ; -0.0138154 ; -0.0140928 ; -0.0151629 ; 101.728;
26 ; 24 ; 24 ; -0.0314609 ; -0.00748805 ; -0.0196525 ; 102.578;
27 ; 24 ; 24 ; -0.0287872 ; -0.0031829 ; -0.0175464 ; 102.021;
28 ; 24 ; 24 ; -0.0221369 ; -0.00681042 ; -0.00144765 ; 101.829;
29 ; 24 ; 24 ; -0.0347435 ; -0.0116482 ; -0.000245876 ; 102.561;
30 ; 24 ; 24 ; -0.0178598 ; -0.00737807 ; -0.00829244 ; 102.241;
31 ; 24 ; 24 ; -0.00967245 ; -0.00242775 ; -0.0013983 ; 102.2;
32 ; 24 ; 24 ; -0.00754009 ; -0.0115169 ; -0.00260439 ; 102.117;
33 ; 24 ; 24 ; -0.0116278 ; -0.0137264 ; 0.0174904 ; 102.461;
4 ; 25 ; 24 ; 0.00363259 ; -0.00704405 ; 0.00227129 ; 102.142;
5 ; 25 ; 24 ; 0.00648893 ; -0.011611 ; -0.0122892 ; 102.716;
6 ; 25 ; 24 ; 0.00815445 ; -0.00325377 ; -0.006995 ; 102.587;
7 ; 25 ; 24 ; 0.0230813 ; -0.00532494 ; -0.0168007 ; 102.711;
8 ; 25 ; 24 ; 0.0259417 ; -0.013799 ; -0.00703355 ; 102.389;
9 ; 25 ; 24 ; 0.0151523 ; -0.0190078 ; -0.0103033 ; 102.087;
10 ; 25 ; 24 ; 0.0287958 ; -0.0174534 ; -0.00999779 ; 102.671;
11 ; 25 ; 24 ; 0.0234189 ; -0.0116268 ; -0.019226 ; 101.904;
12 ; 25 ; 24 ; 0.00311729 ; -0.00836978 ; -0.00550732 ; 102.241;
13 ; 25 ; 24 ; 0.00916331 ; -0.0102637 ; -0.0189136 ; 102.166;
14 ; 25 ; 24 ; 0.0179968 ; -0.00854643 ; -0.0134228 ; 102.141;
15 ; 25 ; 24 ; 0.00896364 ; -0.0215329 ; -0.00710491 ; 102.033;
16 ; 25 ; 24 ; -0.0115127 ; -0.017043 ; -0.0068485 ; 101.449;
17 ; 25 ; 24 ; -0.00135854 ; -0.0238536 ; -0.0100865 ; 102.069;
18 ; 25 ; 24 ; -0.00605625 ; -8.23067e-05 ; -0.0197454 ; 101.832;
19 ; 25 ; 24 ; -0.0157776 ; -0.0185934 ; -0.0110607 ; 101.972;
20 ; 25 ; 24 ; -0.00235419 ; -0.00628375 ; -0.0181347 ; 102.018;
21 ; 25 ; 24 ; -0.00820714 ; 0.00363898 ; 0.00339931 ; 102.187;
22 ; 25 ; 24 ; -0.0101588 ; -0.0185323 ; -0.0189384 ; 102.144;
23 ; 25 ; 24 ; -0.00233713 ; -0.0148257 ; -0.0122574 ; 102.239;
24 ; 25 ; 24 ; -0.00578091 ; -0.00915437 ; -0.0210724 ; 101.995;
25 ; 25 ; 24 ; -0.0165861 ; -0.0139743 ; -0.0114072 ; 102.294;
26 ; 25 ; 24 ; -0.00961071 ; -0.0161618 ; -0.00501775 ; 102.55;
27 ; 25 ; 24 ; -0.0197489 ; -0.0107771 ; -0.0152014 ; 102.539;
28 ; 25 ; 24 ; -0.0358874 ; -0.0158018 ; 0.00717973 ; 102.838;
29 ; 25 ; 24 ; -0.020429 ; -0.00996921 ; 0.00359306 ; 102.142;
30 ; 25 ; 24 ; -0.0181318 ; -0.000324101 ; -0.00117005 ; 102.421;
31 ; 25 ; 24 ; -0.0149199 ; -0.0107636 ; 0.00407568 ; 102.354;
32 ; 25 ; 24 ; 0.00526902 ; -0.0113155 ; 0.00196045 ; 102.021;
33 ; 25 ; 24 ; 0.0125368 ; -0.0150935 ; 0.00219272 ; 101.995;
4 ; 26 ; 24 ; -0.000629972 ; -0.018034 ; -0.0170013 ; 102.401;
5 ; 26 ; 24 ; 0.0109343 ; -0.00997967 ; -0.00409957 ; 102.273;
6 ; 26 ; 24 ; 0.0144511 ; -0.0299877 ; -0.00127149 ; 102.051;
7 ; 26 ; 24 ; 0.0187806 ; -0.00969199 ; -0.0130879 ; 102.611;
8 ; 26 ; 24 ; 0.0182992 ; -0.0123461 ; -0.0222817 ; 102.894;
9 ; 26 ; 24 ; 0.0155253 ; -0.0217727 ; 0.00557694 ; 102.474;
10 ; 26 ; 24 ; 0.029045 ; -0.020649 ; 0.00213395 ; 102.243;
11 ; 26 ; 24 ; 0.0110533 ; -0.0101369 ; -0.0104452 ; 102.291;
12 ; 26 ; 24 ; 0.00992498 ; -0.0264622 ; -0.0118207 ; 102.434;
13 ; 26 ; 24 ; -0.0136174 ; -0.0185515 ; -0.0258485 ; 102.108;
14 ; 26 ; 24 ; -0.0158922 ; -0.0321888 ; -0.0116936 ; 102.237;
15 ; 26 ; 24 ; 0.0187898 ; -0.0327157 ; -0.0148946 ; 102.207;
16 ; 26 ; 24 ; -0.00688639 ; -0.01436 ; 0.00563284 ; 102.066;
17 ; 26 ; 24 ; 0.000681859 ; -0.0205005 ; -0.0117831 ; 102.264;
18 ; 26 ; 24 ; 0.00924554 ; -0.0163197 ; -0.00724273 ; 101.826;
19 ; 26 ; 24 ; -0.00137759 ; -0.0391954 ; 0.00876921 ; 101.813;
20 ; 26 ; 24 ; 0.00245579 ; -0.0205823 ; -0.010606 ; 101.755;
21 ; 26 ; 24 ; 0.00148384 ; -0.0215703 ; -0.0140123 ; 102.405;
22 ; 26 ; 24 ; -0.0114893 ; -0.019943 ; -0.0105338 ; 102.319;
23 ; 26 ; 24 ; 0.00137887 ; -0.0172482 ; -0.00194292 ; 102.175;
24 ; 26 ; 24 ; -0.0175954 ; -0.0184978 ; -0.0127476 ; 102.095;
25 ; 26 ; 24 ; -0.0173002 ; -0.0135669 ; -0.014773 ; 101.995;
26 ; 26 ; 24 ; -0.0290093 ; -0.0142007 ; -0.0242178 ; 102.176;
27 ; 26 ; 24 ; -0.0245555 ; -0.0228439 ; -0.018496 ; 102.33;
28 ; 26 ; 24 ; -0.0167649 ; -0.028938 ; -0.00419819 ; 102.822;
29 ; 26 ; 24 ; -0.0129889 ; -0.0221907 ; 0.00224922 ; 102.337;
30 ; 26 ; 24 ; -0.0184997 ; -0.0144503 ; -0.010985 ; 102.484;
31 ; 26 ; 24 ; -0.018849 ; -0.0179006 ; -0.0158262 ; 102.519;
32 ; 26 ; 24 ; -0.00659142 ; -0.00547615 ; 0.00162587 ; 102.846;
33 ; 26 ; 24 ; 0.00202183 ; -0.0209885 ; 0.00185818 ; 102.549;
4 ; 27 ; 24 ; 0.00640623 ; -0.0108598 ; -0.00378707 ; 102.575;
5 ; 27 ; 24 ; 0.00586031 ; -0.0247003 ; 0.00463495 ; 102.692;
6 ; 27 ; 24 ; 0.0146531 ; -0.0167958 ; -0.00892422 ; 102.489;
7 ; 27 ; 24 ; 0.0202993 ; 0.00014234 ; -0.00301219 ; 102.761;
8 ; 27 ; 24 ; 0.025222 ; -0.00487267 ; -0.00515982 ; 102.681;
9 ; 27 ; 24 ; 0.0181569 ; -0.0307683 ; -0.0117176 ; 102.748;
10 ; 27 ; 24 ; 0.0150081 ; -0.0214584 ; 0.00271619 ; 102.632;
11 ; 27 ; 24 ; 0.0231154 ; -0.0174574 ; -0.000820634 ; 102.867;
12 ; 27 ; 24 ; 0.0241326 ; -0.0216525 ; -0.0154671 ; 101.933;
13 ; 27 ; 24 ; 0.00467067 ; -0.0154753 ; -0.00632403 ; 102.282;
14 ; 27 ; 24 ; 0.00147235 ; -0.0251697 ; -0.0278403 ; 102.104;
15 ; 27 ; 24 ; -0.00208601 ; -0.04491 ; -0.0152859 ; 102.191;
16 ; 27 ; 24 ; -0.00474939 ; -0.0178462 ; -0.00651283 ; 102.25;
17 ; 27 ; 24 ; 0.00763877 ; -0.0126602 ; -0.0180562 ; 102.065;
18 ; 27 ; 24 ; 0.0067938 ; -0.0231219 ; -0.00261925 ; 101.798;
19 ; 27 ; 24 ; 0.00786721 ; -0.017095 ; -0.00488445 ; 102.274;
20 ; 27 ; 24 ; -0.00120498 ; -0.0298639 ; -0.0157848 ; 102.263;
21 ; 27 ; 24 ; -0.00452868 ; -0.0275412 ; -0.0262409 ; 102.082;
22 ; 27 ; 24 ; 0.00153083 ; -0.0215542 ; -0.00726086 ; 101.813;
23 ; 27 ; 24 ; -0.00760687 ; -0.0217898 ; -0.00673048 ; 102.03;
24 ; 27 ; 24 ; -0.00631303 ; -0.0199393 ; -0.0148211 ; 101.977;
25 ; 27 ; 24 ; -0.0138133 ; -0.020847 ; 0.00318101 ; 102.235;
26 ; 27 ; 24 ; -0.0190892 ; -0.021366 ; 0.00796885 ; 102.616;
27 ; 27 ; 24 ; -0.00899646 ; -0.0241588 ; -0.0213708 ; 102.45;
28 ; 27 ; 24 ; -0.0306467 ; -0.0258076 ; -0.0169753 ; 102.779;
29 ; 27 ; 24 ; -0.023596 ; -0.0195192 ; -0.0089595 ; 102.722;
30 ; 27 ; 24 ; -0.00629823 ; -0.00224829 ; -0.000586038 ; 102.996;
31 ; 27 ; 24 ; -0.00512877 ; -0.023857 ; -0.000602081 ; 103.042;
32 ; 27 ; 24 ; 0.000819739 ; -0.0153098 ; -0.0113098 ; 102.315;
33 ; 27 ; 24 ; 0.0147193 ; -0.0205452 ; -0.00659217 ; 102.228;
4 ; 28 ; 24 ; 0.00982674 ; -0.0242389 ; -0.0122466 ; 103.184;
5 ; 28 ; 24 ; 0.016475 ; -0.0274935 ; -0.01375 ; 102.306;
6 ; 28 ; 24 ; 0.00881369 ; -0.018863 ; -0.00151163 ; 102.596;
7 ; 28 ; 24 ; -0.00989632 ; -0.012074 ; -0.00193278 ; 102.55;
8 ; 28 ; 24 ; 0.00945754 ; -0.0152595 ; -0.0024116 ; 102.685;
9 ; 28 ; 24 ; 0.0086654 ; -0.0251527 ; -0.00833321 ; 102.386;
10 ; 28 ; 24 ; 0.0237514 ; -0.022464 ; -0.00521461 ; 102.674;
11 ; 28 ; 24 ; 0.023286 ; -0.0234221 ; -0.00312529 ; 102.612;
12 ; 28 ; 24 ; 0.003619 ; -0.0270516 ; -0.0179981 ; 102.249;
13 ; 28 ; 24 ; 0.0108178 ; -0.0277648 ; -0.00667519 ; 102.391;
14 ; 28 ; 24 ; 0.00704957 ; -0.00706341 ; -0.00852524 ; 102.48;
15 ; 28 ; 24 ; -0.00364045 ; -0.015409 ; -0.0159418 ; 102.558;
16 ; 28 ; 24 ; -0.00209843 ; -0.0224957 ; -0.00347376 ; 102.299;
17 ; 28 ; 24 ; 0.00328251 ; -0.0254991 ; -0.0182196 ; 102.325;
18 ; 28 ; 24 ; -0.00495736 ; -0.0330046 ; -0.00435006 ; 101.977;
19 ; 28 ; 24 ; 0.00720948 ; -0.0311851 ; -0.0160603 ; 101.791;
20 ; 28 ; 24 ; 0.0156002 ; -0.0118498 ; -0.00538446 ; 102.313;
21 ; 28 ; 24 ; 0.00724817 ; -0.0182929 ; -0.0138874 ; 102.172;
22 ; 28 ; 24 ; 0.00873483 ; -0.0109488 ; 0.000225575 ; 102.109;
23 ; 28 ; 24 ; -0.00548289 ; -0.0224637 ; -0.00839998 ; 102.392;
24 ; 28 ; 24 ; -0.00672405 ; -0.0317432 ; -0.0134031 ; 102.563;
25 ; 28 ; 24 ; -0.010305 ; -0.0224696 ; -0.00767532 ; 102.371;
26 ; 28 ; 24 ; -0.0202302 ; -0.0203903 ; -0.00320178 ; 102.464;
27 ; 28 ; 24 ; -0.0197503 ; -0.00674823 ; -0.00240647 ; 102.547;
28 ; 28 ; 24 ; -0.0165668 ; -0.00629609 ; -0.00396028 ; 102.582;
29 ; 28 ; 24 ; -0.0138241 ; -0.0133782 ; 0.000707421 ; 102.181;
30 ; 28 ; 24 ; -0.0154565 ; -0.0204093 ; -0.02196 ; 102.547;
31 ; 28 ; 24 ; -0.0263734 ; -0.0126856 ; -0.00614182 ; 102.184;
32 ; 28 ; 24 ; -0.0180763 ; -0.0379284 ; 0.0161436 ; 102.213;
33 ; 28 ; 24 ; 0.00143912 ; -0.0180307 ; -0.0140777 ; 102.565;
4 ; 29 ; 24 ; -0.00680568 ; -0.0326084 ; 0.00543711 ; 102.844;
5 ; 29 ; 24 ; -0.00794702 ; -0.0245376 ; -0.00289182 ; 102.788;
6 ; 29 ; 24 ; 0.00262451 ; -0.00590094 ; -0.00136844 ; 102.963;
7 ; 29 ; 24 ; 0.0266187 ; -0.0218152 ; 0.00113836 ; 102.791;
8 ; 29 ; 24 ; 0.0128247 ; -0.0110221 ; -0.000891965 ; 102.77;
9 ; 29 ; 24 ; 0.00907112 ; -0.028099 ; -0.00647438 ; 102.651;
10 ; 29 ; 24 ; 0.0165085 ; 0.00026394 ; 0.0060295 ; 103.188;
11 ; 29 ; 24 ; 0.028595 ; -0.0151818 ; -0.0110714 ; 102.629;
12 ; 29 ; 24 ; 0.015003 ; -0.0190174 ; -0.0124746 ; 102.959;
13 ; 29 ; 24 ; 0.0100891 ; -0.0137067 ; -0.00836854 ; 102.273;
14 ; 29 ; 24 ; 0.00417294 ; -0.0209155 ; 0.00267175 ; 102.515;
15 ; 29 ; 24 ; -0.00848929 ; -0.0201827 ; 0.00519024 ; 102.156;
16 ; 29 ; 24 ; -0.000284495 ; -0.0181861 ; 0.000996973 ; 101.556;
17 ; 29 ; 24 ; -0.00523656 ; -0.00410424 ; 0.00470611 ; 102.575;
18 ; 29 ; 24 ; 0.0101875 ; -0.0298908 ; -0.00859344 ; 101.797;
19 ; 29 ; 24 ; 0.00874597 ; -0.0271094 ; -0.00269809 ; 101.411;
20 ; 29 ; 24 ; -0.00152155 ; -0.0183327 ; -0.00590615 ; 102.204;
21 ; 29 ; 24 ; -0.00507098 ; -0.0152277 ; -0.0108259 ; 102.453;
22 ; 29 ; 24 ; 0.000925768 ; -0.0327975 ; -0.00870302 ; 102.531;
23 ; 29 ; 24 ; -0.0114257 ; -0.0125922 ; -0.0128344 ; 102.019;
24 ; 29 ; 24 ; -0.0143389 ; -0.0154854 ; -0.0114869 ; 102.451;
25 ; 29 ; 24 ; -0.00716829 ; -0.000325462 ; -0.00475638 ; 101.964;
26 ; 29 ; 24 ; -0.0259728 ; -0.0113509 ; -0.00841557 ; 102.6;
27 ; 29 ; 24 ; -0.0217622 ; -0.0100693 ; -0.000876548 ; 103.129;
28 ; 29 ; 24 ; -0.0239523 ; -0.0151159 ; -0.0121186 ; 103.085;
29 ; 29 ; 24 ; -0.0221093 ; -0.0276553 ; -0.00932531 ; 103.033;
30 ; 29 ; 24 ; -0.0151433 ; -0.0193523 ; 0.00455121 ; 102.776;
31 ; 29 ; 24 ; -0.0161001 ; -0.0106843 ; 0.00808662 ; 102.528;
32 ; 29 ; 24 ; 0.00121189 ; -0.0202603 ; -0.00414826 ; 102.898;
33 ; 29 ; 24 ; 0.00385721 ; -0.0212622 ; -0.00157482 ; 102.535;
4 ; 30 ; 24 ; -0.0108313 ; -0.0213021 ; -0.00423363 ; 102.652;
5 ; 30 ; 24 ; -0.00139835 ; -0.0105912 ; 0.00477664 ; 102.636;
6 ; 30 ; 24 ; 0.00503317 ; -0.0256646 ; 0.00438257 ; 102.818;
7 ; 30 ; 24 ; 0.0077258 ; -0.0292983 ; 0.0030041 ; 102.645;
8 ; 30 ; 24 ; 0.0200373 ; -0.0239975 ; -0.014578 ; 103.03;
9 ; 30 ; 24 ; 0.00546914 ; -0.0120297 ; 0.00557522 ; 102.531;
10 ; 30 ; 24 ; 0.0162065 ; -0.0144031 ; 0.00534259 ; 102.376;
11 ; 30 ; 24 ; 0.0179711 ; -0.0258702 ; -0.000961493 ; 102.889;
12 ; 30 ; 24 ; 0.00897227 ; -0.0214069 ; -0.0112588 ; 102.378;
13 ; 30 ; 24 ; 0.0145378 ; -0.0219761 ; -0.00178854 ; 102.176;
14 ; 30 ; 24 ; 0.0110633 ; -0.00873084 ; -0.00857031 ; 102.954;
15 ; 30 ; 24 ; -0.00357744 ; -0.0271782 ; -0.014163 ; 102.465;
16 ; 30 ; 24 ; 0.010073 ; -0.0117506 ; -0.00250548 ; 102.279;
17 ; 30 ; 24 ; 0.00284928 ; -0.0224862 ; -0.0017601 ; 101.736;
18 ; 30 ; 24 ; -0.00256199 ; -0.0213084 ; -0.00477079 ; 102.498;
19 ; 30 ; 24 ; 0.00617401 ; -0.0251982 ; -0.00914918 ; 102.441;
20 ; 30 ; 24 ; -0.0085458 ; -0.0287332 ; -0.00369508 ; 102.147;
21 ; 30 ; 24 ; 0.00807858 ; -0.0116203 ; -0.00460997 ; 102.098;
22 ; 30 ; 24 ; 0.0046011 ; -0.00770283 ; -0.00634516 ; 102.161;
23 ; 30 ; 24 ; -0.0138734 ; -0.0121179 ; -0.0104487 ; 102.208;
24 ; 30 ; 24 ; -0.00146191 ; -0.026213 ; -0.00138704 ; 102.368;
25 ; 30 ; 24 ; 0.00208504 ; -0.015867 ; -0.00316332 ; 102.347;
26 ; 30 ; 24 ; -0.0126813 ; -0.0164748 ; -0.00185688 ; 102.743;
27 ; 30 ; 24 ; -0.0186665 ; -0.0167004 ; 0.00409042 ; 102.58;
28 ; 30 ; 24 ; -0.0296608 ; -0.0174783 ; 0.00447602 ; 102.423;
29 ; 30 ; 24 ; -0.0120878 ; -0.0217515 ; -0.00331357 ; 102.811;
30 ; 30 ; 24 ; -0.00810384 ; -0.00320918 ; 0.00540198 ; 102.533;
31 ; 30 ; 24 ; -0.0138634 ; -0.0132917 ; 0.00191095 ; 102.669;
32 ; 30 ; 24 ; -0.00612073 ; -0.0202355 ; -0.0068604 ; 102.303;
33 ; 30 ; 24 ; -0.014622 ; -0.0080803 ; -0.0139481 ; 102.561;
4 ; 31 ; 24 ; 0.0066161 ; -0.0168626 ; -0.00402588 ; 103.127;
5 ; 31 ; 24 ; 0.00819952 ; -0.00891657 ; -0.00457151 ; 102.503;
6 ; 31 ; 24 ; 0.00650081 ; -0.0219157 ; -0.00504907 ; 102.864;
7 ; 31 ; 24 ; 0.0170842 ; -0.00847207 ; -0.00680517 ; 102.461;
8 ; 31 ; 24 ; 0.01774 ; -0.0146277 ; 0.00731355 ; 102.732;
9 ; 31 ; 24 ; 0.0033068 ; -0.0250136 ; 0.00845804 ; 102.78;
10 ; 31 ; 24 ; 0.024391 ; -0.0124567 ; -0.00323548 ; 102.468;
11 ; 31 ; 24 ; 0.0177027 ; -0.0254957 ; 0.00123086 ; 102.785;
12 ; 31 ; 24 ; 0.0282891 ; -0.020795 ; -0.0050534 ; 102.444;
13 ; 31 ; 24 ; 0.00313231 ; -0.0289491 ; -0.00733092 ; 102.088;
14 ; 31 ; 24 ; -0.00644894 ; -0.0194617 ; -0.00350017 ; 102.233;
15 ; 31 ; 24 ; -0.00522835 ; -0.0178871 ; -0.0160469 ; 102.098;
16 ; 31 ; 24 ; 0.00101436 ; -0.00204701 ; 0.000783698 ; 101.62;
17 ; 31 ; 24 ; 0.00933125 ; -0.00988172 ; -0.00689297 ; 101.953;
18 ; 31 ; 24 ; 0.00262543 ; -0.0160454 ; -0.000215192 ; 101.972;
19 ; 31 ; 24 ; 0.00946019 ; -0.0258955 ; -0.00518976 ; 102.299;
20 ; 31 ; 24 ; -0.00251177 ; -0.0325983 ; -0.0156532 ; 102.051;
21 ; 31 ; 24 ; -0.00400863 ; -0.0182466 ; -0.0123664 ; 102.214;
22 ; 31 ; 24 ; -0.0128469 ; -0.0148678 ; -0.00583231 ; 102.287;
23 ; 31 ; 24 ; -0.00629878 ; -0.00978819 ; -0.00469847 ; 102.094;
24 ; 31 ; 24 ; -0.0109923 ; -0.0241101 ; -0.0130099 ; 102.635;
25 ; 31 ; 24 ; -0.0111857 ; -0.016764 ; -0.0168439 ; 102.147;
26 ; 31 ; 24 ; -0.0218966 ; -0.00516444 ; -0.00129138 ; 102.689;
27 ; 31 ; 24 ; -0.00448755 ; -0.0138336 ; -0.00945243 ; 102.24;
28 ; 31 ; 24 ; -0.0106219 ; -0.0145726 ; 0.000695411 ; 102.646;
29 ; 31 ; 24 ; -0.0127957 ; -0.00234174 ; -0.00134214 ; 102.69;
30 ; 31 ; 24 ; -0.00687969 ; -0.00902014 ; 0.000756018 ; 102.622;
31 ; 31 ; 24 ; -0.0141875 ; -0.00604355 ; -0.0128862 ; 102.631;
32 ; 31 ; 24 ; -0.0117464 ; -0.0190912 ; -0.0106858 ; 102.782;
33 ; 31 ; 24 ; -0.00574564 ; 0.000783056 ; -0.00801087 ; 102.726;
4 ; 32 ; 24 ; -0.0042709 ; -0.0162064 ; -0.0109293 ; 102.604;
5 ; 32 ; 24 ; 0.00807632 ; -0.00368137 ; -0.00551858 ; 102.728;
6 ; 32 ; 24 ; 0.0256923 ; -0.00970159 ; -0.00599932 ; 102.96;
7 ; 32 ; 24 ; 0.0161919 ; -0.00348353 ; 0.0168724 ; 102.78;
8 ; 32 ; 24 ; 0.018518 ; -0.00200131 ; -0.00158538 ; 102.755;
9 ; 32 ; 24 ; 0.0235694 ; -0.0128243 ; 0.00773063 ; 102.525;
10 ; 32 ; 24 ; 0.0175541 ; -0.0003621 ; -0.00849701 ; 102.614;
11 ; 32 ; 24 ; 0.0141281 ; -0.00495927 ; 0.000180681 ; 102.101;
12 ; 32 ; 24 ; 0.0191838 ; -0.0223851 ; -0.00525391 ; 102.806;
13 ; 32 ; 24 ; 0.0151824 ; -0.00183026 ; 0.0090591 ; 102.055;
14 ; 32 ; 24 ; -0.0098176 ; -0.0151691 ; -0.00494263 ; 102.164;
15 ; 32 ; 24 ; 0.00164618 ; 0.00625006 ; -0.00128551 ; 102.564;
16 ; 32 ; 24 ; 0.0129247 ; -0.0135166 ; 0.00267656 ; 102.229;
17 ; 32 ; 24 ; 0.00449432 ; -0.0141273 ; -0.0128829 ; 102.072;
18 ; 32 ; 24 ; -0.00387622 ; -0.0123165 ; -0.00827177 ; 102.697;
19 ; 32 ; 24 ; -0.00698627 ; -0.0276935 ; -0.00494358 ; 101.872;
20 ; 32 ; 24 ; 0.00686292 ; -0.0116364 ; -0.00369023 ; 101.552;
21 ; 32 ; 24 ; 0.00841605 ; -0.0147818 ; -0.0033797 ; 102.062;
22 ; 32 ; 24 ; 0.0104177 ; -0.0180745 ; -0.0108683 ; 101.628;
23 ; 32 ; 24 ; 0.00874103 ; -0.0240859 ; -0.00466822 ; 102.201;
24 ; 32 ; 24 ; 0.000972628 ; -0.0189976 ; -0.00852345 ; 101.94;
25 ; 32 ; 24 ; 0.000322227 ; -0.0127025 ; -0.0136248 ; 102.396;
26 ; 32 ; 24 ; -0.0312768 ; -0.00412475 ; -0.00172823 ; 102.38;
27 ; 32 ; 24 ; -0.00940568 ; 0.00222734 ; 0.00862358 ; 102.446;
28 ; 32 ; 24 ; -0.0261151 ; 0.00387555 ; -0.00704853 ; 102.819;
29 ; 32 ; 24 ; -0.0196602 ; -0.0169798 ; 0.0021185 ; 102.312;
30 ; 32 ; 24 ; -0.020166 ; -0.00485058 ; 0.00450178 ; 102.5;
31 ; 32 ; 24 ; -0.0185747 ; -0.0143254 ; -0.0125952 ; 102.784;
32 ; 32 ; 24 ; 0.00592346 ; -0.0124272 ; 0.000159569 ; 102.742;
33 ; 32 ; 24 ; -0.0102925 ; 0.0118735 ; 0.00622748 ; 102.485;
4 ; 33 ; 24 ; 0.00677382 ; -0.0120875 ; -0.00894784 ; 102.555;
5 ; 33 ; 24 ; 0.00630847 ; -0.0104585 ; 0.00531397 ; 102.64;
6 ; 33 ; 24 ; 0.0176153 ; -0.00212103 ; 0.00200401 ; 102.585;
7 ; 33 ; 24 ; 0.00961268 ; 0.00203439 ; -0.00244795 ; 102.474;
8 ; 33 ; 24 ; -0.00400811 ; -0.00498039 ; 0.00208886 ; 102.655;
9 ; 33 ; 24 ; 0.0107371 ; 0.00432487 ; -0.00689416 ; 102.337;
10 ; 33 ; 24 ; 0.0164673 ; 0.00661565 ; 0.000833304 ; 102.455;
11 ; 33 ; 24 ; 0.0169393 ; -0.00432499 ; 0.00798819 ; 102.409;
12 ; 33 ; 24 ; 0.0118262 ; 0.00267428 ; -0.0018897 ; 102.322;
13 ; 33 ; 24 ; 0.010944 ; 0.00267165 ; 0.000472199 ; 101.896;
14 ; 33 ; 24 ; 0.0023397 ; -0.0157965 ; -0.00288829 ; 101.953;
15 ; 33 ; 24 ; -0.000403545 ; -0.00266431 ; 0.00548305 ; 101.696;
16 ; 33 ; 24 ; -0.000923361 ; -0.0102961 ; 0.00916315 ; 102.077;
17 ; 33 ; 24 ; -0.00717451 ; -0.00753737 ; -0.0137646 ; 101.865;
18 ; 33 ; 24 ; -0.00750316 ; 0.00108334 ; -0.00285601 ; 102.242;
19 ; 33 ; 24 ; 0.00445991 ; -0.0127391 ; -0.00855 ; 102.281;
20 ; 33 ; 24 ; 0.0195809 ; -0.0134722 ; -0.00627487 ; 102.222;
21 ; 33 ; 24 ; 0.0012377 ; -0.00517053 ; 0.00351973 ; 102.204;
22 ; 33 ; 24 ; -0.00861404 ; -0.0141039 ; -0.00276244 ; 102.456;
23 ; 33 ; 24 ; 0.00791064 ; -0.0081206 ; -0.00106189 ; 102.529;
24 ; 33 ; 24 ; -0.00825818 ; -0.00236926 ; 0.00847708 ; 102.416;
25 ; 33 ; 24 ; -0.0104499 ; -0.0140861 ; -0.00104638 ; 102.111;
26 ; 33 ; 24 ; -0.0051694 ; -0.00929422 ; 0.000203331 ; 102.524;
27 ; 33 ; 24 ; -0.0174946 ; -0.00236049 ; -0.00505805 ; 102.549;
28 ; 33 ; 24 ; -0.0232137 ; 0.00730266 ; -0.00339518 ; 102.876;
29 ; 33 ; 24 ; -0.00730943 ; 0.000727577 ; -0.0025935 ; 102.266;
30 ; 33 ; 24 ; -0.0105755 ; 0.00259027 ; 0.00173065 ; 103.026;
31 ; 33 ; 24 ; -0.0111309 ; -0.0168988 ; -0.00602765 ; 102.61;
32 ; 33 ; 24 ; 0.000172722 ; 0.00459924 ; 0.00325575 ; 102.653;
33 ; 33 ; 24 ; 0.000546002 ; 0.000591371 ; 0.00431216 ; 102.95;
4 ; 4 ; 25 ; 0.00081679 ; 0.00591842 ; 0.00569445 ; 102.701;
5 ; 4 ; 25 ; 0.0106531 ; 0.0115024 ; -0.0115306 ; 102.47;
6 ; 4 ; 25 ; 0.00763442 ; 0.0113883 ; 0.00184204 ; 102.417;
7 ; 4 ; 25 ; 0.0230987 ; 0.0244093 ; -0.0101016 ; 102.889;
8 ; 4 ; 25 ; 0.0220032 ; 0.0128567 ; -0.00378214 ; 102.844;
9 ; 4 ; 25 ; 0.0235171 ; -0.000561212 ; -6.57773e-05 ; 103.061;
10 ; 4 ; 25 ; 0.0150179 ; 0.000155566 ; -0.00801993 ; 102.701;
11 ; 4 ; 25 ; -0.00086296 ; 0.00271541 ; 0.00175386 ; 102.757;
12 ; 4 ; 25 ; -8.20043e-05 ; 0.00899294 ; -0.01593 ; 102.551;
13 ; 4 ; 25 ; 0.0155225 ; 0.000702373 ; -0.00181621 ; 101.957;
14 ; 4 ; 25 ; 0.00659258 ; 0.019864 ; -0.00804049 ; 102.324;
15 ; 4 ; 25 ; 0.0182446 ; 0.0164998 ; -0.0127955 ; 102.269;
16 ; 4 ; 25 ; 0.00719296 ; 0.00774088 ; -0.02067 ; 102.234;
17 ; 4 ; 25 ; 0.00285767 ; -0.00691466 ; -0.0113142 ; 101.688;
18 ; 4 ; 25 ; 0.00370935 ; 0.00377231 ; -0.0146393 ; 102.111;
19 ; 4 ; 25 ; 0.00527258 ; 0.013607 ; -0.0187379 ; 102.259;
20 ; 4 ; 25 ; 0.00995355 ; 0.00665823 ; -0.00919493 ; 101.881;
21 ; 4 ; 25 ; 0.00867381 ; 0.00459067 ; -0.0135868 ; 102.647;
22 ; 4 ; 25 ; -0.0154249 ; 0.0129306 ; -0.0102725 ; 102.692;
23 ; 4 ; 25 ; 0.000555805 ; 0.0111795 ; -0.0145319 ; 102.263;
24 ; 4 ; 25 ; 0.00062489 ; -0.00731283 ; -0.0162758 ; 102.414;
25 ; 4 ; 25 ; -0.014062 ; 0.00489665 ; -0.0110578 ; 102.137;
26 ; 4 ; 25 ; -0.00859157 ; 0.015687 ; -0.0132779 ; 102.434;
27 ; 4 ; 25 ; -0.0262069 ; -0.00391901 ; -0.0093812 ; 102.448;
28 ; 4 ; 25 ; -0.0267095 ; -0.000645406 ; 0.00241286 ; 102.495;
29 ; 4 ; 25 ; -0.00895952 ; -0.00477198 ; 0.00207192 ; 103.071;
30 ; 4 ; 25 ; -0.0122995 ; -0.000503114 ; -0.0216966 ; 102.454;
31 ; 4 ; 25 ; -0.000832619 ; -0.000558582 ; -0.010708 ; 102.871;
32 ; 4 ; 25 ; -0.00218324 ; 0.0103855 ; -0.00164815 ; 103.034;
33 ; 4 ; 25 ; -0.0049616 ; -0.0106184 ; 0.000898653 ; 102.584;
4 ; 5 ; 25 ; 0.00668628 ; 0.00713719 ; -0.0106634 ; 102.852;
5 ; 5 ; 25 ; -0.00504483 ; 0.0168737 ; -0.00902653 ; 102.792;
6 ; 5 ; 25 ; 0.0085793 ; 0.00937979 ; 0.000906831 ; 102.279;
7 ; 5 ; 25 ; 0.0188991 ; 0.0115487 ; -0.00813102 ; 102.303;
8 ; 5 ; 25 ; 0.0273409 ; 0.0118515 ; -0.0105985 ; 102.536;
9 ; 5 ; 25 ; 0.0359141 ; -0.00233215 ; 0.00111593 ; 102.139;
10 ; 5 ; 25 ; 0.0170364 ; 0.00431301 ; -0.0209485 ; 102.58;
11 ; 5 ; 25 ; 0.00282724 ; 0.0120522 ; -0.000243857 ; 102.651;
12 ; 5 ; 25 ; 0.0141674 ; 0.00305318 ; -0.00918592 ; 102.201;
13 ; 5 ; 25 ; 0.0153399 ; 0.0217388 ; -0.00831199 ; 102.669;
14 ; 5 ; 25 ; 0.00819519 ; 0.00723431 ; -0.0226258 ; 102.174;
15 ; 5 ; 25 ; 0.00352239 ; 0.0206112 ; -0.017237 ; 102.367;
16 ; 5 ; 25 ; -0.0095122 ; 0.00585184 ; -0.0154645 ; 101.979;
17 ; 5 ; 25 ; -0.0135286 ; 0.00866367 ; -0.00104462 ; 102.574;
18 ; 5 ; 25 ; 0.00320875 ; 0.0050579 ; -0.0245307 ; 101.834;
19 ; 5 ; 25 ; 0.00197634 ; 0.0218706 ; -0.00562364 ; 102.33;
20 ; 5 ; 25 ; 0.00434855 ; 0.00585189 ; -0.00774609 ; 102.141;
21 ; 5 ; 25 ; 0.00561869 ; 0.0167671 ; -0.0167874 ; 102.684;
22 ; 5 ; 25 ; -0.00181675 ; 0.0168438 ; -0.0259855 ; 102.112;
23 ; 5 ; 25 ; -0.0025184 ; 0.0184105 ; -0.0126363 ; 102.149;
24 ; 5 ; 25 ; -0.0100957 ; 0.00616289 ; -0.0205379 ; 102.133;
25 ; 5 ; 25 ; 0.00100692 ; 0.0104389 ; -0.00203032 ; 102.356;
26 ; 5 ; 25 ; -0.0185818 ; 0.0211048 ; -0.0034479 ; 102.217;
27 ; 5 ; 25 ; -0.025373 ; 0.00242587 ; -0.000428519 ; 101.875;
28 ; 5 ; 25 ; -0.0184382 ; 0.000737252 ; -0.0173597 ; 102.958;
29 ; 5 ; 25 ; -0.024076 ; -0.00900044 ; -0.011169 ; 102.335;
30 ; 5 ; 25 ; -0.0108382 ; -0.00942337 ; -0.00902915 ; 102.539;
31 ; 5 ; 25 ; -0.0184561 ; 0.00995163 ; -0.0176403 ; 102.433;
32 ; 5 ; 25 ; -0.0146503 ; 0.0128052 ; -0.0144214 ; 103.099;
33 ; 5 ; 25 ; -0.00800818 ; 0.00462978 ; -0.0109459 ; 102.747;
4 ; 6 ; 25 ; -0.00486627 ; 0.00799016 ; -0.0040264 ; 102.943;
5 ; 6 ; 25 ; 0.00524601 ; 0.0160802 ; 0.00131885 ; 102.717;
6 ; 6 ; 25 ; 0.011086 ; 0.0122064 ; 0.00129353 ; 102.636;
7 ; 6 ; 25 ; 0.00914201 ; 0.0219282 ; -0.0150564 ; 102.519;
8 ; 6 ; 25 ; 0.0206669 ; 0.0175214 ; -0.00774114 ; 102.776;
9 ; 6 ; 25 ; 0.0131979 ; 0.00801254 ; -0.00446031 ; 102.968;
10 ; 6 ; 25 ; 0.00911645 ; 0.0181059 ; 0.000552577 ; 102.31;
11 ; 6 ; 25 ; 0.00549612 ; 0.011285 ; -0.00890615 ; 102.655;
12 ; 6 ; 25 ; 0.0108812 ; 0.00342878 ; -0.005796 ; 102.662;
13 ; 6 ; 25 ; 0.000365243 ; 0.0133131 ; -0.00777434 ; 102.517;
14 ; 6 ; 25 ; -0.00748028 ; 0.0146323 ; -0.0042286 ; 102.452;
15 ; 6 ; 25 ; 0.00256738 ; 0.016698 ; -0.00370035 ; 102.73;
16 ; 6 ; 25 ; -0.00694292 ; -0.00280441 ; -0.0150309 ; 101.97;
17 ; 6 ; 25 ; -0.00648823 ; 0.0210699 ; 0.00134806 ; 102.108;
18 ; 6 ; 25 ; -0.00590453 ; 0.0234814 ; -0.00737727 ; 102.059;
19 ; 6 ; 25 ; 0.0106391 ; 0.0230026 ; -0.00871563 ; 101.751;
20 ; 6 ; 25 ; 0.00117524 ; 0.0111392 ; -0.0099538 ; 102.291;
21 ; 6 ; 25 ; -0.00592382 ; 0.0249838 ; -0.0156821 ; 102.34;
22 ; 6 ; 25 ; 0.00881787 ; 0.0186671 ; -0.00215429 ; 101.787;
23 ; 6 ; 25 ; -0.0102091 ; 0.0246228 ; -0.016592 ; 102.642;
24 ; 6 ; 25 ; -0.00869165 ; 0.0268892 ; -0.0073112 ; 102.686;
25 ; 6 ; 25 ; -0.0102962 ; 0.00982218 ; -0.0262879 ; 102.41;
26 ; 6 ; 25 ; -0.024428 ; 0.0239633 ; 0.0025126 ; 102.651;
27 ; 6 ; 25 ; -0.00835191 ; 0.00142091 ; -0.0101369 ; 102.274;
28 ; 6 ; 25 ; -0.00760689 ; 0.00417367 ; -0.00848013 ; 103.089;
29 ; 6 ; 25 ; -0.0147162 ; 0.00651189 ; -0.00997944 ; 102.31;
30 ; 6 ; 25 ; -0.00427963 ; 0.00848876 ; -0.01734 ; 102.56;
31 ; 6 ; 25 ; -0.00892168 ; 0.0153255 ; 0.00212026 ; 103.051;
32 ; 6 ; 25 ; -0.00575749 ; 0.000976687 ; -0.00620908 ; 102.173;
33 ; 6 ; 25 ; 0.0127351 ; 0.0196867 ; -0.00576327 ; 102.727;
4 ; 7 ; 25 ; 0.0105022 ; 0.0101595 ; -0.00502365 ; 102.58;
5 ; 7 ; 25 ; 0.00147873 ; 0.0297867 ; -0.00879004 ; 103.09;
6 ; 7 ; 25 ; -0.00761332 ; 0.0126382 ; 0.00264911 ; 102.201;
7 ; 7 ; 25 ; 0.0179695 ; 0.0228869 ; -0.00238235 ; 102.494;
8 ; 7 ; 25 ; 0.0203429 ; 0.0123737 ; -0.00154558 ; 102.674;
9 ; 7 ; 25 ; 0.0247408 ; 0.00599778 ; -0.00693625 ; 102.791;
10 ; 7 ; 25 ; 0.0162026 ; 0.0214521 ; -0.0119843 ; 102.85;
11 ; 7 ; 25 ; 0.016994 ; -0.00465681 ; -0.00726257 ; 102.531;
12 ; 7 ; 25 ; 0.0173316 ; 0.0128054 ; -0.0141168 ; 102.834;
13 ; 7 ; 25 ; -0.00470503 ; 0.0316495 ; -0.0158447 ; 102.152;
14 ; 7 ; 25 ; 0.0146507 ; 0.0204302 ; -0.0142281 ; 101.984;
15 ; 7 ; 25 ; 0.00971983 ; 0.0203663 ; -0.0121205 ; 102.035;
16 ; 7 ; 25 ; -0.00170566 ; 0.0290193 ; -0.00658549 ; 102.331;
17 ; 7 ; 25 ; 0.000540087 ; 0.0346679 ; -0.012589 ; 102.283;
18 ; 7 ; 25 ; 0.00212998 ; 0.0203651 ; -0.0208766 ; 102.605;
19 ; 7 ; 25 ; 0.00682378 ; 0.0226624 ; -0.00712833 ; 102.625;
20 ; 7 ; 25 ; 0.00186456 ; 0.0223003 ; -0.024247 ; 102.232;
21 ; 7 ; 25 ; -0.00170739 ; 0.0269758 ; -0.0135075 ; 102.396;
22 ; 7 ; 25 ; -0.0144346 ; 0.0291936 ; -0.0220514 ; 102.145;
23 ; 7 ; 25 ; 0.00367721 ; 0.00895359 ; -0.0245739 ; 102.319;
24 ; 7 ; 25 ; 0.00791997 ; 0.023738 ; -0.00407717 ; 102.957;
25 ; 7 ; 25 ; -0.00541779 ; 0.0151881 ; -0.0187542 ; 102.475;
26 ; 7 ; 25 ; -0.0165346 ; 0.0149749 ; -0.0164393 ; 102.307;
27 ; 7 ; 25 ; -0.0085527 ; 0.0185446 ; -0.0240433 ; 102.812;
28 ; 7 ; 25 ; -0.00922635 ; 0.0175869 ; -0.0126842 ; 102.349;
29 ; 7 ; 25 ; -0.0091958 ; 0.0207922 ; -0.00990692 ; 102.383;
30 ; 7 ; 25 ; -0.00400118 ; 0.00975055 ; 0.00432134 ; 102.791;
31 ; 7 ; 25 ; -0.0162711 ; 0.00713683 ; -0.0140635 ; 102.289;
32 ; 7 ; 25 ; -0.0138795 ; 0.0184218 ; 0.00130386 ; 103.011;
33 ; 7 ; 25 ; -0.00586797 ; 0.0200826 ; 0.000777065 ; 102.511;
4 ; 8 ; 25 ; 0.0140501 ; 0.0287639 ; -0.00733822 ; 102.587;
5 ; 8 ; 25 ; 0.0146628 ; 0.0260048 ; 6.92846e-05 ; 102.644;
6 ; 8 ; 25 ; 0.00767462 ; 0.0173412 ; 0.00326913 ; 102.709;
7 ; 8 ; 25 ; 0.0159826 ; 0.0211014 ; -0.00127172 ; 102.89;
8 ; 8 ; 25 ; 0.0267628 ; 0.0159609 ; -0.000227486 ; 102.812;
9 ; 8 ; 25 ; 0.0233714 ; 0.0308347 ; -0.00414378 ; 103.118;
10 ; 8 ; 25 ; 0.0388484 ; 0.0115785 ; 0.00154228 ; 102.109;
11 ; 8 ; 25 ; 0.0198185 ; 0.0268005 ; -0.00470599 ; 103.034;
12 ; 8 ; 25 ; 0.0190787 ; 0.0280335 ; -0.0146469 ; 102.395;
13 ; 8 ; 25 ; 0.00288602 ; 0.016136 ; -0.00238649 ; 102.592;
14 ; 8 ; 25 ; 0.00426865 ; 0.0232425 ; -0.0014934 ; 102.436;
15 ; 8 ; 25 ; -0.0058694 ; 0.0230658 ; -0.0210984 ; 102.466;
16 ; 8 ; 25 ; 0.0022611 ; 0.0354812 ; -0.00708951 ; 102.49;
17 ; 8 ; 25 ; -0.00789514 ; 0.022918 ; -0.00733349 ; 102.222;
18 ; 8 ; 25 ; 0.00677397 ; 0.0145587 ; -0.0162843 ; 102.586;
19 ; 8 ; 25 ; 0.000971483 ; 0.0249712 ; -0.0110979 ; 101.828;
20 ; 8 ; 25 ; -0.000240548 ; 0.0232913 ; -0.0148911 ; 102.451;
21 ; 8 ; 25 ; 0.0010828 ; 0.0222851 ; -0.0146886 ; 102.489;
22 ; 8 ; 25 ; 0.0016658 ; 0.0245846 ; -0.0111016 ; 102.389;
23 ; 8 ; 25 ; -0.00344559 ; 0.0209676 ; -0.00992903 ; 102.349;
24 ; 8 ; 25 ; -0.00601045 ; 0.0176875 ; -0.0147588 ; 102.123;
25 ; 8 ; 25 ; -0.0153952 ; 0.0284844 ; -0.00818208 ; 102.746;
26 ; 8 ; 25 ; -0.013735 ; 0.00277731 ; -0.00451171 ; 102.651;
27 ; 8 ; 25 ; -0.0180766 ; 0.0151889 ; -0.0133858 ; 103.155;
28 ; 8 ; 25 ; -0.0130084 ; 0.0236214 ; -0.0201077 ; 102.548;
29 ; 8 ; 25 ; -0.0038084 ; 0.0129198 ; -0.0122333 ; 102.973;
30 ; 8 ; 25 ; -0.00750401 ; 0.0181667 ; -0.00571636 ; 102.551;
31 ; 8 ; 25 ; -0.00642232 ; 0.0170063 ; -0.0117355 ; 102.343;
32 ; 8 ; 25 ; -0.00791601 ; 0.0172663 ; 0.000364776 ; 102.799;
33 ; 8 ; 25 ; -0.00452805 ; 0.0186783 ; -0.000924786 ; 102.869;
4 ; 9 ; 25 ; -0.00351423 ; 0.0213624 ; 0.00530948 ; 102.642;
5 ; 9 ; 25 ; 0.00284507 ; 0.0139479 ; -0.00922257 ; 102.439;
6 ; 9 ; 25 ; 0.00588439 ; 0.0217797 ; -0.0114072 ; 102.756;
7 ; 9 ; 25 ; 0.00472438 ; 0.0174653 ; -0.00618547 ; 102.857;
8 ; 9 ; 25 ; 0.0185396 ; 0.0170359 ; -0.000702473 ; 102.742;
9 ; 9 ; 25 ; 0.022614 ; 0.0198943 ; -0.00324819 ; 102.907;
10 ; 9 ; 25 ; 0.00981733 ; 0.0255114 ; -0.0128761 ; 102.708;
11 ; 9 ; 25 ; 0.022191 ; 0.0185869 ; -0.00471638 ; 102.465;
12 ; 9 ; 25 ; 0.00690218 ; 0.016667 ; -0.00903793 ; 102.133;
13 ; 9 ; 25 ; -0.000931955 ; 0.0240465 ; -0.00673231 ; 102.308;
14 ; 9 ; 25 ; -0.00306423 ; 0.0222781 ; -0.00913122 ; 102.504;
15 ; 9 ; 25 ; 0.00221428 ; 0.0294661 ; -0.0214735 ; 102.309;
16 ; 9 ; 25 ; 0.00690259 ; 0.0252942 ; -0.0171224 ; 102.31;
17 ; 9 ; 25 ; -0.0126681 ; 0.0239136 ; -0.00938308 ; 102.253;
18 ; 9 ; 25 ; -0.00254057 ; 0.0305471 ; -0.0169114 ; 101.937;
19 ; 9 ; 25 ; 0.0138361 ; 0.0258203 ; -0.0108894 ; 102.148;
20 ; 9 ; 25 ; 0.000661945 ; 0.0234707 ; -0.014353 ; 102.561;
21 ; 9 ; 25 ; 0.0023284 ; 0.0215671 ; -0.00808164 ; 102.406;
22 ; 9 ; 25 ; -0.000856017 ; 0.0319695 ; -0.0150121 ; 101.756;
23 ; 9 ; 25 ; -0.00721854 ; 0.0262277 ; -0.0141556 ; 102.558;
24 ; 9 ; 25 ; -0.00412267 ; 0.0200234 ; -0.0254329 ; 102.737;
25 ; 9 ; 25 ; -0.0175983 ; 0.0163097 ; -0.00495689 ; 102.679;
26 ; 9 ; 25 ; -0.0196489 ; 0.00733295 ; -0.0178215 ; 102.797;
27 ; 9 ; 25 ; -0.0152417 ; 0.0196135 ; -0.0159664 ; 102.267;
28 ; 9 ; 25 ; -0.0205582 ; 0.0301005 ; -0.0058085 ; 102.851;
29 ; 9 ; 25 ; -0.0212525 ; 0.00806343 ; -0.0159589 ; 102.342;
30 ; 9 ; 25 ; -0.021872 ; 0.00775259 ; 0.0132491 ; 102.51;
31 ; 9 ; 25 ; -0.00824162 ; 0.00619318 ; -0.00549134 ; 102.87;
32 ; 9 ; 25 ; 0.00204515 ; 0.0246926 ; -0.0110763 ; 102.562;
33 ; 9 ; 25 ; 0.00410309 ; 0.0277397 ; -0.0126289 ; 102.384;
4 ; 10 ; 25 ; -0.000172283 ; 0.0110874 ; -0.0202711 ; 102.713;
5 ; 10 ; 25 ; 0.00208423 ; 0.0186461 ; -0.0111909 ; 102.854;
6 ; 10 ; 25 ; 0.00964365 ; 0.00542383 ; -0.00776272 ; 102.082;
7 ; 10 ; 25 ; 0.0163405 ; 0.0211461 ; -0.00275133 ; 102.835;
8 ; 10 ; 25 ; 0.00942029 ; 0.0158574 ; 0.00262636 ; 102.661;
9 ; 10 ; 25 ; 0.0148011 ; 0.0152575 ; -0.00757603 ; 103.101;
10 ; 10 ; 25 ; 0.00504006 ; 0.00987351 ; -0.0034766 ; 102.875;
11 ; 10 ; 25 ; 0.0267059 ; 0.0271097 ; -0.00972836 ; 102.527;
12 ; 10 ; 25 ; 0.0186763 ; 0.0252701 ; -0.00993652 ; 102.234;
13 ; 10 ; 25 ; 0.00498238 ; 0.0295875 ; -0.02121 ; 102.271;
14 ; 10 ; 25 ; 0.0086105 ; 0.0172185 ; -0.023346 ; 101.847;
15 ; 10 ; 25 ; 0.00767218 ; 0.0137733 ; -0.00606898 ; 102.63;
16 ; 10 ; 25 ; 0.00341258 ; 0.0209402 ; -0.00222205 ; 102.263;
17 ; 10 ; 25 ; -0.000255577 ; 0.013641 ; -0.0143503 ; 101.816;
18 ; 10 ; 25 ; 0.0094814 ; 0.0311657 ; -0.0163856 ; 102.356;
19 ; 10 ; 25 ; 0.01095 ; 0.0222757 ; -0.00844891 ; 102.074;
20 ; 10 ; 25 ; -0.00572635 ; 0.0207346 ; -0.0176232 ; 101.895;
21 ; 10 ; 25 ; -0.00157859 ; 0.0243708 ; -0.00891887 ; 102.433;
22 ; 10 ; 25 ; 0.00583785 ; 0.023888 ; -0.0167054 ; 102.415;
23 ; 10 ; 25 ; 0.00324878 ; 0.0197014 ; -0.00797092 ; 101.984;
24 ; 10 ; 25 ; -0.0117684 ; 0.0224232 ; -0.0168923 ; 102.242;
25 ; 10 ; 25 ; -0.0080488 ; 0.0132005 ; -0.00298586 ; 102.265;
26 ; 10 ; 25 ; -0.0217784 ; 0.0231397 ; 0.00739916 ; 102.902;
27 ; 10 ; 25 ; -0.0310554 ; 0.0187215 ; -0.0134617 ; 102.545;
28 ; 10 ; 25 ; -0.0251934 ; 0.0374833 ; -0.0127324 ; 103.069;
29 ; 10 ; 25 ; -0.00894285 ; 0.0138191 ; -0.0173159 ; 102.487;
30 ; 10 ; 25 ; -0.0179154 ; 0.00396386 ; -0.0087983 ; 102.281;
31 ; 10 ; 25 ; -0.00313515 ; 0.0167518 ; -0.0170793 ; 102.904;
32 ; 10 ; 25 ; -0.0133553 ; 0.0176544 ; -0.00831031 ; 102.68;
33 ; 10 ; 25 ; -0.0200697 ; 0.0126021 ; -0.00051361 ; 102.42;
4 ; 11 ; 25 ; -0.0094843 ; 0.0119755 ; -0.00754454 ; 102.269;
5 ; 11 ; 25 ; -0.00471553 ; 0.014635 ; -0.0208967 ; 102.726;
6 ; 11 ; 25 ; -0.000434602 ; 0.0140813 ; -0.0136823 ; 102.401;
7 ; 11 ; 25 ; 0.0178534 ; 0.0131987 ; -0.0122467 ; 102.472;
8 ; 11 ; 25 ; 0.0264714 ; 0.0118241 ; -0.0100986 ; 102.481;
9 ; 11 ; 25 ; 0.00597507 ; 0.0151878 ; -0.0140943 ; 102.526;
10 ; 11 ; 25 ; 0.00835742 ; 0.0238957 ; -0.013926 ; 102.481;
11 ; 11 ; 25 ; 0.0091496 ; 0.000343469 ; -0.0240335 ; 102.762;
12 ; 11 ; 25 ; 0.000967839 ; 0.0151692 ; -0.020578 ; 102.484;
13 ; 11 ; 25 ; 0.0109903 ; 0.0128015 ; -0.0287142 ; 102.654;
14 ; 11 ; 25 ; 0.00747304 ; 0.0153403 ; -0.0192277 ; 102.038;
15 ; 11 ; 25 ; 0.00791486 ; 0.0131957 ; -0.0128339 ; 102.14;
16 ; 11 ; 25 ; 0.00761703 ; 0.0185977 ; -0.0226848 ; 101.914;
17 ; 11 ; 25 ; -0.00520565 ; 0.00961792 ; -0.0145886 ; 102.16;
18 ; 11 ; 25 ; 0.0135247 ; 0.0218739 ; -0.0114246 ; 102.079;
19 ; 11 ; 25 ; 0.000666003 ; 0.00550074 ; -0.0178898 ; 101.958;
20 ; 11 ; 25 ; 0.00350546 ; 0.0286049 ; -0.0124848 ; 101.868;
21 ; 11 ; 25 ; -0.00229333 ; 0.00682659 ; 0.00409483 ; 102.224;
22 ; 11 ; 25 ; -0.00201352 ; 0.016435 ; -0.0182155 ; 102.123;
23 ; 11 ; 25 ; 0.00164182 ; 0.0177174 ; -0.000975322 ; 102.439;
24 ; 11 ; 25 ; -0.0235029 ; 0.0134433 ; -0.0251436 ; 102.373;
25 ; 11 ; 25 ; -0.0267718 ; 0.0215573 ; -0.0212316 ; 102.763;
26 ; 11 ; 25 ; -0.0249662 ; 0.0142286 ; -0.0247166 ; 102.414;
27 ; 11 ; 25 ; -0.0129525 ; 0.00531566 ; -0.00790574 ; 102.269;
28 ; 11 ; 25 ; -0.0117887 ; 0.0189064 ; -0.00805108 ; 102.551;
29 ; 11 ; 25 ; -0.0279458 ; 0.00813448 ; -0.00546242 ; 103.07;
30 ; 11 ; 25 ; -0.014712 ; 0.0127489 ; -0.00420908 ; 102.551;
31 ; 11 ; 25 ; -0.0148362 ; 0.0119575 ; -0.00980692 ; 102.709;
32 ; 11 ; 25 ; 0.00347048 ; 0.00290911 ; -0.0146601 ; 102.31;
33 ; 11 ; 25 ; 0.00189313 ; 0.0179175 ; -0.00207952 ; 102.454;
4 ; 12 ; 25 ; 0.0151463 ; -0.000250983 ; 0.00163712 ; 102.371;
5 ; 12 ; 25 ; -0.00682393 ; -0.00255234 ; -0.00685035 ; 102.356;
6 ; 12 ; 25 ; 0.0110008 ; 0.0119936 ; -0.00135732 ; 103.105;
7 ; 12 ; 25 ; 0.0156181 ; 0.00526536 ; -0.00761588 ; 102.541;
8 ; 12 ; 25 ; 0.0361348 ; 0.00365269 ; -0.00992786 ; 102.661;
9 ; 12 ; 25 ; 0.0159839 ; 0.0136592 ; -0.00959105 ; 102.583;
10 ; 12 ; 25 ; 0.0274066 ; 0.0149229 ; -0.0150636 ; 102.649;
11 ; 12 ; 25 ; 0.011936 ; 0.0152684 ; -0.00487063 ; 102.321;
12 ; 12 ; 25 ; 0.00640111 ; 0.015176 ; -0.00660092 ; 102.262;
13 ; 12 ; 25 ; 0.0133247 ; 0.0155958 ; -0.033776 ; 101.74;
14 ; 12 ; 25 ; 0.00984207 ; -0.00455846 ; -0.0142453 ; 102.252;
15 ; 12 ; 25 ; 0.00556571 ; 0.0143741 ; -0.0227624 ; 102.024;
16 ; 12 ; 25 ; -0.003886 ; 0.0112317 ; -0.0153634 ; 102.099;
17 ; 12 ; 25 ; -0.0109882 ; 0.0150558 ; -0.0118783 ; 102.229;
18 ; 12 ; 25 ; 0.0027319 ; 0.01133 ; -0.0346076 ; 101.748;
19 ; 12 ; 25 ; -0.010923 ; 0.0145457 ; -0.0121814 ; 102.085;
20 ; 12 ; 25 ; 0.00483551 ; 0.012724 ; -0.014198 ; 101.922;
21 ; 12 ; 25 ; -0.0047677 ; 0.0110258 ; -0.00171152 ; 102.177;
22 ; 12 ; 25 ; -0.00447792 ; 0.00326971 ; -0.0187645 ; 102.132;
23 ; 12 ; 25 ; 0.00829522 ; 0.0154912 ; -0.0176683 ; 102.144;
24 ; 12 ; 25 ; -0.00909162 ; 0.0108838 ; -0.0147487 ; 102.202;
25 ; 12 ; 25 ; -0.0286799 ; 0.0309916 ; -0.0266271 ; 102.134;
26 ; 12 ; 25 ; -0.0119272 ; 0.0233438 ; -0.0153722 ; 102.6;
27 ; 12 ; 25 ; -0.00920405 ; 0.00882183 ; -0.0143383 ; 102.594;
28 ; 12 ; 25 ; -0.0152231 ; 0.00593079 ; -0.0311923 ; 102.375;
29 ; 12 ; 25 ; -0.0236977 ; 0.0123957 ; -0.0138448 ; 102.472;
30 ; 12 ; 25 ; -0.0136883 ; 0.0162146 ; 0.00545414 ; 102.457;
31 ; 12 ; 25 ; -0.000331564 ; 0.0129941 ; -0.0104219 ; 101.961;
32 ; 12 ; 25 ; -0.00721824 ; 0.0112831 ; -0.00912262 ; 102.165;
33 ; 12 ; 25 ; -0.00415173 ; 0.0146077 ; -0.0196871 ; 102.777;
4 ; 13 ; 25 ; -0.00608406 ; -0.00121901 ; -0.0126397 ; 102.364;
5 ; 13 ; 25 ; -0.00960882 ; -0.00566994 ; -0.00669374 ; 102.404;
6 ; 13 ; 25 ; 0.0101212 ; 0.0061921 ; -0.00513181 ; 102.255;
7 ; 13 ; 25 ; 0.0221164 ; 0.0245246 ; -0.00491524 ; 102.658;
8 ; 13 ; 25 ; 0.0127614 ; 0.00658918 ; -0.0192754 ; 102.681;
9 ; 13 ; 25 ; 0.0142944 ; 0.0121193 ; -0.0143755 ; 102.575;
10 ; 13 ; 25 ; 0.0253572 ; 0.0191665 ; -0.0114157 ; 102.129;
11 ; 13 ; 25 ; 0.0255231 ; 0.0137049 ; -0.00951451 ; 102.407;
12 ; 13 ; 25 ; 0.0176612 ; 0.00621623 ; -0.0234215 ; 102.024;
13 ; 13 ; 25 ; 0.00886734 ; -0.00380321 ; -0.0147186 ; 102.173;
14 ; 13 ; 25 ; -0.0024268 ; -0.00147485 ; -0.0225625 ; 102.07;
15 ; 13 ; 25 ; -0.00257938 ; 0.0105316 ; -0.00798501 ; 102.07;
16 ; 13 ; 25 ; 0.00316291 ; 0.0199661 ; -0.0155738 ; 101.935;
17 ; 13 ; 25 ; 0.00941349 ; 0.00846013 ; -0.020186 ; 101.953;
18 ; 13 ; 25 ; -0.00477316 ; 0.0115528 ; -0.0256275 ; 101.689;
19 ; 13 ; 25 ; -0.00551391 ; 0.0116076 ; -0.0198234 ; 101.707;
20 ; 13 ; 25 ; -0.00522983 ; 0.0201185 ; -0.0191716 ; 101.91;
21 ; 13 ; 25 ; -0.011674 ; 0.00537647 ; -0.0140892 ; 102.242;
22 ; 13 ; 25 ; -0.00675422 ; 0.00668366 ; -0.0130707 ; 101.85;
23 ; 13 ; 25 ; -0.00909649 ; 0.000158989 ; -0.024092 ; 102.588;
24 ; 13 ; 25 ; -0.0210077 ; 0.0130072 ; -0.0184811 ; 101.844;
25 ; 13 ; 25 ; -0.0191726 ; 0.010865 ; -0.0132211 ; 102.516;
26 ; 13 ; 25 ; -0.0151492 ; 0.00608784 ; -0.00867073 ; 102.767;
27 ; 13 ; 25 ; -0.00248119 ; 0.00585752 ; -0.0249571 ; 102.543;
28 ; 13 ; 25 ; -0.0203099 ; 0.0232231 ; -0.0156851 ; 102.676;
29 ; 13 ; 25 ; -0.0199954 ; 0.000308472 ; -0.000877073 ; 102.683;
30 ; 13 ; 25 ; -0.00575744 ; 0.0084978 ; -0.00792336 ; 102.663;
31 ; 13 ; 25 ; -0.0136726 ; 0.00484498 ; -0.0168514 ; 102.109;
32 ; 13 ; 25 ; -0.00796046 ; 0.0191195 ; -0.00826284 ; 102.121;
33 ; 13 ; 25 ; -0.00270945 ; 0.00361611 ; -0.00829676 ; 102.142;
4 ; 14 ; 25 ; -0.00247812 ; -0.00793963 ; -0.00130534 ; 102.082;
5 ; 14 ; 25 ; 0.0113529 ; 0.0059476 ; -0.0179448 ; 102.139;
6 ; 14 ; 25 ; 0.0201429 ; 0.00332622 ; -0.00666462 ; 102.204;
7 ; 14 ; 25 ; 0.0217059 ; 0.00299683 ; -0.0124793 ; 102.678;
8 ; 14 ; 25 ; 0.024333 ; 0.000413626 ; -0.00925705 ; 102.477;
9 ; 14 ; 25 ; 0.0202809 ; 0.0105309 ; -0.0200292 ; 102.381;
10 ; 14 ; 25 ; 0.0138107 ; 8.33842e-05 ; -0.014477 ; 102.653;
11 ; 14 ; 25 ; 0.0183378 ; 0.00615714 ; -0.00546994 ; 102.272;
12 ; 14 ; 25 ; 0.0103313 ; 0.00200474 ; -0.012399 ; 102.264;
13 ; 14 ; 25 ; 0.00802612 ; -0.000972126 ; -0.0109355 ; 101.932;
14 ; 14 ; 25 ; 0.00329554 ; 0.0181367 ; -0.00663235 ; 102.061;
15 ; 14 ; 25 ; 0.00877951 ; 0.0174687 ; -0.0294384 ; 101.581;
16 ; 14 ; 25 ; 0.00781257 ; 0.0254752 ; -0.0270941 ; 101.736;
17 ; 14 ; 25 ; -0.00371192 ; 0.0194058 ; -0.0282792 ; 102.32;
18 ; 14 ; 25 ; -0.0085498 ; -0.0079416 ; -0.00999443 ; 102.109;
19 ; 14 ; 25 ; 0.0158614 ; 0.00385215 ; -0.0237921 ; 102.116;
20 ; 14 ; 25 ; -0.000142847 ; -0.00118474 ; -0.017731 ; 101.861;
21 ; 14 ; 25 ; -0.00488095 ; 0.00775695 ; -0.0126069 ; 102.019;
22 ; 14 ; 25 ; -0.0040699 ; 0.00805737 ; -0.0237389 ; 102.205;
23 ; 14 ; 25 ; -0.0089451 ; -0.00422219 ; -0.0108303 ; 102.22;
24 ; 14 ; 25 ; -0.0138551 ; 0.0130455 ; -0.0231129 ; 102.723;
25 ; 14 ; 25 ; -0.0164324 ; 0.00234968 ; -0.0193162 ; 102.133;
26 ; 14 ; 25 ; -0.0217509 ; 0.0140876 ; -0.0344659 ; 102.036;
27 ; 14 ; 25 ; -0.0090861 ; 0.00373858 ; -0.0293874 ; 102.277;
28 ; 14 ; 25 ; -0.0148844 ; 0.0030854 ; -0.0132027 ; 102.334;
29 ; 14 ; 25 ; -0.0170077 ; 0.00132166 ; -0.00127113 ; 102.545;
30 ; 14 ; 25 ; -0.0139174 ; 0.0116257 ; -0.00106508 ; 102.23;
31 ; 14 ; 25 ; -0.00659619 ; 0.0101714 ; -0.00743091 ; 102.105;
32 ; 14 ; 25 ; -0.00943791 ; 0.00242089 ; -0.0116541 ; 102.503;
33 ; 14 ; 25 ; 0.001237 ; 0.00230301 ; -0.00688366 ; 102.076;
4 ; 15 ; 25 ; 0.00551067 ; -0.00537247 ; 0.00461155 ; 102.256;
5 ; 15 ; 25 ; 0.0119852 ; -0.00345974 ; -0.0112965 ; 102.309;
6 ; 15 ; 25 ; 0.0137308 ; -0.0075016 ; -0.024575 ; 102.366;
7 ; 15 ; 25 ; 0.0109902 ; -0.00227894 ; -0.0100388 ; 102.124;
8 ; 15 ; 25 ; 0.0230669 ; -0.0163513 ; -0.0175281 ; 102.297;
9 ; 15 ; 25 ; 0.0294057 ; 0.0045863 ; -0.0356428 ; 102.129;
10 ; 15 ; 25 ; 0.0162205 ; 0.00911838 ; -0.0100405 ; 101.993;
11 ; 15 ; 25 ; 0.0189047 ; -0.010452 ; -0.0181309 ; 102.508;
12 ; 15 ; 25 ; 0.0168286 ; -0.00841418 ; -0.0152285 ; 101.764;
13 ; 15 ; 25 ; 0.0168305 ; 0.0115639 ; -0.0259009 ; 102.369;
14 ; 15 ; 25 ; 0.00611867 ; 0.00429672 ; -0.0103821 ; 101.777;
15 ; 15 ; 25 ; -0.00930446 ; 0.0129811 ; -0.0186718 ; 102.095;
16 ; 15 ; 25 ; -0.00574061 ; -0.00286714 ; -0.0341926 ; 101.99;
17 ; 15 ; 25 ; 0.00393432 ; 0.00543316 ; -0.0345124 ; 101.469;
18 ; 15 ; 25 ; -0.00486057 ; -0.0162437 ; -0.0239545 ; 101.768;
19 ; 15 ; 25 ; -0.0106829 ; -0.0143227 ; -0.0261393 ; 101.497;
20 ; 15 ; 25 ; 0.00252051 ; -0.0103172 ; -0.0160856 ; 102.123;
21 ; 15 ; 25 ; 0.00277198 ; 0.00456179 ; -0.0161495 ; 101.475;
22 ; 15 ; 25 ; 0.00348085 ; -0.00326541 ; -0.0241811 ; 101.628;
23 ; 15 ; 25 ; -0.000861091 ; 0.0119582 ; -0.024889 ; 101.723;
24 ; 15 ; 25 ; -0.00908815 ; 0.00536424 ; -0.0126628 ; 101.947;
25 ; 15 ; 25 ; -0.0090466 ; 0.00167606 ; -0.00952172 ; 101.941;
26 ; 15 ; 25 ; -0.0175003 ; 0.00384238 ; -0.0226862 ; 102.351;
27 ; 15 ; 25 ; -0.0158367 ; 0.00683742 ; -0.0121165 ; 102.065;
28 ; 15 ; 25 ; -0.0220259 ; -0.00904552 ; -0.00858511 ; 102.728;
29 ; 15 ; 25 ; -0.0178393 ; -0.0101496 ; -0.0169017 ; 102.045;
30 ; 15 ; 25 ; -0.0110202 ; 0.0107801 ; -0.0149482 ; 102.465;
31 ; 15 ; 25 ; -0.0163691 ; -0.00602947 ; -0.0116894 ; 102.094;
32 ; 15 ; 25 ; -0.0245314 ; -0.000543869 ; -0.0178612 ; 102.063;
33 ; 15 ; 25 ; -0.0121579 ; 0.00479723 ; -0.0139255 ; 102.065;
4 ; 16 ; 25 ; 0.0196006 ; 0.000348879 ; -0.0228544 ; 101.993;
5 ; 16 ; 25 ; 0.0111604 ; -0.0110866 ; -0.00777838 ; 102.587;
6 ; 16 ; 25 ; 0.029442 ; -0.00221351 ; -0.0163445 ; 102.325;
7 ; 16 ; 25 ; 0.019768 ; 0.0013539 ; -0.0139398 ; 102.256;
8 ; 16 ; 25 ; 0.0220244 ; -0.00914883 ; -0.0181865 ; 102.421;
9 ; 16 ; 25 ; 0.0155831 ; -0.00678304 ; -0.0152035 ; 102.353;
10 ; 16 ; 25 ; 0.0157188 ; -0.00987393 ; -0.0116752 ; 102.102;
11 ; 16 ; 25 ; 0.0248011 ; -0.010582 ; -0.0264097 ; 101.855;
12 ; 16 ; 25 ; 0.0239087 ; -0.0210455 ; -0.0142293 ; 102.427;
13 ; 16 ; 25 ; 0.00342555 ; -0.00646384 ; -0.0281521 ; 102.229;
14 ; 16 ; 25 ; -0.00400713 ; 0.00953305 ; -0.0221255 ; 101.937;
15 ; 16 ; 25 ; 0.00542888 ; -0.000497838 ; -0.0196321 ; 101.916;
16 ; 16 ; 25 ; 0.0126568 ; 0.00710827 ; -0.00903697 ; 101.831;
17 ; 16 ; 25 ; -0.0059096 ; -0.00455877 ; -0.0105075 ; 101.737;
18 ; 16 ; 25 ; -0.00240587 ; -0.00551385 ; -0.0144231 ; 101.621;
19 ; 16 ; 25 ; -0.00360968 ; 0.00415494 ; -0.0203157 ; 101.941;
20 ; 16 ; 25 ; -0.00142374 ; -0.00796831 ; -0.0136457 ; 101.897;
21 ; 16 ; 25 ; -0.00933584 ; 0.0131117 ; -0.0180873 ; 101.521;
22 ; 16 ; 25 ; -0.00323826 ; -0.00142419 ; -0.0240484 ; 101.91;
23 ; 16 ; 25 ; -0.0100553 ; 0.0170098 ; -0.0214112 ; 101.356;
24 ; 16 ; 25 ; -0.00391958 ; 0.00121231 ; -0.0132071 ; 102.019;
25 ; 16 ; 25 ; -0.0138051 ; 0.0238975 ; -0.00361572 ; 102.248;
26 ; 16 ; 25 ; -0.0305893 ; -0.00164868 ; -0.0127472 ; 101.882;
27 ; 16 ; 25 ; -0.0272737 ; 0.013406 ; -0.0146082 ; 102.153;
28 ; 16 ; 25 ; -0.0192532 ; -0.00999752 ; -0.0211064 ; 102.195;
29 ; 16 ; 25 ; -0.0159556 ; -0.0169133 ; -0.00802963 ; 102.525;
30 ; 16 ; 25 ; -0.0236284 ; 0.00170266 ; -0.00916367 ; 102.395;
31 ; 16 ; 25 ; -0.0166671 ; -0.0105998 ; -0.0115003 ; 101.623;
32 ; 16 ; 25 ; -0.00418774 ; 0.0145457 ; -0.0172972 ; 102.416;
33 ; 16 ; 25 ; -0.0122279 ; 0.00429426 ; -0.0150609 ; 101.875;
4 ; 17 ; 25 ; -0.00314231 ; -0.000516536 ; -0.0103016 ; 102.257;
5 ; 17 ; 25 ; 0.0135463 ; -0.0090813 ; -0.00516006 ; 101.985;
6 ; 17 ; 25 ; 0.0189122 ; -0.000978451 ; -0.0172567 ; 102.084;
7 ; 17 ; 25 ; 0.0313037 ; -0.00774196 ; -0.0173007 ; 102.499;
8 ; 17 ; 25 ; 0.0203817 ; -0.00969093 ; -0.0118117 ; 102.928;
9 ; 17 ; 25 ; 0.0227261 ; -0.00539963 ; 0.00127508 ; 102.332;
10 ; 17 ; 25 ; 0.0116949 ; 0.00184948 ; -0.0114821 ; 101.861;
11 ; 17 ; 25 ; 0.010329 ; 0.00487409 ; -0.0168368 ; 101.947;
12 ; 17 ; 25 ; 0.021179 ; -0.0124895 ; -0.0118955 ; 101.847;
13 ; 17 ; 25 ; 0.0146269 ; -0.00571183 ; -0.0090287 ; 101.755;
14 ; 17 ; 25 ; 0.00875787 ; 0.00375926 ; -0.0249717 ; 101.944;
15 ; 17 ; 25 ; -0.00370009 ; -0.00272324 ; -0.0191951 ; 101.65;
16 ; 17 ; 25 ; 0.00897769 ; 0.000300336 ; -0.0172705 ; 101.37;
17 ; 17 ; 25 ; 0.0151309 ; 0.00838246 ; -0.00945517 ; 101.804;
18 ; 17 ; 25 ; -0.000642003 ; -0.0123458 ; -0.0179938 ; 101.696;
19 ; 17 ; 25 ; -0.00318405 ; 0.00831817 ; -0.0145414 ; 101.819;
20 ; 17 ; 25 ; 0.00178239 ; 0.00329848 ; -0.0198702 ; 101.6;
21 ; 17 ; 25 ; -0.0018043 ; 0.0032878 ; -0.0297464 ; 101.976;
22 ; 17 ; 25 ; 0.00712407 ; 0.0172427 ; -0.0186496 ; 102.146;
23 ; 17 ; 25 ; -0.0173031 ; 0.00314166 ; -0.0164009 ; 101.852;
24 ; 17 ; 25 ; -0.0193918 ; -0.00733738 ; -0.0152763 ; 101.989;
25 ; 17 ; 25 ; -0.0243997 ; 0.0139141 ; -0.00734198 ; 102.404;
26 ; 17 ; 25 ; -0.022445 ; -0.00104264 ; -0.00693253 ; 102.024;
27 ; 17 ; 25 ; -0.024427 ; 0.00527214 ; -0.00404261 ; 102.062;
28 ; 17 ; 25 ; -0.0185591 ; -0.0039853 ; -0.0140952 ; 102.331;
29 ; 17 ; 25 ; -0.0211851 ; 0.0077329 ; -0.02246 ; 102.164;
30 ; 17 ; 25 ; -0.0231971 ; 0.00131779 ; -0.0146408 ; 102.005;
31 ; 17 ; 25 ; -0.017042 ; 0.00291003 ; -0.0193964 ; 102.073;
32 ; 17 ; 25 ; -0.00471972 ; -0.00539805 ; -0.0101629 ; 102.299;
33 ; 17 ; 25 ; -0.0052564 ; -0.011434 ; -0.00812795 ; 102.283;
4 ; 18 ; 25 ; 0.00821649 ; 0.0109289 ; -0.0194936 ; 102.253;
5 ; 18 ; 25 ; 0.0048533 ; -0.00805109 ; -0.0213657 ; 101.896;
6 ; 18 ; 25 ; 0.0234195 ; 0.00553738 ; -0.0190368 ; 101.892;
7 ; 18 ; 25 ; 0.0198592 ; -0.00342315 ; -0.0136578 ; 101.703;
8 ; 18 ; 25 ; 0.0347734 ; 0.00354682 ; -0.00766731 ; 102.416;
9 ; 18 ; 25 ; 0.0263477 ; -0.00119394 ; -0.0166114 ; 102.07;
10 ; 18 ; 25 ; 0.0225645 ; 0.00207076 ; -0.0209396 ; 102.227;
11 ; 18 ; 25 ; 0.0267733 ; -0.00321229 ; -0.00124799 ; 102.286;
12 ; 18 ; 25 ; 0.0146519 ; -0.00431449 ; -0.0119337 ; 101.963;
13 ; 18 ; 25 ; 0.0075152 ; 0.0105052 ; -0.0153327 ; 101.812;
14 ; 18 ; 25 ; 0.0129028 ; -0.00960698 ; -0.0306542 ; 101.595;
15 ; 18 ; 25 ; 0.0138398 ; -0.00874006 ; -0.00794309 ; 101.731;
16 ; 18 ; 25 ; 0.000464854 ; 0.00607206 ; -0.0116313 ; 101.895;
17 ; 18 ; 25 ; -9.89243e-05 ; -0.00950091 ; -0.0312928 ; 101.719;
18 ; 18 ; 25 ; 0.00143934 ; -0.0128479 ; -0.0163039 ; 101.646;
19 ; 18 ; 25 ; 0.000264701 ; 0.0130777 ; -0.0167313 ; 101.493;
20 ; 18 ; 25 ; -0.00890029 ; 0.00277973 ; -0.0260384 ; 101.325;
21 ; 18 ; 25 ; -0.0138453 ; -0.0129109 ; -0.0155622 ; 101.914;
22 ; 18 ; 25 ; -0.000679648 ; 0.00916576 ; -0.0172484 ; 101.684;
23 ; 18 ; 25 ; -0.0199052 ; 0.00210165 ; -0.0203002 ; 102.187;
24 ; 18 ; 25 ; -0.0116012 ; -0.00720586 ; -0.0169454 ; 101.572;
25 ; 18 ; 25 ; -0.0245855 ; 0.0153583 ; -0.0131808 ; 101.882;
26 ; 18 ; 25 ; -0.0233005 ; -0.0067921 ; -0.0160837 ; 101.708;
27 ; 18 ; 25 ; -0.0170955 ; 0.0115003 ; -0.0198409 ; 101.955;
28 ; 18 ; 25 ; -0.0229525 ; -0.00483399 ; -0.0127055 ; 102.288;
29 ; 18 ; 25 ; -0.0285618 ; -0.00394046 ; -0.00205246 ; 102.265;
30 ; 18 ; 25 ; -0.0294371 ; 0.00263482 ; -0.00747831 ; 101.999;
31 ; 18 ; 25 ; -0.0112727 ; 0.00190551 ; -0.00776393 ; 102.4;
32 ; 18 ; 25 ; -0.0197549 ; 0.00416541 ; 0.000297024 ; 102.268;
33 ; 18 ; 25 ; -0.0196176 ; -0.00618589 ; -0.00614979 ; 102.651;
4 ; 19 ; 25 ; -0.000870784 ; 0.00799522 ; -0.0137799 ; 102.203;
5 ; 19 ; 25 ; 0.016714 ; 0.00308758 ; -0.0136522 ; 102.422;
6 ; 19 ; 25 ; 0.0233874 ; -0.0054323 ; -0.0226939 ; 101.568;
7 ; 19 ; 25 ; 0.015331 ; -0.00105539 ; -0.0068383 ; 102.215;
8 ; 19 ; 25 ; 0.0165762 ; 0.00775002 ; -0.0128501 ; 102.456;
9 ; 19 ; 25 ; 0.0170088 ; 0.0150911 ; -0.0281768 ; 101.97;
10 ; 19 ; 25 ; 0.0147842 ; -0.00203428 ; -0.00544871 ; 102.449;
11 ; 19 ; 25 ; 0.0148673 ; -0.017321 ; -0.010261 ; 102.496;
12 ; 19 ; 25 ; 0.00671815 ; -0.00202739 ; -0.0187932 ; 101.746;
13 ; 19 ; 25 ; 0.00732883 ; 0.00580341 ; -0.0199922 ; 102.065;
14 ; 19 ; 25 ; 0.00771677 ; -0.00996812 ; -0.0149109 ; 102.091;
15 ; 19 ; 25 ; 0.00183623 ; -0.0035197 ; -0.015091 ; 101.919;
16 ; 19 ; 25 ; 0.00804085 ; 0.00675397 ; -0.0140935 ; 101.73;
17 ; 19 ; 25 ; -0.00204134 ; -0.00483297 ; -0.00444629 ; 101.842;
18 ; 19 ; 25 ; 0.00357631 ; -0.00739542 ; -0.00448204 ; 101.875;
19 ; 19 ; 25 ; 0.0109725 ; -0.0175074 ; -0.0302225 ; 101.747;
20 ; 19 ; 25 ; -0.0087035 ; -0.0042553 ; -0.00814114 ; 101.7;
21 ; 19 ; 25 ; -0.00348436 ; 0.00434441 ; -0.019424 ; 101.784;
22 ; 19 ; 25 ; -0.0122015 ; -0.00134289 ; -0.019891 ; 102.224;
23 ; 19 ; 25 ; -0.020998 ; -0.00878066 ; -0.0263298 ; 101.959;
24 ; 19 ; 25 ; -0.0117417 ; -0.012548 ; -0.0209434 ; 102.291;
25 ; 19 ; 25 ; -0.0150765 ; 0.00447676 ; -0.0186872 ; 101.451;
26 ; 19 ; 25 ; -0.0105501 ; -0.00347997 ; -0.0338818 ; 102.402;
27 ; 19 ; 25 ; -0.0303671 ; 0.00476763 ; -0.0117731 ; 102.176;
28 ; 19 ; 25 ; -0.0197919 ; -0.0065897 ; -0.00734898 ; 102.203;
29 ; 19 ; 25 ; -0.0271396 ; -0.0018742 ; -0.0250256 ; 102.11;
30 ; 19 ; 25 ; -0.0267526 ; -0.00205838 ; -0.0113398 ; 102.407;
31 ; 19 ; 25 ; -0.00798906 ; 0.00156241 ; -0.0166004 ; 102.098;
32 ; 19 ; 25 ; -0.010854 ; 0.0100388 ; -0.020607 ; 102.18;
33 ; 19 ; 25 ; -0.0108663 ; -0.00841559 ; -0.00132242 ; 102.066;
4 ; 20 ; 25 ; -0.00662057 ; -0.00172878 ; -0.0125426 ; 102.243;
5 ; 20 ; 25 ; 0.0111671 ; -0.0065382 ; -0.0152387 ; 101.592;
6 ; 20 ; 25 ; 0.0182473 ; -0.00667559 ; -0.0182016 ; 102.491;
7 ; 20 ; 25 ; 0.018185 ; 0.0101324 ; -0.00761059 ; 102.373;
8 ; 20 ; 25 ; 0.0261458 ; -0.00368095 ; -0.0158718 ; 101.994;
9 ; 20 ; 25 ; 0.0261523 ; 0.0117925 ; -0.0127065 ; 102.482;
10 ; 20 ; 25 ; 0.0258102 ; 0.00511052 ; -0.0121316 ; 102.015;
11 ; 20 ; 25 ; 0.018049 ; 0.00553231 ; -0.0289397 ; 101.968;
12 ; 20 ; 25 ; 0.0252762 ; 0.00330268 ; -0.0299096 ; 102.22;
13 ; 20 ; 25 ; 0.00980917 ; 0.00634873 ; -0.0271362 ; 101.843;
14 ; 20 ; 25 ; -0.00284396 ; 0.00795359 ; -0.0125084 ; 101.77;
15 ; 20 ; 25 ; 0.00353676 ; 0.00977347 ; -0.0156679 ; 102.059;
16 ; 20 ; 25 ; 0.0104367 ; 0.0015037 ; -0.0203457 ; 102.066;
17 ; 20 ; 25 ; -0.0103948 ; -0.00171543 ; -0.02093 ; 101.98;
18 ; 20 ; 25 ; -0.0011399 ; 0.00163104 ; -0.00782798 ; 101.464;
19 ; 20 ; 25 ; -0.000333076 ; -0.00989837 ; -0.0238467 ; 101.71;
20 ; 20 ; 25 ; -0.00840927 ; -0.0104361 ; -0.0169988 ; 102.388;
21 ; 20 ; 25 ; -8.45826e-05 ; 0.00161261 ; -0.0215895 ; 101.505;
22 ; 20 ; 25 ; 0.00409923 ; -0.00879537 ; -0.019491 ; 101.873;
23 ; 20 ; 25 ; -0.00715606 ; -0.00209804 ; -0.023882 ; 102.013;
24 ; 20 ; 25 ; -0.00649122 ; 0.00219618 ; -0.029387 ; 101.994;
25 ; 20 ; 25 ; -0.018489 ; 0.00759645 ; -0.0288552 ; 101.927;
26 ; 20 ; 25 ; -0.023341 ; 0.00603063 ; -0.00567558 ; 101.884;
27 ; 20 ; 25 ; -0.0234976 ; -0.00459459 ; -0.0202203 ; 102.221;
28 ; 20 ; 25 ; -0.0403762 ; -0.000713401 ; -0.0220272 ; 102.13;
29 ; 20 ; 25 ; -0.0184175 ; -0.00302079 ; -0.0224691 ; 102.467;
30 ; 20 ; 25 ; -0.0194806 ; 0.00154344 ; -0.0163027 ; 102.242;
31 ; 20 ; 25 ; -0.017514 ; 0.00153628 ; -0.0036806 ; 102.414;
32 ; 20 ; 25 ; -0.0185721 ; 0.00316278 ; 0.000984649 ; 102.024;
33 ; 20 ; 25 ; -0.000702502 ; -0.000436512 ; -0.00889158 ; 102.683;
4 ; 21 ; 25 ; 0.00982302 ; -0.0062544 ; -0.000648233 ; 102.677;
5 ; 21 ; 25 ; 0.0102714 ; 0.00606509 ; -0.0128123 ; 102.343;
6 ; 21 ; 25 ; 0.00613502 ; 0.00058671 ; 0.000476569 ; 102.218;
7 ; 21 ; 25 ; 0.0198004 ; -0.00215982 ; -0.01832 ; 102.105;
8 ; 21 ; 25 ; 0.0196226 ; -0.0193004 ; -0.0229689 ; 102.54;
9 ; 21 ; 25 ; 0.0294476 ; -0.00272711 ; -0.00504153 ; 102.187;
10 ; 21 ; 25 ; 0.0281866 ; -0.00322173 ; -0.00934137 ; 102.228;
11 ; 21 ; 25 ; 0.0293955 ; 0.00911012 ; -0.0190041 ; 102.365;
12 ; 21 ; 25 ; 0.0093975 ; 0.000524285 ; -0.00152228 ; 101.862;
13 ; 21 ; 25 ; 0.00639372 ; 0.003301 ; -0.0107481 ; 101.654;
14 ; 21 ; 25 ; 0.0066544 ; -0.0172391 ; -0.0257992 ; 102.204;
15 ; 21 ; 25 ; -0.00666101 ; -0.00625047 ; -0.0242322 ; 102.004;
16 ; 21 ; 25 ; -0.00493206 ; -0.00424546 ; -0.0269239 ; 101.538;
17 ; 21 ; 25 ; 0.00994562 ; -0.00695948 ; -0.0266322 ; 102.021;
18 ; 21 ; 25 ; -0.00497 ; 0.00418414 ; -0.0210469 ; 101.653;
19 ; 21 ; 25 ; -0.00933817 ; -0.00097715 ; -0.0200853 ; 101.733;
20 ; 21 ; 25 ; -0.00145384 ; 0.00971723 ; -0.0226974 ; 101.738;
21 ; 21 ; 25 ; -7.99348e-05 ; -0.000562882 ; -0.0186088 ; 101.906;
22 ; 21 ; 25 ; -0.00934051 ; 0.00651218 ; -0.0198045 ; 101.91;
23 ; 21 ; 25 ; -0.0102423 ; -0.00120535 ; -0.0170699 ; 101.731;
24 ; 21 ; 25 ; -0.00340524 ; -0.000132932 ; -0.0299704 ; 101.966;
25 ; 21 ; 25 ; -0.0150773 ; 0.00570607 ; -0.027693 ; 102.218;
26 ; 21 ; 25 ; -0.0167173 ; -0.0134771 ; -0.0219484 ; 102.131;
27 ; 21 ; 25 ; -0.0378422 ; 0.00199366 ; -0.0166005 ; 102.306;
28 ; 21 ; 25 ; -0.0192171 ; -0.00162732 ; -0.00895192 ; 102.433;
29 ; 21 ; 25 ; -0.0254825 ; -0.0126039 ; -0.0159381 ; 102.36;
30 ; 21 ; 25 ; -0.0239699 ; 0.00280569 ; -0.00657398 ; 102.481;
31 ; 21 ; 25 ; -0.00632352 ; 4.60445e-05 ; -0.0108954 ; 102.071;
32 ; 21 ; 25 ; 0.0022464 ; 0.00604425 ; -0.00593647 ; 102.405;
33 ; 21 ; 25 ; -0.00429721 ; -0.00315626 ; -0.0184761 ; 101.756;
4 ; 22 ; 25 ; -0.00259912 ; 0.00140657 ; -0.0129175 ; 102.339;
5 ; 22 ; 25 ; 0.0177721 ; -0.00373045 ; -0.00867547 ; 102.142;
6 ; 22 ; 25 ; 0.0126881 ; -0.00143144 ; -0.00547848 ; 102.149;
7 ; 22 ; 25 ; 0.0234784 ; 0.00542268 ; -0.0211822 ; 102.454;
8 ; 22 ; 25 ; 0.0209523 ; -0.0091835 ; -0.0205299 ; 102.195;
9 ; 22 ; 25 ; 0.0276375 ; -0.00588015 ; -0.0109923 ; 102.625;
10 ; 22 ; 25 ; 0.0190714 ; -0.00397006 ; -0.00434661 ; 102.326;
11 ; 22 ; 25 ; 0.0163993 ; -0.0183884 ; -0.0175142 ; 102.176;
12 ; 22 ; 25 ; 0.0293875 ; -0.0132171 ; -0.0142504 ; 102.13;
13 ; 22 ; 25 ; 0.020433 ; 0.0038057 ; -0.0198362 ; 102.254;
14 ; 22 ; 25 ; 0.0154074 ; -0.0061138 ; -0.0238886 ; 102.12;
15 ; 22 ; 25 ; 0.00429612 ; 0.00722339 ; -0.0143766 ; 101.881;
16 ; 22 ; 25 ; -0.00146944 ; -0.0182031 ; -0.0138379 ; 101.997;
17 ; 22 ; 25 ; -0.00102003 ; -0.0127459 ; -0.00888633 ; 101.565;
18 ; 22 ; 25 ; -0.00695188 ; -0.0185576 ; -0.0206819 ; 102.108;
19 ; 22 ; 25 ; -0.0100884 ; 0.0031978 ; -0.023266 ; 102.003;
20 ; 22 ; 25 ; -0.0115409 ; -0.000514739 ; -0.0202253 ; 102.189;
21 ; 22 ; 25 ; -0.000818981 ; 0.00136715 ; -0.0128565 ; 101.626;
22 ; 22 ; 25 ; 0.00519329 ; -0.00733925 ; -0.00579467 ; 101.728;
23 ; 22 ; 25 ; -0.00606079 ; -0.00539578 ; -0.00695789 ; 101.746;
24 ; 22 ; 25 ; -0.00414085 ; 0.00664378 ; -0.012426 ; 102.027;
25 ; 22 ; 25 ; -0.0153302 ; 0.00222958 ; -0.0177496 ; 101.812;
26 ; 22 ; 25 ; -0.0248558 ; -0.00938961 ; -0.0103399 ; 102.126;
27 ; 22 ; 25 ; -0.0255841 ; 0.00733843 ; -0.0182978 ; 102.096;
28 ; 22 ; 25 ; -0.0189994 ; -0.00658755 ; -0.0115416 ; 102.65;
29 ; 22 ; 25 ; -0.0198857 ; 0.00096356 ; -0.0116213 ; 102.267;
30 ; 22 ; 25 ; -0.0209936 ; 0.0177771 ; -0.0207875 ; 102.558;
31 ; 22 ; 25 ; -0.0126695 ; 0.0182039 ; -0.0243177 ; 102.341;
32 ; 22 ; 25 ; -0.00983296 ; 0.00167586 ; -0.0066945 ; 102.103;
33 ; 22 ; 25 ; 0.00445365 ; 0.00282434 ; -0.0126064 ; 102.575;
4 ; 23 ; 25 ; 0.00568241 ; -0.0103374 ; -0.0119399 ; 102.303;
5 ; 23 ; 25 ; 0.0082782 ; 0.00369257 ; -0.0284586 ; 102.54;
6 ; 23 ; 25 ; 0.0276886 ; -0.000757636 ; -0.00956743 ; 102.088;
7 ; 23 ; 25 ; 0.0108181 ; -0.00706255 ; -0.018934 ; 102.195;
8 ; 23 ; 25 ; 0.00438951 ; -0.0108317 ; -0.0216491 ; 102.609;
9 ; 23 ; 25 ; 0.0201028 ; -0.00489229 ; -0.0130746 ; 102.823;
10 ; 23 ; 25 ; 0.0187946 ; -0.00284272 ; -0.00242195 ; 102.732;
11 ; 23 ; 25 ; 0.000980304 ; -0.0286179 ; -0.0147075 ; 101.888;
12 ; 23 ; 25 ; 0.00678114 ; 0.0107563 ; -0.0130177 ; 102.065;
13 ; 23 ; 25 ; 0.0198692 ; 0.0020575 ; -0.0172791 ; 102.002;
14 ; 23 ; 25 ; 0.0110262 ; -0.0193422 ; -0.0273836 ; 102.091;
15 ; 23 ; 25 ; 0.00134091 ; -0.00989113 ; -0.0282192 ; 102.097;
16 ; 23 ; 25 ; 0.00900909 ; -0.010814 ; -0.0360681 ; 101.99;
17 ; 23 ; 25 ; 0.00909007 ; -0.0218985 ; -0.0131631 ; 102.157;
18 ; 23 ; 25 ; 0.00988588 ; -0.0229166 ; -0.0285447 ; 102.121;
19 ; 23 ; 25 ; -0.0081071 ; -0.00655827 ; -0.0263384 ; 101.52;
20 ; 23 ; 25 ; -0.00200422 ; -0.00888325 ; -0.0281838 ; 101.868;
21 ; 23 ; 25 ; -0.00870177 ; -0.00839857 ; -0.0233477 ; 101.869;
22 ; 23 ; 25 ; 0.000448836 ; -0.0130058 ; -0.0178195 ; 101.905;
23 ; 23 ; 25 ; -0.0137401 ; -0.00397372 ; -0.0171085 ; 102.282;
24 ; 23 ; 25 ; -0.0101953 ; -0.00945822 ; -0.017357 ; 101.599;
25 ; 23 ; 25 ; -0.0206098 ; -0.00208609 ; -0.0108818 ; 102.456;
26 ; 23 ; 25 ; -0.0209335 ; -0.00848772 ; -0.00950885 ; 102.187;
27 ; 23 ; 25 ; -0.0267324 ; -0.0113748 ; -0.0167273 ; 102.626;
28 ; 23 ; 25 ; -0.0268289 ; -0.0113645 ; 0.00192278 ; 102.128;
29 ; 23 ; 25 ; -0.0226067 ; 0.00322786 ; -0.00503778 ; 102.624;
30 ; 23 ; 25 ; -0.0324847 ; 0.00506469 ; -0.0155001 ; 102.163;
31 ; 23 ; 25 ; -0.00109384 ; -0.00320271 ; -0.0236753 ; 102.372;
32 ; 23 ; 25 ; -0.0326193 ; -0.00568763 ; -0.0144797 ; 101.72;
33 ; 23 ; 25 ; -0.00997869 ; -0.00305762 ; -0.0139261 ; 102.423;
4 ; 24 ; 25 ; 0.0076081 ; -0.00750743 ; -0.0137845 ; 102.254;
5 ; 24 ; 25 ; -0.000719841 ; -0.0108307 ; -0.0233358 ; 102.353;
6 ; 24 ; 25 ; 0.0119282 ; -0.00252889 ; -0.0266092 ; 102.623;
7 ; 24 ; 25 ; 0.0167424 ; -0.021791 ; -0.0186827 ; 102.335;
8 ; 24 ; 25 ; 0.0164044 ; -0.00466214 ; 0.0043885 ; 102.69;
9 ; 24 ; 25 ; 0.0267125 ; -0.00421617 ; -0.0175402 ; 102.305;
10 ; 24 ; 25 ; 0.0336442 ; -0.00253403 ; -0.0173605 ; 102.571;
11 ; 24 ; 25 ; 0.0239117 ; -0.00717064 ; -0.0212535 ; 102.564;
12 ; 24 ; 25 ; 0.00992813 ; -0.00718507 ; -0.0188683 ; 102.429;
13 ; 24 ; 25 ; 0.0080762 ; -0.00656912 ; -0.0141281 ; 102.1;
14 ; 24 ; 25 ; 0.00900176 ; -0.00313947 ; -0.0235672 ; 102.011;
15 ; 24 ; 25 ; -0.00145107 ; -0.0216351 ; -0.0110507 ; 102.22;
16 ; 24 ; 25 ; 0.00194139 ; -0.00810538 ; -0.0275915 ; 102.314;
17 ; 24 ; 25 ; -0.00926346 ; -0.0123066 ; -0.0172573 ; 101.929;
18 ; 24 ; 25 ; -0.0129128 ; -0.0082495 ; -0.0209254 ; 101.746;
19 ; 24 ; 25 ; -0.0143087 ; -0.0175248 ; -0.0409803 ; 102.036;
20 ; 24 ; 25 ; -0.00966407 ; -0.0180109 ; -0.0213544 ; 101.559;
21 ; 24 ; 25 ; 0.0101973 ; 0.010728 ; -0.0128982 ; 101.952;
22 ; 24 ; 25 ; 0.00483769 ; -0.00992801 ; -0.0110675 ; 101.742;
23 ; 24 ; 25 ; -0.000945316 ; -0.0190077 ; -0.0224433 ; 101.671;
24 ; 24 ; 25 ; -0.016938 ; -0.0205979 ; -0.0282288 ; 102.398;
25 ; 24 ; 25 ; -0.0126533 ; -0.0162953 ; -0.0152942 ; 102.37;
26 ; 24 ; 25 ; -0.0189779 ; -0.0158772 ; -0.00691626 ; 102.041;
27 ; 24 ; 25 ; -0.00946244 ; -0.0168946 ; -0.0126087 ; 102.241;
28 ; 24 ; 25 ; -0.019572 ; -0.0131859 ; -0.0175469 ; 102.564;
29 ; 24 ; 25 ; -0.0077915 ; -0.00856093 ; -0.00561338 ; 102.772;
30 ; 24 ; 25 ; -0.0152071 ; -0.00156759 ; -0.014354 ; 102.562;
31 ; 24 ; 25 ; -0.0137386 ; -0.00482989 ; -0.009235 ; 102.33;
32 ; 24 ; 25 ; -0.0229767 ; -0.00524772 ; -0.0182897 ; 102.257;
33 ; 24 ; 25 ; -0.0015932 ; 2.63129e-05 ; -0.000409002 ; 102.729;
4 ; 25 ; 25 ; 0.0107964 ; -0.0151774 ; -0.00109705 ; 102.558;
5 ; 25 ; 25 ; 0.012197 ; -0.0125137 ; -0.0121322 ; 102.066;
6 ; 25 ; 25 ; 0.0221023 ; -0.0134278 ; -0.00794776 ; 102.595;
7 ; 25 ; 25 ; 0.0293739 ; -0.000599625 ; -0.0151853 ; 102.686;
8 ; 25 ; 25 ; 0.0256658 ; -0.0110422 ; -0.0164075 ; 102.556;
9 ; 25 ; 25 ; -0.00770035 ; -0.0199958 ; -0.0117557 ; 102.498;
10 ; 25 ; 25 ; 0.00579606 ; -0.00681473 ; -0.0154084 ; 102.338;
11 ; 25 ; 25 ; 0.0156733 ; -0.0123935 ; -0.028084 ; 102.729;
12 ; 25 ; 25 ; 0.018389 ; -0.0118443 ; -0.0192022 ; 102.826;
13 ; 25 ; 25 ; 0.018159 ; -0.0177975 ; -0.0215349 ; 102.528;
14 ; 25 ; 25 ; -0.00633906 ; -0.0153321 ; -0.0176581 ; 102.062;
15 ; 25 ; 25 ; -0.00347642 ; -0.031217 ; -0.0167475 ; 101.711;
16 ; 25 ; 25 ; 0.00477199 ; -0.0252632 ; -0.0177179 ; 102.283;
17 ; 25 ; 25 ; 0.0108 ; -0.0124412 ; -0.0182164 ; 102.099;
18 ; 25 ; 25 ; 0.00493708 ; 0.00328756 ; -0.00632266 ; 102.007;
19 ; 25 ; 25 ; 0.00855811 ; -0.0138229 ; -0.0249476 ; 102.237;
20 ; 25 ; 25 ; -0.0061029 ; -0.0156151 ; -0.0244388 ; 102.312;
21 ; 25 ; 25 ; 0.00454129 ; -0.0181855 ; -0.0187025 ; 101.848;
22 ; 25 ; 25 ; 0.00246422 ; -0.0214001 ; -0.0128002 ; 102.045;
23 ; 25 ; 25 ; -0.000200471 ; -0.0113181 ; -0.00340934 ; 102.441;
24 ; 25 ; 25 ; -0.0188356 ; -0.0262478 ; -0.0165782 ; 102.35;
25 ; 25 ; 25 ; -0.0254732 ; -0.0271091 ; -0.0174697 ; 102.542;
26 ; 25 ; 25 ; -0.0202395 ; -0.0179425 ; -0.0116425 ; 102.547;
27 ; 25 ; 25 ; -0.0184599 ; -0.0207627 ; -0.00801204 ; 102.744;
28 ; 25 ; 25 ; -0.0190924 ; -0.0256447 ; -0.00344241 ; 102.991;
29 ; 25 ; 25 ; -0.0256052 ; -0.0180971 ; -0.0168268 ; 102.234;
30 ; 25 ; 25 ; -0.00885812 ; -0.016595 ; -0.01709 ; 102.31;
31 ; 25 ; 25 ; -0.00850022 ; 0.00299155 ; 0.00444349 ; 102.552;
32 ; 25 ; 25 ; -0.00872657 ; -0.00181071 ; -0.0111355 ; 102.654;
33 ; 25 ; 25 ; -0.00309182 ; -0.00458994 ; 0.000648205 ; 102.255;
4 ; 26 ; 25 ; 0.000686058 ; -0.0119612 ; -0.0066491 ; 102.196;
5 ; 26 ; 25 ; 0.00720915 ; -0.0196505 ; -8.62167e-05 ; 102.618;
6 ; 26 ; 25 ; 0.0168885 ; -0.0211029 ; -0.0129175 ; 102.916;
7 ; 26 ; 25 ; 0.0313922 ; -0.0158358 ; -0.0199418 ; 102.432;
8 ; 26 ; 25 ; 0.0293076 ; -0.027923 ; -0.022368 ; 102.55;
9 ; 26 ; 25 ; 0.0269673 ; -0.0254608 ; -0.000491389 ; 102.364;
10 ; 26 ; 25 ; 0.0131035 ; -0.00715757 ; -0.00473216 ; 102.787;
11 ; 26 ; 25 ; 0.0132949 ; -0.00384889 ; -0.0139525 ; 102.646;
12 ; 26 ; 25 ; 0.0240574 ; -0.0128438 ; 0.00720188 ; 102.282;
13 ; 26 ; 25 ; 0.0126128 ; -0.0135388 ; -0.015797 ; 102.548;
14 ; 26 ; 25 ; 0.0046048 ; -0.0329046 ; -0.0279139 ; 102.06;
15 ; 26 ; 25 ; 0.0130832 ; -0.0285373 ; -0.0192414 ; 102.407;
16 ; 26 ; 25 ; 0.00233068 ; -0.0110811 ; -0.0132777 ; 101.913;
17 ; 26 ; 25 ; -0.00296572 ; -0.0158944 ; -0.0186459 ; 102.157;
18 ; 26 ; 25 ; 0.00177942 ; -0.0160398 ; -0.00514774 ; 102.1;
19 ; 26 ; 25 ; 0.0099265 ; -0.0308874 ; -0.0162888 ; 101.604;
20 ; 26 ; 25 ; 0.00257464 ; -0.0132699 ; -0.0181221 ; 101.876;
21 ; 26 ; 25 ; -0.00599784 ; -0.028953 ; -0.0123638 ; 102.26;
22 ; 26 ; 25 ; -0.007631 ; -0.0201711 ; -0.020566 ; 102.166;
23 ; 26 ; 25 ; -0.00415211 ; -0.020966 ; -0.0135535 ; 102.265;
24 ; 26 ; 25 ; -0.0112391 ; -0.020672 ; -0.0189656 ; 102.482;
25 ; 26 ; 25 ; -0.0141965 ; -0.0170701 ; -0.0262481 ; 102.121;
26 ; 26 ; 25 ; -0.01425 ; -0.0182589 ; -0.0165727 ; 102.559;
27 ; 26 ; 25 ; -0.0249372 ; -0.0209631 ; -0.0132661 ; 102.83;
28 ; 26 ; 25 ; -0.0232947 ; -0.0164526 ; -0.0103535 ; 103;
29 ; 26 ; 25 ; -0.0201042 ; -0.00437529 ; -0.0178184 ; 102.578;
30 ; 26 ; 25 ; 0.00754844 ; -0.0240053 ; -0.0194287 ; 102.834;
31 ; 26 ; 25 ; -0.00917117 ; -0.0158143 ; -0.00239576 ; 102.996;
32 ; 26 ; 25 ; -0.00829065 ; -0.011655 ; 0.00465412 ; 102.574;
33 ; 26 ; 25 ; 0.00833537 ; -0.0114339 ; -0.0119018 ; 102.478;
4 ; 27 ; 25 ; 0.00376366 ; -0.0144755 ; -0.00464168 ; 102.623;
5 ; 27 ; 25 ; 0.00579963 ; -0.027667 ; -0.00850308 ; 103.039;
6 ; 27 ; 25 ; 0.025798 ; -0.013381 ; -0.00593684 ; 102.478;
7 ; 27 ; 25 ; -0.000161003 ; -0.0180569 ; -0.0103068 ; 102.575;
8 ; 27 ; 25 ; 0.0129348 ; -0.0178714 ; -0.0109659 ; 102.786;
9 ; 27 ; 25 ; 0.00854338 ; -0.0204349 ; -0.0169061 ; 102.903;
10 ; 27 ; 25 ; 0.0240624 ; -0.0248855 ; -0.0145003 ; 102.556;
11 ; 27 ; 25 ; 0.0118561 ; -0.0163688 ; 0.00664501 ; 102.54;
12 ; 27 ; 25 ; 0.0129959 ; -0.0177679 ; -0.00449842 ; 102.511;
13 ; 27 ; 25 ; 0.0131754 ; -0.0273363 ; 0.00179005 ; 102.302;
14 ; 27 ; 25 ; 0.0168144 ; -0.015556 ; -0.0183019 ; 102.304;
15 ; 27 ; 25 ; 0.00183908 ; -0.0114586 ; -0.00379143 ; 102.33;
16 ; 27 ; 25 ; -0.00626836 ; -0.00715696 ; -0.0145242 ; 102.23;
17 ; 27 ; 25 ; -0.000269743 ; -0.0100538 ; -0.0155271 ; 102.302;
18 ; 27 ; 25 ; -0.00294571 ; -0.0375503 ; -0.0121754 ; 102.052;
19 ; 27 ; 25 ; -0.011859 ; -0.023493 ; -0.0254818 ; 101.852;
20 ; 27 ; 25 ; -0.00831133 ; -0.0136868 ; -0.0147954 ; 101.958;
21 ; 27 ; 25 ; -0.017153 ; -0.0239643 ; -0.0149033 ; 101.982;
22 ; 27 ; 25 ; -0.00164317 ; -0.0268754 ; -0.0112131 ; 102.168;
23 ; 27 ; 25 ; -0.00365965 ; -0.0194543 ; -0.0134872 ; 102.25;
24 ; 27 ; 25 ; -0.0134994 ; -0.0161748 ; -0.0237623 ; 102.376;
25 ; 27 ; 25 ; -0.000825634 ; -0.0199921 ; 1.05628e-05 ; 102.501;
26 ; 27 ; 25 ; -0.0186164 ; -0.00699753 ; -0.0134794 ; 102.678;
27 ; 27 ; 25 ; -0.018682 ; -0.0162751 ; -0.0205818 ; 102.174;
28 ; 27 ; 25 ; -0.0276799 ; -0.00728483 ; -0.00638343 ; 102.785;
29 ; 27 ; 25 ; -0.0132553 ; -0.0175189 ; -0.0227335 ; 102.561;
30 ; 27 ; 25 ; -0.0210383 ; -0.0230471 ; -0.00895095 ; 102.61;
31 ; 27 ; 25 ; -0.0147765 ; -0.0337892 ; -0.000700679 ; 102.335;
32 ; 27 ; 25 ; -0.0109608 ; -0.00953463 ; 0.011567 ; 102.626;
33 ; 27 ; 25 ; -0.00843262 ; -0.010689 ; -0.00265558 ; 102.596;
4 ; 28 ; 25 ; -0.0076113 ; -0.00800867 ; -0.00749838 ; 102.582;
5 ; 28 ; 25 ; -0.000667506 ; -0.0197897 ; -0.0162982 ; 102.964;
6 ; 28 ; 25 ; 0.0115899 ; -0.0191301 ; -0.0185422 ; 102.292;
7 ; 28 ; 25 ; 0.0111537 ; -0.0190899 ; -0.0161324 ; 102.989;
8 ; 28 ; 25 ; 0.0141002 ; -0.0157169 ; -0.0150831 ; 102.599;
9 ; 28 ; 25 ; 0.0253321 ; -0.0153848 ; -0.00745623 ; 102.842;
10 ; 28 ; 25 ; 0.0116398 ; -0.0162771 ; -0.0170619 ; 102.499;
11 ; 28 ; 25 ; 0.0100646 ; -0.0162926 ; -0.0146013 ; 102.392;
12 ; 28 ; 25 ; 0.0121565 ; -0.0277241 ; -0.0276616 ; 102.626;
13 ; 28 ; 25 ; 0.00554019 ; -0.0253665 ; -0.0190704 ; 102.521;
14 ; 28 ; 25 ; 0.00267307 ; -0.0241038 ; -0.0121302 ; 102.69;
15 ; 28 ; 25 ; -6.32549e-06 ; -0.0309727 ; -0.00648821 ; 101.895;
16 ; 28 ; 25 ; -0.00488757 ; -0.0107726 ; -0.00313177 ; 101.972;
17 ; 28 ; 25 ; 0.00617315 ; -0.0190213 ; -0.0174088 ; 102.014;
18 ; 28 ; 25 ; 0.00329557 ; -0.0366171 ; -0.0260497 ; 102.22;
19 ; 28 ; 25 ; -0.00553145 ; -0.0338564 ; -0.0114834 ; 102.144;
20 ; 28 ; 25 ; 0.00458357 ; -0.0189547 ; -0.0142333 ; 102.171;
21 ; 28 ; 25 ; -0.0100942 ; -0.0270378 ; -0.0209914 ; 102.307;
22 ; 28 ; 25 ; -0.00524887 ; -0.0172092 ; -0.0210028 ; 102.504;
23 ; 28 ; 25 ; -0.00105081 ; -0.00975154 ; -0.0154661 ; 102.393;
24 ; 28 ; 25 ; -0.00297445 ; -0.0158951 ; -0.0212434 ; 102.218;
25 ; 28 ; 25 ; -0.0127276 ; -0.0181844 ; -0.00240067 ; 102.377;
26 ; 28 ; 25 ; -0.0176131 ; -0.011419 ; -0.0214835 ; 102.903;
27 ; 28 ; 25 ; -0.0118241 ; -0.0178514 ; -0.00329747 ; 102.7;
28 ; 28 ; 25 ; -0.00854861 ; -0.0272074 ; -0.0151857 ; 102.691;
29 ; 28 ; 25 ; -0.0180437 ; -0.019255 ; -0.0108798 ; 102.849;
30 ; 28 ; 25 ; -0.0153859 ; -0.0149321 ; -0.00627105 ; 102.716;
31 ; 28 ; 25 ; -0.0160015 ; -0.0214245 ; -0.00224248 ; 102.735;
32 ; 28 ; 25 ; -0.0126107 ; -0.0214622 ; -0.00569071 ; 102.266;
33 ; 28 ; 25 ; 0.00336741 ; -0.0166148 ; -0.00592875 ; 102.49;
4 ; 29 ; 25 ; -0.000997853 ; -0.0166682 ; -0.00722031 ; 102.481;
5 ; 29 ; 25 ; 0.00611366 ; -0.00716274 ; -0.0142112 ; 102.698;
6 ; 29 ; 25 ; 0.0151151 ; -0.012825 ; -0.0147867 ; 103.017;
7 ; 29 ; 25 ; 0.00965225 ; -0.0250849 ; -0.00884393 ; 102.856;
8 ; 29 ; 25 ; 0.0231463 ; 0.00433192 ; -0.0103067 ; 102.639;
9 ; 29 ; 25 ; 0.0286315 ; -0.00854955 ; -0.0095438 ; 102.533;
10 ; 29 ; 25 ; 0.0232828 ; -0.00916065 ; -0.0107993 ; 102.678;
11 ; 29 ; 25 ; 0.0042105 ; -0.0171034 ; -0.0156054 ; 103.077;
12 ; 29 ; 25 ; 0.00997723 ; -0.00664682 ; -0.0101742 ; 102.839;
13 ; 29 ; 25 ; -0.00525031 ; -0.0171332 ; -0.0114785 ; 102.592;
14 ; 29 ; 25 ; 0.00937756 ; -0.0308459 ; -0.00659541 ; 102.409;
15 ; 29 ; 25 ; 0.00654769 ; -0.0225719 ; -0.00265503 ; 102.28;
16 ; 29 ; 25 ; 0.000330307 ; -0.0285579 ; -0.0312141 ; 102.393;
17 ; 29 ; 25 ; 0.000926155 ; -0.0320387 ; -0.0141194 ; 102.411;
18 ; 29 ; 25 ; -0.0072169 ; -0.0301283 ; -0.00353434 ; 102.296;
19 ; 29 ; 25 ; -0.00434736 ; -0.0260785 ; -0.0171115 ; 102.493;
20 ; 29 ; 25 ; 0.0032832 ; -0.0117435 ; -0.016607 ; 101.917;
21 ; 29 ; 25 ; 0.00515842 ; -0.0314758 ; 0.00230135 ; 102.064;
22 ; 29 ; 25 ; -0.00665722 ; -0.0286073 ; -0.016083 ; 102.335;
23 ; 29 ; 25 ; -0.00138004 ; -0.0265165 ; -0.016829 ; 102.316;
24 ; 29 ; 25 ; -0.0266129 ; -0.0257194 ; -0.0375874 ; 102.614;
25 ; 29 ; 25 ; -0.0205868 ; -0.0193757 ; -0.0111452 ; 102.435;
26 ; 29 ; 25 ; -0.00826134 ; -0.0100437 ; -0.0051366 ; 102.41;
27 ; 29 ; 25 ; -0.0199032 ; -0.0121212 ; 0.00288224 ; 102.562;
28 ; 29 ; 25 ; -0.017898 ; -0.0137248 ; -0.0130308 ; 102.546;
29 ; 29 ; 25 ; -0.0234262 ; -0.0103383 ; -0.0069598 ; 102.493;
30 ; 29 ; 25 ; -0.0196934 ; -0.0195979 ; -0.0234825 ; 103.027;
31 ; 29 ; 25 ; -0.00633095 ; -0.0165548 ; -0.0105025 ; 102.571;
32 ; 29 ; 25 ; -0.0107972 ; -0.0223259 ; -0.000441204 ; 102.688;
33 ; 29 ; 25 ; -0.0110626 ; -0.0215919 ; -0.0178762 ; 102.35;
4 ; 30 ; 25 ; -0.00260095 ; -0.00185366 ; -0.00074121 ; 102.676;
5 ; 30 ; 25 ; 0.0065434 ; -0.00859301 ; -0.0111299 ; 102.714;
6 ; 30 ; 25 ; 0.0120594 ; -0.005131 ; -0.00438822 ; 102.602;
7 ; 30 ; 25 ; 0.0097016 ; -0.0127084 ; 0.00442169 ; 102.536;
8 ; 30 ; 25 ; 0.0112653 ; -0.0103955 ; -0.0174742 ; 103.073;
9 ; 30 ; 25 ; 0.0194392 ; -0.00855271 ; -0.00453868 ; 102.834;
10 ; 30 ; 25 ; 0.0125711 ; -0.019669 ; -0.00489701 ; 102.727;
11 ; 30 ; 25 ; 0.0164136 ; -0.00792835 ; -0.0103608 ; 102.964;
12 ; 30 ; 25 ; 0.0104128 ; -0.0186584 ; -0.0211862 ; 102.014;
13 ; 30 ; 25 ; 0.00189272 ; -0.0267836 ; -0.0207343 ; 102.573;
14 ; 30 ; 25 ; 0.00835808 ; -0.0214384 ; 0.00284841 ; 102.257;
15 ; 30 ; 25 ; -0.0152068 ; -0.0166702 ; -0.0117407 ; 102.095;
16 ; 30 ; 25 ; -0.00308986 ; -0.019135 ; -0.0185388 ; 102.554;
17 ; 30 ; 25 ; -0.00704203 ; -0.0139768 ; -0.00106654 ; 102.078;
18 ; 30 ; 25 ; 0.00516386 ; -0.0214369 ; -0.0148887 ; 102.272;
19 ; 30 ; 25 ; -0.002073 ; -0.0112642 ; -0.00971274 ; 102.116;
20 ; 30 ; 25 ; -0.000290871 ; -0.00956773 ; -0.0152933 ; 102.264;
21 ; 30 ; 25 ; 0.00514224 ; -0.0244311 ; -0.0248861 ; 102.427;
22 ; 30 ; 25 ; -0.00112562 ; -0.0197055 ; -0.0198995 ; 102.584;
23 ; 30 ; 25 ; -0.0094592 ; -0.0230654 ; -0.00743287 ; 102.245;
24 ; 30 ; 25 ; -0.00743567 ; -0.0134514 ; -0.0183978 ; 102.563;
25 ; 30 ; 25 ; -0.00531346 ; -0.0267294 ; 0.00519841 ; 102.239;
26 ; 30 ; 25 ; -0.00521245 ; -0.0165844 ; -0.00641429 ; 102.633;
27 ; 30 ; 25 ; -0.0104676 ; -0.0246388 ; 0.00696685 ; 102.502;
28 ; 30 ; 25 ; -0.0145904 ; -0.0105713 ; -0.0130336 ; 102.697;
29 ; 30 ; 25 ; -0.0195375 ; -0.0143022 ; -0.00566859 ; 102.225;
30 ; 30 ; 25 ; -0.0140713 ; -0.0130007 ; -0.00609802 ; 102.631;
31 ; 30 ; 25 ; 0.00547482 ; -0.00428012 ; 0.000293133 ; 102.727;
32 ; 30 ; 25 ; -0.00172391 ; -0.00588555 ; -0.0106899 ; 102.884;
33 ; 30 ; 25 ; -0.000568193 ; -0.0314887 ; -0.0218359 ; 102.673;
4 ; 31 ; 25 ; -0.000607727 ; -0.0141317 ; -0.00363033 ; 102.879;
5 ; 31 ; 25 ; 0.00804565 ; -0.0184306 ; -0.00702295 ; 102.782;
6 ; 31 ; 25 ; 0.00453246 ; -0.00537611 ; -0.0144411 ; 102.44;
7 ; 31 ; 25 ; 0.0225512 ; -0.0187406 ; -0.0203189 ; 102.652;
8 ; 31 ; 25 ; 0.0176958 ; -0.010554 ; -0.013175 ; 102.334;
9 ; 31 ; 25 ; 0.0322207 ; -0.0218312 ; -0.00544494 ; 102.966;
10 ; 31 ; 25 ; 0.0161412 ; -0.0124845 ; 0.00547218 ; 102.849;
11 ; 31 ; 25 ; 0.014745 ; -0.00812537 ; -0.00721481 ; 102.925;
12 ; 31 ; 25 ; 0.00711686 ; -0.0132293 ; -0.00485372 ; 102.536;
13 ; 31 ; 25 ; 0.00124545 ; -0.0229118 ; -0.00465717 ; 102.424;
14 ; 31 ; 25 ; 0.00187223 ; -0.0162273 ; -0.00388911 ; 102.426;
15 ; 31 ; 25 ; 0.00322326 ; -0.00954764 ; -0.0282093 ; 102.01;
16 ; 31 ; 25 ; -0.00628016 ; -0.00783679 ; -0.00286323 ; 101.866;
17 ; 31 ; 25 ; 0.0100829 ; -0.00116015 ; -0.0198789 ; 102.228;
18 ; 31 ; 25 ; 0.00734915 ; -0.00863822 ; -0.00729843 ; 101.976;
19 ; 31 ; 25 ; 0.00703248 ; -0.0207361 ; -0.0109411 ; 102.787;
20 ; 31 ; 25 ; 0.00514595 ; -0.00880791 ; -0.01391 ; 102.204;
21 ; 31 ; 25 ; -0.00258642 ; -0.0314728 ; -0.0236709 ; 102.17;
22 ; 31 ; 25 ; -0.00452322 ; -0.0199476 ; -0.00205248 ; 102.333;
23 ; 31 ; 25 ; -0.00133082 ; -0.0125309 ; 0.000199737 ; 102.402;
24 ; 31 ; 25 ; -0.00884649 ; -0.0208452 ; -0.0084655 ; 102.259;
25 ; 31 ; 25 ; -0.00983107 ; -0.00777722 ; -0.0181962 ; 102.426;
26 ; 31 ; 25 ; -0.00935256 ; -0.0296956 ; -0.00615938 ; 103.066;
27 ; 31 ; 25 ; -0.000267769 ; -0.0216212 ; 0.00171496 ; 102.39;
28 ; 31 ; 25 ; -0.0143873 ; -0.0089699 ; -0.00543169 ; 102.644;
29 ; 31 ; 25 ; -0.00262364 ; -0.00958281 ; 0.00521621 ; 102.585;
30 ; 31 ; 25 ; -0.0122506 ; -0.0120741 ; -0.00683084 ; 102.05;
31 ; 31 ; 25 ; -0.0085386 ; 0.00152968 ; -0.0108811 ; 102.723;
32 ; 31 ; 25 ; -0.0166216 ; -0.0238497 ; -0.0100413 ; 102.802;
33 ; 31 ; 25 ; -0.00236739 ; -0.0184851 ; -0.0132092 ; 102.799;
4 ; 32 ; 25 ; 0.00351747 ; -0.00972301 ; 0.00476311 ; 102.596;
5 ; 32 ; 25 ; -0.00827319 ; -0.0319649 ; -0.00511339 ; 102.559;
6 ; 32 ; 25 ; 0.0119689 ; 0.00525329 ; -0.0109781 ; 102.95;
7 ; 32 ; 25 ; 0.0264653 ; -0.00422228 ; 1.13737e-05 ; 102.614;
8 ; 32 ; 25 ; 0.0297869 ; -0.00178616 ; -0.0185187 ; 103.121;
9 ; 32 ; 25 ; 0.0230448 ; -0.0121898 ; -0.00753069 ; 102.173;
10 ; 32 ; 25 ; 0.0175404 ; 0.00562794 ; -0.0219291 ; 102.638;
11 ; 32 ; 25 ; 0.00757593 ; -0.00678269 ; -0.0124273 ; 102.606;
12 ; 32 ; 25 ; 0.0153897 ; -0.013288 ; -0.0138752 ; 102.053;
13 ; 32 ; 25 ; -0.00322433 ; -0.0196515 ; -0.00731157 ; 102.85;
14 ; 32 ; 25 ; -0.00581458 ; -0.0108933 ; -0.0166253 ; 102.183;
15 ; 32 ; 25 ; 0.00188846 ; -0.00846194 ; -0.0112833 ; 101.888;
16 ; 32 ; 25 ; 0.00305836 ; -0.00553564 ; -0.0151006 ; 102.498;
17 ; 32 ; 25 ; 0.000203829 ; -0.0109511 ; -0.00958823 ; 102.117;
18 ; 32 ; 25 ; 0.000269531 ; -0.0209805 ; -0.0163136 ; 101.843;
19 ; 32 ; 25 ; -0.0033737 ; -0.0200579 ; -0.0227078 ; 102.309;
20 ; 32 ; 25 ; -0.00470301 ; -0.00928868 ; -0.00808512 ; 102.519;
21 ; 32 ; 25 ; -0.0056214 ; -0.020628 ; -0.010745 ; 102.169;
22 ; 32 ; 25 ; -0.00203625 ; -0.0104363 ; -0.013542 ; 102.441;
23 ; 32 ; 25 ; 0.00312776 ; -0.00312811 ; -0.0162633 ; 102.565;
24 ; 32 ; 25 ; -0.0121408 ; -0.0112023 ; -0.0135049 ; 102.6;
25 ; 32 ; 25 ; -0.0135841 ; -0.0151558 ; -0.0150712 ; 102.167;
26 ; 32 ; 25 ; -0.00997014 ; -0.0122121 ; -0.0142583 ; 102.515;
27 ; 32 ; 25 ; -0.0169943 ; -0.0213196 ; -0.0112836 ; 102.94;
28 ; 32 ; 25 ; -0.0225556 ; -0.00145014 ; -0.00552779 ; 103.121;
29 ; 32 ; 25 ; -0.0214302 ; -0.00789719 ; -0.00618947 ; 102.894;
30 ; 32 ; 25 ; -0.0120237 ; -0.00780731 ; -0.0168253 ; 102.657;
31 ; 32 ; 25 ; -0.0167159 ; 0.00697144 ; -0.00077335 ; 102.582;
32 ; 32 ; 25 ; -0.016573 ; 0.00141984 ; 0.00051104 ; 102.586;
33 ; 32 ; 25 ; -0.0143578 ; -0.00697412 ; -0.00746536 ; 103.041;
4 ; 33 ; 25 ; 0.0120886 ; 0.0161363 ; -0.0106178 ; 103.006;
5 ; 33 ; 25 ; 0.0127712 ; -0.00344837 ; -0.0125525 ; 102.751;
6 ; 33 ; 25 ; 0.00939674 ; -0.0135872 ; -0.0129059 ; 102.181;
7 ; 33 ; 25 ; 0.0236832 ; -0.00357395 ; -0.00472103 ; 102.634;
8 ; 33 ; 25 ; 0.0314048 ; -0.00763669 ; -0.0168728 ; 102.603;
9 ; 33 ; 25 ; 0.0177622 ; -0.00663709 ; -0.0149121 ; 102.347;
10 ; 33 ; 25 ; 0.0165473 ; 0.00704026 ; -0.00980322 ; 102.654;
11 ; 33 ; 25 ; 0.0133291 ; -0.00371999 ; 0.00615831 ; 102.351;
12 ; 33 ; 25 ; 0.0194017 ; -0.00367033 ; -0.00911702 ; 102.149;
13 ; 33 ; 25 ; 0.015738 ; 0.00448521 ; -0.00818814 ; 102.301;
14 ; 33 ; 25 ; -0.00966688 ; -0.00717196 ; -0.015005 ; 102.382;
15 ; 33 ; 25 ; -0.0102312 ; 0.00196122 ; -0.0126272 ; 102.41;
16 ; 33 ; 25 ; -0.014104 ; -0.00427242 ; -0.00574514 ; 102.442;
17 ; 33 ; 25 ; -0.00576948 ; -0.0187938 ; -0.000501164 ; 101.884;
18 ; 33 ; 25 ; 0.00351668 ; -0.0106922 ; -0.00402814 ; 102.511;
19 ; 33 ; 25 ; 0.00417627 ; 0.00100845 ; 0.00401403 ; 102.188;
20 ; 33 ; 25 ; 0.000752684 ; -9.35417e-05 ; -0.0126469 ; 102.126;
21 ; 33 ; 25 ; -0.00767439 ; -0.0149575 ; -0.00206069 ; 102.363;
22 ; 33 ; 25 ; -0.0036964 ; 0.0088435 ; -0.00860548 ; 101.975;
23 ; 33 ; 25 ; 0.0076533 ; -0.00203603 ; -0.004024 ; 101.936;
24 ; 33 ; 25 ; 0.00533775 ; 0.00228845 ; -0.000957436 ; 102.166;
25 ; 33 ; 25 ; -0.00711326 ; -0.0116589 ; -0.00838915 ; 102.079;
26 ; 33 ; 25 ; -0.00777175 ; 0.00717978 ; -0.0184599 ; 102.311;
27 ; 33 ; 25 ; -0.0131835 ; 0.0011729 ; -0.00709725 ; 102.398;
28 ; 33 ; 25 ; -0.0080616 ; 0.00131808 ; -0.005524 ; 102.379;
29 ; 33 ; 25 ; -0.0114104 ; 0.00513567 ; 0.0111299 ; 102.663;
30 ; 33 ; 25 ; -0.0142192 ; -0.00349279 ; 0.0112227 ; 102.584;
31 ; 33 ; 25 ; -0.0288326 ; -0.00149275 ; 0.00061551 ; 102.461;
32 ; 33 ; 25 ; -0.00114078 ; -0.00110759 ; 0.00266605 ; 102.784;
33 ; 33 ; 25 ; 0.00992491 ; -0.00498436 ; -0.0207997 ; 102.268;
4 ; 4 ; 26 ; -0.00268973 ; 0.0171817 ; 0.00500429 ; 103.008;
5 ; 4 ; 26 ; 0.00714089 ; 0.020038 ; -0.0118287 ; 102.994;
6 ; 4 ; 26 ; 0.0194043 ; 0.015035 ; -0.0105412 ; 102.754;
7 ; 4 ; 26 ; 0.0195158 ; -0.00547609 ; 0.000370523 ; 102.603;
8 ; 4 ; 26 ; 0.0114772 ; 0.00574691 ; 0.00650509 ; 102.461;
9 ; 4 ; 26 ; 0.0103778 ; 0.00593413 ; 0.00475004 ; 102.773;
10 ; 4 ; 26 ; 0.00749655 ; 0.00589852 ; -0.010588 ; 102.295;
11 ; 4 ; 26 ; -0.0108438 ; -0.00193897 ; 0.0017975 ; 102.708;
12 ; 4 ; 26 ; -0.00372833 ; -0.00334576 ; -0.0155406 ; 102.106;
13 ; 4 ; 26 ; 9.16112e-05 ; 0.00302978 ; -0.0151239 ; 102.299;
14 ; 4 ; 26 ; 0.0108049 ; -0.000631225 ; -0.00306035 ; 102.138;
15 ; 4 ; 26 ; -0.00541813 ; 0.00451842 ; -0.00464815 ; 102.416;
16 ; 4 ; 26 ; 0.00704858 ; 0.00971446 ; -0.015126 ; 102.754;
17 ; 4 ; 26 ; -0.00170708 ; 0.0118608 ; -0.0208167 ; 102.62;
18 ; 4 ; 26 ; -0.00542289 ; 0.00680701 ; -0.00752023 ; 102.152;
19 ; 4 ; 26 ; -0.00251594 ; 0.000893587 ; -0.0134565 ; 102.307;
20 ; 4 ; 26 ; 0.013196 ; 0.000687501 ; -0.0173865 ; 102.291;
21 ; 4 ; 26 ; -0.00259534 ; 0.00167614 ; -0.0235647 ; 102.19;
22 ; 4 ; 26 ; 0.0112212 ; -0.00296509 ; -0.0078526 ; 102.37;
23 ; 4 ; 26 ; -0.0022575 ; 0.00675111 ; -0.0179638 ; 102.485;
24 ; 4 ; 26 ; -0.0169999 ; -0.00209761 ; -0.0156014 ; 102.619;
25 ; 4 ; 26 ; -0.0042733 ; 0.0151853 ; -0.0260935 ; 102.37;
26 ; 4 ; 26 ; -0.0167454 ; 0.00771712 ; 0.00843756 ; 102.922;
27 ; 4 ; 26 ; -0.00358371 ; 0.0117824 ; -0.0134344 ; 103.311;
28 ; 4 ; 26 ; -0.0197595 ; -0.00426536 ; -0.0111872 ; 102.949;
29 ; 4 ; 26 ; -0.0190982 ; -0.0137642 ; -0.00048516 ; 102.909;
30 ; 4 ; 26 ; -0.00901241 ; -0.0112652 ; -0.00463757 ; 102.716;
31 ; 4 ; 26 ; -0.00364945 ; 0.00485583 ; -0.0100493 ; 102.446;
32 ; 4 ; 26 ; -0.00550096 ; 0.00578166 ; 0.00134176 ; 103.446;
33 ; 4 ; 26 ; -0.0156033 ; -0.00427194 ; 0.00282391 ; 102.446;
4 ; 5 ; 26 ; -0.0108288 ; 0.0210756 ; -0.0124486 ; 102.538;
5 ; 5 ; 26 ; 0.00435446 ; 0.0170808 ; -0.0161579 ; 102.847;
6 ; 5 ; 26 ; 0.0174995 ; 0.00218958 ; -0.00971221 ; 102.944;
7 ; 5 ; 26 ; 0.00902398 ; 0.00860392 ; -0.000662495 ; 102.994;
8 ; 5 ; 26 ; 0.015819 ; -0.00475887 ; 0.00119232 ; 103.139;
9 ; 5 ; 26 ; 0.0220055 ; 0.0078006 ; 0.00554424 ; 103.211;
10 ; 5 ; 26 ; 0.0102889 ; 0.0172255 ; -0.00211371 ; 102.583;
11 ; 5 ; 26 ; 0.00302778 ; 0.0147278 ; -0.0135032 ; 102.817;
12 ; 5 ; 26 ; -0.0145489 ; 0.00809053 ; -0.00586021 ; 102.595;
13 ; 5 ; 26 ; 0.0149431 ; 0.0154954 ; -0.0235193 ; 102.382;
14 ; 5 ; 26 ; 0.00124821 ; 0.00816397 ; -0.00704331 ; 102.452;
15 ; 5 ; 26 ; -0.00131631 ; 0.0052221 ; -0.0196863 ; 102.674;
16 ; 5 ; 26 ; -0.00516105 ; 0.0169277 ; -0.00822191 ; 102.544;
17 ; 5 ; 26 ; 0.00295396 ; 0.0260049 ; -0.0144559 ; 102.328;
18 ; 5 ; 26 ; -0.000436492 ; -0.00686282 ; -0.00394332 ; 102.597;
19 ; 5 ; 26 ; 0.000801042 ; 0.0242933 ; -0.0102147 ; 102.445;
20 ; 5 ; 26 ; -0.01121 ; 0.0160066 ; -0.00146585 ; 102.2;
21 ; 5 ; 26 ; -0.0124455 ; 0.00152862 ; -0.0248943 ; 102.914;
22 ; 5 ; 26 ; 0.00100177 ; 0.00486698 ; -0.0181851 ; 102.566;
23 ; 5 ; 26 ; -0.0163824 ; 0.0177323 ; -0.0140864 ; 102.124;
24 ; 5 ; 26 ; -0.00455141 ; 0.00101002 ; -0.0218475 ; 102.381;
25 ; 5 ; 26 ; -0.0226282 ; 0.019008 ; -0.0119967 ; 102.549;
26 ; 5 ; 26 ; -0.0163575 ; 0.0246729 ; -0.00360732 ; 102.823;
27 ; 5 ; 26 ; -0.0312399 ; 0.0069634 ; -0.017133 ; 102.774;
28 ; 5 ; 26 ; -0.023247 ; 0.00946313 ; -0.00748114 ; 102.961;
29 ; 5 ; 26 ; -0.0135095 ; -0.00662628 ; -0.00964861 ; 102.642;
30 ; 5 ; 26 ; -0.0177093 ; 0.0318359 ; -0.00704333 ; 102.913;
31 ; 5 ; 26 ; -0.0133228 ; -0.0100945 ; -0.012861 ; 102.7;
32 ; 5 ; 26 ; -0.0109966 ; 0.00277999 ; 0.00776643 ; 102.788;
33 ; 5 ; 26 ; -0.0139703 ; 0.019058 ; -0.0177768 ; 103.113;
4 ; 6 ; 26 ; -0.00146295 ; 0.0143129 ; -0.00913058 ; 102.553;
5 ; 6 ; 26 ; 0.00685511 ; 0.014255 ; -0.0172193 ; 102.481;
6 ; 6 ; 26 ; -0.000733212 ; 0.0180023 ; -0.0055932 ; 103.168;
7 ; 6 ; 26 ; 0.0100124 ; 0.0138769 ; -0.00628032 ; 102.599;
8 ; 6 ; 26 ; 0.0175552 ; 0.00607034 ; -0.00457294 ; 102.131;
9 ; 6 ; 26 ; 0.0128793 ; 0.00986239 ; 0.00540829 ; 102.945;
10 ; 6 ; 26 ; -0.00239451 ; 0.0149523 ; -0.00832582 ; 102.706;
11 ; 6 ; 26 ; -0.00223736 ; 0.012739 ; -0.0198653 ; 102.867;
12 ; 6 ; 26 ; -0.0128422 ; 0.0140728 ; -0.0161641 ; 102.353;
13 ; 6 ; 26 ; -0.00218984 ; 0.0154665 ; -0.0129632 ; 102.399;
14 ; 6 ; 26 ; -0.000722163 ; 0.0189047 ; -0.02181 ; 102.628;
15 ; 6 ; 26 ; -0.000653715 ; 0.0185032 ; -0.0205363 ; 102.484;
16 ; 6 ; 26 ; 0.00806278 ; 0.00968859 ; -0.0187981 ; 102.502;
17 ; 6 ; 26 ; -0.0143644 ; 0.0201992 ; -0.0245905 ; 102.569;
18 ; 6 ; 26 ; -1.19512e-05 ; 0.0363155 ; -0.0113129 ; 101.891;
19 ; 6 ; 26 ; 0.00197317 ; 0.0214277 ; -0.00752708 ; 102.099;
20 ; 6 ; 26 ; -0.00791875 ; 0.0225263 ; -0.00566923 ; 102.199;
21 ; 6 ; 26 ; -0.00244162 ; 0.0232636 ; -0.0225476 ; 102.213;
22 ; 6 ; 26 ; -0.00350184 ; 0.0111978 ; -0.0104169 ; 102.259;
23 ; 6 ; 26 ; -0.0084245 ; 0.024118 ; -0.00538236 ; 102.317;
24 ; 6 ; 26 ; -0.0163203 ; 0.0145918 ; -0.0122206 ; 102.335;
25 ; 6 ; 26 ; -0.0195321 ; 0.00899759 ; -0.00167323 ; 102.62;
26 ; 6 ; 26 ; -0.0101986 ; 0.00968396 ; -0.00521852 ; 102.808;
27 ; 6 ; 26 ; -0.014298 ; 0.00456396 ; -0.0140941 ; 102.926;
28 ; 6 ; 26 ; -0.0193249 ; 0.00629238 ; -0.0166842 ; 102.368;
29 ; 6 ; 26 ; -0.0199287 ; 0.0161254 ; -0.0116965 ; 103.272;
30 ; 6 ; 26 ; -0.0174344 ; 0.0122996 ; -0.0118763 ; 102.796;
31 ; 6 ; 26 ; -0.0148156 ; 0.00922297 ; -0.0171608 ; 102.123;
32 ; 6 ; 26 ; -0.00799896 ; 0.00515861 ; -0.00519969 ; 102.816;
33 ; 6 ; 26 ; 0.00500126 ; 0.00849685 ; -0.0119523 ; 102.636;
4 ; 7 ; 26 ; 0.00612431 ; 0.00563252 ; -0.0125328 ; 103.172;
5 ; 7 ; 26 ; 0.0123538 ; 0.014966 ; -0.00924127 ; 103.018;
6 ; 7 ; 26 ; 0.0138218 ; 0.019313 ; -0.00258783 ; 103.366;
7 ; 7 ; 26 ; 0.0192608 ; 0.00887922 ; -0.000666173 ; 102.878;
8 ; 7 ; 26 ; 0.0184855 ; -0.00469751 ; -0.00631531 ; 102.802;
9 ; 7 ; 26 ; 0.0150859 ; 0.0189743 ; -0.0124213 ; 103.244;
10 ; 7 ; 26 ; 0.00365651 ; 0.0252968 ; -0.0167462 ; 103.162;
11 ; 7 ; 26 ; 0.0100553 ; 0.00796533 ; -0.0204623 ; 102.764;
12 ; 7 ; 26 ; 0.00675439 ; 0.0167766 ; -0.0158823 ; 102.231;
13 ; 7 ; 26 ; -0.00232032 ; 0.0170272 ; -0.0122769 ; 102.674;
14 ; 7 ; 26 ; 0.00424522 ; 0.0224025 ; -0.0141387 ; 102.628;
15 ; 7 ; 26 ; 0.00736788 ; 0.0190765 ; -0.0137688 ; 102.527;
16 ; 7 ; 26 ; -0.000494487 ; 0.0291836 ; -0.0102393 ; 102.795;
17 ; 7 ; 26 ; -0.0140178 ; 0.0268246 ; -0.0218395 ; 102.757;
18 ; 7 ; 26 ; 0.000388405 ; 0.0208169 ; -0.020843 ; 102.159;
19 ; 7 ; 26 ; -0.000658706 ; 0.0265989 ; -0.0151794 ; 102.45;
20 ; 7 ; 26 ; -0.00845766 ; 0.025764 ; -0.0125353 ; 102.408;
21 ; 7 ; 26 ; 0.0044865 ; 0.0197564 ; -0.0305956 ; 101.835;
22 ; 7 ; 26 ; 0.00456439 ; 0.0148187 ; -0.0175635 ; 102.279;
23 ; 7 ; 26 ; 0.00303519 ; 0.0241652 ; -0.0201685 ; 102.642;
24 ; 7 ; 26 ; -0.00745698 ; 0.0346509 ; -0.00942619 ; 102.06;
25 ; 7 ; 26 ; -0.0115014 ; 0.0182733 ; -0.00932624 ; 102.496;
26 ; 7 ; 26 ; -0.019038 ; 0.018749 ; -0.0158524 ; 102.841;
27 ; 7 ; 26 ; -0.0201409 ; 0.0273141 ; -0.0186219 ; 102.857;
28 ; 7 ; 26 ; -0.0108766 ; 0.0097441 ; -0.00564173 ; 102.801;
29 ; 7 ; 26 ; -0.0091169 ; 0.00416368 ; -0.0182947 ; 102.794;
30 ; 7 ; 26 ; -0.0160491 ; 0.0228567 ; -0.0111175 ; 103.247;
31 ; 7 ; 26 ; 0.00625653 ; 0.0032486 ; -0.00981892 ; 102.844;
32 ; 7 ; 26 ; -0.0122795 ; 0.00927392 ; -0.0185336 ; 102.839;
33 ; 7 ; 26 ; -0.00583878 ; 0.00663386 ; -0.00175557 ; 102.448;
4 ; 8 ; 26 ; -0.00886759 ; 0.00594392 ; -0.00787923 ; 102.821;
5 ; 8 ; 26 ; 0.00603373 ; 0.022716 ; -0.0056683 ; 103.211;
6 ; 8 ; 26 ; -0.00123029 ; 0.000490555 ; 0.0107271 ; 102.675;
7 ; 8 ; 26 ; 0.0172081 ; 0.00854003 ; -0.0164084 ; 102.695;
8 ; 8 ; 26 ; 0.0101087 ; 0.00675192 ; -0.00230397 ; 103.12;
9 ; 8 ; 26 ; 0.0101428 ; 0.0206452 ; -0.0174414 ; 102.911;
10 ; 8 ; 26 ; 0.00323552 ; 0.0201578 ; -0.0171255 ; 102.761;
11 ; 8 ; 26 ; 0.0127136 ; 0.0136344 ; -0.0148579 ; 103.144;
12 ; 8 ; 26 ; 0.012466 ; 0.0241677 ; -0.0102575 ; 103.284;
13 ; 8 ; 26 ; 0.00764416 ; 0.0205561 ; -0.0175427 ; 102.19;
14 ; 8 ; 26 ; -0.00380076 ; 0.0269728 ; -0.0143907 ; 102.31;
15 ; 8 ; 26 ; -0.00581326 ; 0.019253 ; -0.00191979 ; 102.143;
16 ; 8 ; 26 ; 7.05203e-05 ; 0.0127018 ; -0.0191504 ; 102.092;
17 ; 8 ; 26 ; 0.00744426 ; 0.0275123 ; -0.018455 ; 102.432;
18 ; 8 ; 26 ; 0.0139157 ; 0.0180644 ; -0.0221871 ; 102.258;
19 ; 8 ; 26 ; -0.012854 ; 0.0162828 ; -0.012503 ; 102.395;
20 ; 8 ; 26 ; 0.00294635 ; 0.026515 ; -0.0241423 ; 103.031;
21 ; 8 ; 26 ; -0.0107069 ; 0.0147116 ; -0.0241776 ; 102.852;
22 ; 8 ; 26 ; -0.00614439 ; 0.0148111 ; -0.00416778 ; 102.435;
23 ; 8 ; 26 ; -0.0146583 ; 0.0237005 ; -0.0123773 ; 102.135;
24 ; 8 ; 26 ; -0.00926757 ; 0.0200596 ; -0.00587675 ; 102.468;
25 ; 8 ; 26 ; -0.00750836 ; 0.0122089 ; -0.0219952 ; 102.512;
26 ; 8 ; 26 ; 0.00363339 ; 0.0208181 ; -0.0126061 ; 102.706;
27 ; 8 ; 26 ; -0.01294 ; 0.0250493 ; -0.00254225 ; 102.952;
28 ; 8 ; 26 ; -0.0223059 ; 0.00621697 ; -0.00242677 ; 102.555;
29 ; 8 ; 26 ; -0.0217556 ; 0.0116367 ; -0.00974829 ; 102.939;
30 ; 8 ; 26 ; -0.00981207 ; 0.0147378 ; -0.0109238 ; 103.116;
31 ; 8 ; 26 ; -0.00717137 ; 0.0145795 ; -0.0180908 ; 102.487;
32 ; 8 ; 26 ; -0.00561181 ; 0.0194549 ; -0.0240584 ; 103.082;
33 ; 8 ; 26 ; -0.00647061 ; 0.0133118 ; -0.00276144 ; 102.52;
4 ; 9 ; 26 ; 0.0118104 ; 0.0140275 ; 0.00371968 ; 103.151;
5 ; 9 ; 26 ; -0.00525433 ; 0.017816 ; -0.0041883 ; 102.539;
6 ; 9 ; 26 ; 0.0144614 ; 0.0064198 ; -0.0107775 ; 102.928;
7 ; 9 ; 26 ; -0.00426892 ; 0.0100237 ; -0.01483 ; 102.492;
8 ; 9 ; 26 ; 0.0151129 ; 0.0144343 ; -0.00511681 ; 102.743;
9 ; 9 ; 26 ; 0.0216041 ; 0.0234343 ; -0.000282469 ; 102.664;
10 ; 9 ; 26 ; 0.00800018 ; 0.0166723 ; -0.0135624 ; 103.15;
11 ; 9 ; 26 ; 0.0198394 ; 0.0174836 ; -0.0119831 ; 102.536;
12 ; 9 ; 26 ; 0.0175984 ; 0.0157248 ; -0.00886197 ; 102.802;
13 ; 9 ; 26 ; -0.00168937 ; 0.0250933 ; -0.00762032 ; 102.791;
14 ; 9 ; 26 ; -0.00555031 ; 0.0184735 ; -0.0125214 ; 102.323;
15 ; 9 ; 26 ; 0.00808676 ; 0.0272172 ; -0.0229535 ; 102.675;
16 ; 9 ; 26 ; -0.0033896 ; 0.0187524 ; -0.00364016 ; 102.555;
17 ; 9 ; 26 ; -0.00325248 ; 0.0213442 ; -0.0117769 ; 102.073;
18 ; 9 ; 26 ; -0.00430059 ; 0.0216634 ; -0.00805581 ; 102.468;
19 ; 9 ; 26 ; -0.00414659 ; 0.00880095 ; -0.0146628 ; 102.764;
20 ; 9 ; 26 ; -0.00302107 ; 0.0148342 ; -0.01697 ; 102.306;
21 ; 9 ; 26 ; 0.000331173 ; 0.0268357 ; -0.0167955 ; 102.684;
22 ; 9 ; 26 ; -0.00780749 ; 0.0299405 ; -0.0168157 ; 102.468;
23 ; 9 ; 26 ; -0.00738879 ; 0.0217196 ; -0.029025 ; 102.495;
24 ; 9 ; 26 ; -0.00982543 ; 0.020836 ; -0.00646337 ; 102.53;
25 ; 9 ; 26 ; -0.0123063 ; 0.0153481 ; -0.0226586 ; 102.776;
26 ; 9 ; 26 ; -0.0103766 ; 0.0150252 ; -0.0190238 ; 102.573;
27 ; 9 ; 26 ; 0.000859776 ; 0.0194617 ; -0.0242387 ; 103.007;
28 ; 9 ; 26 ; -0.025472 ; 0.0112706 ; -0.0151587 ; 102.718;
29 ; 9 ; 26 ; -0.01159 ; 0.00915651 ; -0.0238129 ; 102.749;
30 ; 9 ; 26 ; -0.00404285 ; 0.0225499 ; -0.0138203 ; 102.971;
31 ; 9 ; 26 ; -0.00167522 ; 0.0156756 ; -0.0116816 ; 102.454;
32 ; 9 ; 26 ; -0.00505833 ; 0.0151452 ; -0.00792976 ; 102.714;
33 ; 9 ; 26 ; 0.00625484 ; 0.010662 ; -0.0068679 ; 102.647;
4 ; 10 ; 26 ; -0.00241238 ; 0.0125437 ; -0.0164249 ; 102.479;
5 ; 10 ; 26 ; 0.0119437 ; 0.0292876 ; -0.00368149 ; 102.906;
6 ; 10 ; 26 ; 0.0106048 ; 0.0168164 ; -0.00720443 ; 102.714;
7 ; 10 ; 26 ; 0.00878922 ; 0.0174352 ; -0.0195427 ; 102.468;
8 ; 10 ; 26 ; 0.0228836 ; 0.00267081 ; 0.000853875 ; 102.991;
9 ; 10 ; 26 ; 0.0126577 ; 0.0278695 ; -0.0214748 ; 102.835;
10 ; 10 ; 26 ; 0.0163427 ; 0.0281554 ; -0.0119749 ; 102.125;
11 ; 10 ; 26 ; 0.0216631 ; 0.0250416 ; -0.0316424 ; 102.607;
12 ; 10 ; 26 ; 0.00793821 ; 0.0186822 ; -0.0138818 ; 102.168;
13 ; 10 ; 26 ; 0.0129372 ; 0.0283201 ; -0.0259057 ; 102.858;
14 ; 10 ; 26 ; 0.00988082 ; 0.0141763 ; -0.0195111 ; 102.468;
15 ; 10 ; 26 ; -0.00220662 ; 0.0211868 ; 0.000868519 ; 101.979;
16 ; 10 ; 26 ; 0.00470463 ; 0.0105565 ; -0.0113188 ; 102.593;
17 ; 10 ; 26 ; 0.0101441 ; 0.0163985 ; -0.0308145 ; 102.341;
18 ; 10 ; 26 ; 0.00401997 ; 0.0344831 ; -0.0183067 ; 102.251;
19 ; 10 ; 26 ; -0.00384848 ; 0.00976151 ; -0.00488753 ; 102.232;
20 ; 10 ; 26 ; -0.0207285 ; 0.0263489 ; -0.0146757 ; 101.847;
21 ; 10 ; 26 ; -0.00692588 ; 0.0226794 ; -0.023476 ; 101.878;
22 ; 10 ; 26 ; 0.0086907 ; 0.0223621 ; -0.015499 ; 102.494;
23 ; 10 ; 26 ; -0.000725618 ; 0.0254628 ; -0.0274032 ; 102.358;
24 ; 10 ; 26 ; 0.00279138 ; 0.033261 ; -0.0217974 ; 102.319;
25 ; 10 ; 26 ; 0.000905972 ; 0.0157083 ; -0.0108546 ; 102.764;
26 ; 10 ; 26 ; -0.0103012 ; 0.00856406 ; -0.018106 ; 102.701;
27 ; 10 ; 26 ; -0.0240831 ; 0.00292162 ; -0.0122033 ; 102.153;
28 ; 10 ; 26 ; -0.0163948 ; 0.00245178 ; -0.012768 ; 102.572;
29 ; 10 ; 26 ; -0.0271126 ; 0.0114627 ; -0.0194342 ; 102.988;
30 ; 10 ; 26 ; -0.0110095 ; 0.00712614 ; -0.00541704 ; 102.826;
31 ; 10 ; 26 ; -0.0147331 ; 0.0202066 ; -0.0207729 ; 102.571;
32 ; 10 ; 26 ; -0.00746793 ; 0.0139496 ; -0.0193641 ; 102.638;
33 ; 10 ; 26 ; -0.0109563 ; 0.0191251 ; -0.0117289 ; 103.039;
4 ; 11 ; 26 ; -0.00829891 ; 0.0136134 ; -0.00495949 ; 102.34;
5 ; 11 ; 26 ; 0.0144066 ; 0.0236245 ; -0.00949466 ; 102.607;
6 ; 11 ; 26 ; 0.0115866 ; 0.013052 ; -0.0207263 ; 102.795;
7 ; 11 ; 26 ; 0.0107386 ; 0.00332523 ; -0.0136312 ; 103.092;
8 ; 11 ; 26 ; 0.012707 ; 0.0117344 ; -0.0106446 ; 102.872;
9 ; 11 ; 26 ; 0.0114591 ; 0.00508965 ; -0.00298611 ; 102.738;
10 ; 11 ; 26 ; 0.0221277 ; 0.00777348 ; -0.00975883 ; 102.689;
11 ; 11 ; 26 ; 0.0256771 ; 0.0143068 ; -0.021605 ; 102.765;
12 ; 11 ; 26 ; 0.0169597 ; 0.0320185 ; -0.0129865 ; 102.62;
13 ; 11 ; 26 ; 0.0140371 ; 0.0303847 ; -0.0187547 ; 102.011;
14 ; 11 ; 26 ; 0.0136786 ; 0.0255919 ; -0.00784425 ; 102.784;
15 ; 11 ; 26 ; 0.000290031 ; 0.0237035 ; -0.0119736 ; 102.494;
16 ; 11 ; 26 ; 0.00284903 ; 0.0238037 ; -0.0228509 ; 102.273;
17 ; 11 ; 26 ; 0.00281594 ; 0.0136411 ; -0.0159799 ; 102.309;
18 ; 11 ; 26 ; 0.00236885 ; 0.0197315 ; -0.0354516 ; 102.533;
19 ; 11 ; 26 ; -0.000995753 ; 0.0191639 ; -0.00886151 ; 102.168;
20 ; 11 ; 26 ; -0.00190653 ; 0.0268755 ; -0.00522835 ; 102.166;
21 ; 11 ; 26 ; -0.000305074 ; 0.0216081 ; -0.00265855 ; 101.916;
22 ; 11 ; 26 ; -0.0056829 ; 0.0303129 ; -0.0126999 ; 102.318;
23 ; 11 ; 26 ; -0.000582797 ; 0.0233769 ; -0.0161017 ; 102.471;
24 ; 11 ; 26 ; -0.000153941 ; 0.026792 ; -0.019636 ; 102.412;
25 ; 11 ; 26 ; -0.010146 ; 0.0160439 ; -0.0114393 ; 102.324;
26 ; 11 ; 26 ; -0.012826 ; 0.0240354 ; -0.0171866 ; 102.934;
27 ; 11 ; 26 ; -0.0256736 ; 0.0129024 ; -0.0188642 ; 102.711;
28 ; 11 ; 26 ; -0.0135569 ; 0.00889461 ; -0.00269166 ; 102.69;
29 ; 11 ; 26 ; -0.0277423 ; 0.0105202 ; -0.0125403 ; 102.906;
30 ; 11 ; 26 ; -0.0182735 ; 0.0114332 ; -0.00544057 ; 102.566;
31 ; 11 ; 26 ; -0.0184733 ; 0.0133862 ; -0.0129347 ; 102.927;
32 ; 11 ; 26 ; -0.0223158 ; 0.0215711 ; -0.00837699 ; 102.773;
33 ; 11 ; 26 ; -0.00667554 ; 0.0102597 ; -0.0113451 ; 102.841;
4 ; 12 ; 26 ; 0.000322785 ; 0.00248162 ; -0.00354744 ; 102.804;
5 ; 12 ; 26 ; -0.0121683 ; -0.00201553 ; -0.0124911 ; 102.439;
6 ; 12 ; 26 ; 0.00422249 ; 0.0147558 ; -0.0110463 ; 102.214;
7 ; 12 ; 26 ; 0.0162791 ; 0.00163454 ; -0.0103175 ; 102.766;
8 ; 12 ; 26 ; 0.00795512 ; 0.008707 ; -0.00740074 ; 103.112;
9 ; 12 ; 26 ; 0.0202496 ; 0.00401 ; -0.00789388 ; 102.599;
10 ; 12 ; 26 ; 0.0180838 ; 0.00321624 ; -0.00100125 ; 103.016;
11 ; 12 ; 26 ; 0.0251371 ; 0.00354495 ; -0.0153671 ; 102.433;
12 ; 12 ; 26 ; 0.0187497 ; 0.0150833 ; -0.0228069 ; 102.325;
13 ; 12 ; 26 ; 0.0173839 ; 0.00520608 ; -0.0144787 ; 102.196;
14 ; 12 ; 26 ; 0.00319895 ; 0.010675 ; -0.00834054 ; 102.408;
15 ; 12 ; 26 ; -0.00458693 ; 0.030888 ; -0.0131149 ; 102.292;
16 ; 12 ; 26 ; 0.00382407 ; 0.0208403 ; -0.009465 ; 102.323;
17 ; 12 ; 26 ; 0.0113854 ; 0.0161111 ; -0.0267708 ; 102.333;
18 ; 12 ; 26 ; -0.00489252 ; 0.00124447 ; -0.0201319 ; 101.799;
19 ; 12 ; 26 ; -0.0222982 ; 0.018959 ; -0.0196318 ; 102.335;
20 ; 12 ; 26 ; -0.00173942 ; 0.012518 ; -0.0179458 ; 101.884;
21 ; 12 ; 26 ; -0.00831796 ; 0.0121046 ; -0.0116985 ; 102.177;
22 ; 12 ; 26 ; -0.00285884 ; 0.0227657 ; -0.022644 ; 102.012;
23 ; 12 ; 26 ; 0.00696238 ; 0.0117241 ; -0.0158349 ; 102.391;
24 ; 12 ; 26 ; -0.0107807 ; 0.0172793 ; -0.0255934 ; 101.993;
25 ; 12 ; 26 ; -0.0146553 ; 0.0152624 ; -0.0116309 ; 102.646;
26 ; 12 ; 26 ; -0.022154 ; 0.0285693 ; -0.0171607 ; 102.579;
27 ; 12 ; 26 ; -0.0163936 ; 0.00949244 ; -0.0306078 ; 102.517;
28 ; 12 ; 26 ; -0.0098215 ; 0.0015275 ; -0.0126281 ; 102.414;
29 ; 12 ; 26 ; -0.017935 ; 0.00145183 ; -0.0113707 ; 102.65;
30 ; 12 ; 26 ; -0.0288291 ; 0.00395879 ; -0.0136866 ; 102.993;
31 ; 12 ; 26 ; -0.0192944 ; 0.00905621 ; -0.00402815 ; 102.704;
32 ; 12 ; 26 ; 0.00436765 ; -0.00194879 ; -0.00669203 ; 102.619;
33 ; 12 ; 26 ; -0.0165359 ; 0.00806267 ; -0.0226852 ; 102.506;
4 ; 13 ; 26 ; 0.0120251 ; 0.0113253 ; -0.0152061 ; 102.388;
5 ; 13 ; 26 ; -0.000721952 ; -0.000128128 ; -0.0286088 ; 102.253;
6 ; 13 ; 26 ; 0.0151777 ; 0.000554509 ; -0.00600869 ; 102.332;
7 ; 13 ; 26 ; 0.0181123 ; 0.00847623 ; -0.0137686 ; 102.745;
8 ; 13 ; 26 ; 0.0211324 ; 0.00812901 ; -0.0163435 ; 102.824;
9 ; 13 ; 26 ; 0.0330074 ; 0.00562547 ; -0.025749 ; 102.228;
10 ; 13 ; 26 ; 0.0213055 ; 0.00247527 ; -0.00961737 ; 102.757;
11 ; 13 ; 26 ; 0.0119925 ; 0.00213681 ; -0.014269 ; 102.481;
12 ; 13 ; 26 ; 0.0107223 ; 5.10495e-05 ; -0.011805 ; 102.73;
13 ; 13 ; 26 ; 0.00959868 ; 0.00496885 ; -0.0132811 ; 102.048;
14 ; 13 ; 26 ; 0.0117364 ; 0.0027384 ; -0.0187135 ; 101.997;
15 ; 13 ; 26 ; -0.00264362 ; 0.0142158 ; -0.0272228 ; 102.062;
16 ; 13 ; 26 ; 0.00366464 ; 0.0138133 ; -0.0258378 ; 102.223;
17 ; 13 ; 26 ; 0.000250014 ; 0.0128283 ; -0.0284061 ; 102.107;
18 ; 13 ; 26 ; -0.00139959 ; 0.00927453 ; -0.030207 ; 101.903;
19 ; 13 ; 26 ; 0.00805395 ; 0.0118961 ; -0.0251337 ; 102.206;
20 ; 13 ; 26 ; -0.00161623 ; 0.0102694 ; -0.0195639 ; 102.003;
21 ; 13 ; 26 ; 0.00900134 ; 0.00181111 ; -0.0180814 ; 102.183;
22 ; 13 ; 26 ; 0.00480008 ; 0.00359147 ; -0.0155978 ; 102.661;
23 ; 13 ; 26 ; -0.0147701 ; 0.0182904 ; -0.022079 ; 102.284;
24 ; 13 ; 26 ; -0.0154055 ; 0.010427 ; -0.0290015 ; 101.859;
25 ; 13 ; 26 ; -0.0213699 ; 0.00896584 ; -0.0144071 ; 102.656;
26 ; 13 ; 26 ; -0.0255683 ; 0.0199101 ; -0.0270691 ; 102.273;
27 ; 13 ; 26 ; -0.0267236 ; 0.0064155 ; -0.0196688 ; 102.354;
28 ; 13 ; 26 ; -0.0222548 ; 0.00198856 ; -0.00574505 ; 102.609;
29 ; 13 ; 26 ; -0.025921 ; 0.0106358 ; -0.00209387 ; 102.592;
30 ; 13 ; 26 ; -0.0162825 ; 0.00784011 ; -0.0097534 ; 102.747;
31 ; 13 ; 26 ; -0.0106024 ; 0.0109324 ; 0.00249842 ; 102.492;
32 ; 13 ; 26 ; 0.00439167 ; 0.010463 ; -0.0247197 ; 102.545;
33 ; 13 ; 26 ; -0.0160631 ; 0.00737871 ; -0.00577888 ; 102.294;
4 ; 14 ; 26 ; 0.00384346 ; -0.00793162 ; 0.0006159 ; 102.392;
5 ; 14 ; 26 ; 0.0146076 ; 6.57276e-05 ; -0.0311956 ; 102.634;
6 ; 14 ; 26 ; 0.0118291 ; 0.00112638 ; -0.0147207 ; 102.262;
7 ; 14 ; 26 ; 0.0234316 ; 0.00873928 ; -0.00408123 ; 102.314;
8 ; 14 ; 26 ; 0.0196772 ; 0.0158422 ; -0.01384 ; 102.578;
9 ; 14 ; 26 ; 0.00677588 ; 0.00943712 ; -0.00681292 ; 102.51;
10 ; 14 ; 26 ; 0.0161383 ; 0.000103819 ; -0.0155125 ; 102.484;
11 ; 14 ; 26 ; -0.00201544 ; 0.00478179 ; -0.0196003 ; 102.6;
12 ; 14 ; 26 ; 0.0207285 ; 0.0162206 ; -0.0162408 ; 102.268;
13 ; 14 ; 26 ; 0.0264345 ; 0.00263075 ; -0.0164023 ; 101.043;
14 ; 14 ; 26 ; 0.0161545 ; 0.00933784 ; -0.0223305 ; 102.416;
15 ; 14 ; 26 ; 0.00586982 ; 0.004374 ; -0.0248001 ; 101.525;
16 ; 14 ; 26 ; 0.00426952 ; 0.00163313 ; -0.0267587 ; 102.08;
17 ; 14 ; 26 ; -0.0133146 ; 0.0114848 ; -0.0181915 ; 102.061;
18 ; 14 ; 26 ; -0.00668386 ; 0.0157305 ; -0.0198171 ; 101.772;
19 ; 14 ; 26 ; 0.0006148 ; 0.00397794 ; -0.0211879 ; 101.887;
20 ; 14 ; 26 ; 0.000389124 ; 0.0159801 ; -0.0186968 ; 102.16;
21 ; 14 ; 26 ; -0.00252653 ; 0.000418413 ; -0.0116697 ; 101.943;
22 ; 14 ; 26 ; -0.0230853 ; 0.0085206 ; -0.012605 ; 101.965;
23 ; 14 ; 26 ; -0.0127365 ; 0.001956 ; -0.0239947 ; 102.432;
24 ; 14 ; 26 ; -0.00819025 ; 0.0152064 ; -0.0317746 ; 102.179;
25 ; 14 ; 26 ; -0.0114306 ; -0.00171976 ; -0.0186204 ; 102.422;
26 ; 14 ; 26 ; -0.00324862 ; -0.000618474 ; -0.0281707 ; 102.261;
27 ; 14 ; 26 ; -0.0225401 ; -0.000874725 ; -0.0178138 ; 102.862;
28 ; 14 ; 26 ; -0.0282015 ; 0.0111063 ; -0.0112046 ; 102.498;
29 ; 14 ; 26 ; -0.0130706 ; 0.00340481 ; -0.00759175 ; 102.228;
30 ; 14 ; 26 ; -0.0310159 ; 0.00676564 ; -0.0106798 ; 102.93;
31 ; 14 ; 26 ; -0.0157382 ; 0.00384287 ; -0.0130591 ; 102.381;
32 ; 14 ; 26 ; 0.00109335 ; 0.000821559 ; -0.00483104 ; 102.158;
33 ; 14 ; 26 ; -0.00728572 ; -0.000584283 ; -0.00603097 ; 102.425;
4 ; 15 ; 26 ; 0.00541483 ; 0.0111204 ; -0.0164065 ; 102.112;
5 ; 15 ; 26 ; 0.020948 ; -0.00120967 ; 0.00155549 ; 102.538;
6 ; 15 ; 26 ; 0.0233096 ; 0.0020435 ; -0.0155197 ; 102.452;
7 ; 15 ; 26 ; 0.0113027 ; -0.00260229 ; -0.00825408 ; 102.482;
8 ; 15 ; 26 ; 0.0145208 ; -0.00365726 ; -0.0057345 ; 102.482;
9 ; 15 ; 26 ; 0.0204287 ; 0.0107173 ; -0.0152602 ; 102.546;
10 ; 15 ; 26 ; 0.0209119 ; 0.0119825 ; -0.0165983 ; 102.656;
11 ; 15 ; 26 ; 0.0275024 ; 0.0153359 ; -0.0162672 ; 102.503;
12 ; 15 ; 26 ; 0.0224893 ; -0.00524272 ; -0.00980744 ; 102.139;
13 ; 15 ; 26 ; 0.00944732 ; 0.0103932 ; -0.026978 ; 102.031;
14 ; 15 ; 26 ; -0.0045242 ; 0.00950148 ; -0.0133912 ; 102.67;
15 ; 15 ; 26 ; 0.00559064 ; 0.00701777 ; -0.0106031 ; 102.021;
16 ; 15 ; 26 ; -0.00254213 ; -0.0131178 ; -0.0167695 ; 101.866;
17 ; 15 ; 26 ; 0.0032716 ; 0.00314372 ; -0.0289959 ; 102.39;
18 ; 15 ; 26 ; -0.00200774 ; 0.00200632 ; -0.022021 ; 101.46;
19 ; 15 ; 26 ; -0.00105976 ; -0.00469867 ; -0.0259782 ; 101.797;
20 ; 15 ; 26 ; -0.000204544 ; 0.0124949 ; -0.0213633 ; 102.261;
21 ; 15 ; 26 ; 0.00604995 ; 0.0104157 ; -0.0286968 ; 102.087;
22 ; 15 ; 26 ; -0.017317 ; -0.00077087 ; -0.0254751 ; 101.762;
23 ; 15 ; 26 ; 0.0020298 ; 0.0116855 ; -0.0265473 ; 101.889;
24 ; 15 ; 26 ; -0.00303807 ; 0.00203789 ; -0.00763271 ; 102.058;
25 ; 15 ; 26 ; -0.0264942 ; 0.0162893 ; -0.0233073 ; 102.267;
26 ; 15 ; 26 ; -0.0165174 ; 0.00635793 ; -0.0277933 ; 102.137;
27 ; 15 ; 26 ; -0.0308735 ; -0.00617325 ; -0.0298386 ; 102.665;
28 ; 15 ; 26 ; -0.0146377 ; -3.95312e-05 ; -0.0115991 ; 102.216;
29 ; 15 ; 26 ; -0.0213954 ; -0.0169198 ; -0.0205869 ; 102.649;
30 ; 15 ; 26 ; -0.0211743 ; -0.00024189 ; 0.000787909 ; 102.231;
31 ; 15 ; 26 ; -0.0198083 ; 0.00342345 ; -0.0210629 ; 101.896;
32 ; 15 ; 26 ; -0.000338956 ; -0.00275402 ; -0.0185187 ; 101.919;
33 ; 15 ; 26 ; 0.0110685 ; -0.00362667 ; -0.00686991 ; 102.369;
4 ; 16 ; 26 ; -0.00634861 ; -0.00386611 ; -0.0234333 ; 102.286;
5 ; 16 ; 26 ; 0.00471042 ; -0.0163827 ; -0.0148016 ; 101.936;
6 ; 16 ; 26 ; 0.0171082 ; -0.00154781 ; -0.0201666 ; 102.241;
7 ; 16 ; 26 ; 0.0223832 ; 0.001419 ; -0.0327409 ; 102.224;
8 ; 16 ; 26 ; 0.0204205 ; 0.00521153 ; -0.0232425 ; 102.673;
9 ; 16 ; 26 ; 0.0179708 ; -0.0119312 ; -0.0142936 ; 102.179;
10 ; 16 ; 26 ; 0.031296 ; -0.00588035 ; -0.00796256 ; 102.194;
11 ; 16 ; 26 ; 0.0087576 ; 0.00511026 ; -0.0348026 ; 102.197;
12 ; 16 ; 26 ; 0.0148792 ; -0.000777215 ; -0.0271405 ; 102.15;
13 ; 16 ; 26 ; 0.0123386 ; 0.00783369 ; -0.020384 ; 101.877;
14 ; 16 ; 26 ; 0.00937369 ; 0.00319875 ; -0.0265495 ; 102.158;
15 ; 16 ; 26 ; 0.00730148 ; -0.00834568 ; -0.0157179 ; 102.18;
16 ; 16 ; 26 ; -0.00253996 ; 0.00327849 ; -0.0168355 ; 101.773;
17 ; 16 ; 26 ; -0.00692807 ; 0.0215094 ; -0.011833 ; 101.83;
18 ; 16 ; 26 ; 0.00822131 ; 0.00610231 ; -0.0138837 ; 102.086;
19 ; 16 ; 26 ; -0.000346619 ; -0.00847499 ; -0.0193143 ; 101.949;
20 ; 16 ; 26 ; -0.0111441 ; 0.00805522 ; -0.0344182 ; 101.915;
21 ; 16 ; 26 ; -0.00977506 ; 0.00894982 ; -0.024681 ; 102.042;
22 ; 16 ; 26 ; -0.00883975 ; -0.00493207 ; -0.0278454 ; 101.957;
23 ; 16 ; 26 ; -0.0127627 ; 0.00125665 ; -0.0228954 ; 102.329;
24 ; 16 ; 26 ; -0.00987046 ; -0.00338803 ; -0.0160622 ; 102.229;
25 ; 16 ; 26 ; -0.00701238 ; 0.0155661 ; -0.0129102 ; 101.951;
26 ; 16 ; 26 ; -0.0106585 ; -0.000816926 ; -0.0356153 ; 102.606;
27 ; 16 ; 26 ; -0.0228639 ; 0.00557967 ; -0.0102977 ; 102.953;
28 ; 16 ; 26 ; -0.0037993 ; 0.00974877 ; -0.0249401 ; 102.443;
29 ; 16 ; 26 ; -0.0138778 ; -0.00330528 ; -0.0203216 ; 102.319;
30 ; 16 ; 26 ; -0.0246364 ; -0.00472294 ; -0.0244411 ; 102.705;
31 ; 16 ; 26 ; -0.00615171 ; 0.00631132 ; -0.0123919 ; 102.684;
32 ; 16 ; 26 ; -0.00555973 ; -0.0020214 ; -0.0198858 ; 102.298;
33 ; 16 ; 26 ; 0.00494834 ; -0.00403106 ; -0.0052037 ; 102.254;
4 ; 17 ; 26 ; 0.00601973 ; -0.00941788 ; -0.0166005 ; 102.231;
5 ; 17 ; 26 ; 0.00511804 ; 0.0026785 ; -0.0209328 ; 102.407;
6 ; 17 ; 26 ; 0.0278074 ; 0.00118215 ; -0.0178952 ; 102.592;
7 ; 17 ; 26 ; 0.013524 ; -0.00057284 ; -0.0118224 ; 102.214;
8 ; 17 ; 26 ; 0.0246216 ; 0.0149253 ; -0.039213 ; 102.193;
9 ; 17 ; 26 ; 0.0243477 ; -0.00548414 ; -0.0162156 ; 102.344;
10 ; 17 ; 26 ; 0.0102806 ; -0.016866 ; -0.0158981 ; 101.886;
11 ; 17 ; 26 ; 0.00290736 ; -0.0131312 ; -0.0303615 ; 102.428;
12 ; 17 ; 26 ; 0.0179099 ; -0.00556153 ; -0.0301813 ; 102.769;
13 ; 17 ; 26 ; 0.0100445 ; 0.00269697 ; -0.0257924 ; 102.247;
14 ; 17 ; 26 ; 0.011916 ; 0.00835852 ; -0.0268369 ; 101.836;
15 ; 17 ; 26 ; -0.00229047 ; 0.00497009 ; -0.0274235 ; 101.981;
16 ; 17 ; 26 ; 0.00237303 ; -0.00990417 ; -0.0247013 ; 101.748;
17 ; 17 ; 26 ; 0.0101966 ; -0.00386873 ; -0.0150346 ; 101.797;
18 ; 17 ; 26 ; 0.00167951 ; 0.00576129 ; -0.0186409 ; 101.612;
19 ; 17 ; 26 ; -0.00801736 ; 0.00333844 ; -0.0259842 ; 101.614;
20 ; 17 ; 26 ; -0.00946457 ; 0.000118227 ; -0.0381629 ; 102.032;
21 ; 17 ; 26 ; 0.00290263 ; 0.00143982 ; -0.0244665 ; 101.613;
22 ; 17 ; 26 ; 0.00162728 ; 0.000565615 ; -0.0197954 ; 102.173;
23 ; 17 ; 26 ; -0.0175548 ; 0.012726 ; -0.0391802 ; 101.938;
24 ; 17 ; 26 ; -0.0111475 ; 0.00149277 ; -0.0172096 ; 101.996;
25 ; 17 ; 26 ; -0.0224353 ; -0.0110002 ; -0.0176697 ; 101.792;
26 ; 17 ; 26 ; -0.0136354 ; -0.00565952 ; -0.0264679 ; 102.061;
27 ; 17 ; 26 ; -0.0127032 ; 0.00233367 ; -0.0127779 ; 102.398;
28 ; 17 ; 26 ; -0.0186402 ; 0.0016542 ; -0.0214232 ; 102.573;
29 ; 17 ; 26 ; -0.0123165 ; 0.00581877 ; 0.00300561 ; 102.978;
30 ; 17 ; 26 ; -0.0199957 ; -0.00852668 ; -0.0154598 ; 102.461;
31 ; 17 ; 26 ; -0.0107279 ; -0.0119782 ; -0.0187854 ; 102.267;
32 ; 17 ; 26 ; 0.000551024 ; -0.00436237 ; -0.00975669 ; 102.19;
33 ; 17 ; 26 ; 0.0050631 ; -0.00531519 ; -0.00821044 ; 102.261;
4 ; 18 ; 26 ; 0.00202482 ; -0.00115863 ; -0.0122279 ; 101.807;
5 ; 18 ; 26 ; 0.0113367 ; -0.00600311 ; -0.0255185 ; 102.321;
6 ; 18 ; 26 ; 0.0185757 ; 0.00660602 ; -0.00793869 ; 102.588;
7 ; 18 ; 26 ; 0.0155355 ; -0.00779895 ; -0.00698832 ; 101.765;
8 ; 18 ; 26 ; 0.024655 ; 0.0038959 ; -0.0187837 ; 102.151;
9 ; 18 ; 26 ; 0.0271905 ; 0.000331408 ; -0.00414141 ; 101.993;
10 ; 18 ; 26 ; 0.0147094 ; 0.00228411 ; -0.0152829 ; 102.597;
11 ; 18 ; 26 ; 0.024925 ; -0.0131132 ; -0.0159148 ; 102.521;
12 ; 18 ; 26 ; 0.0112426 ; 0.00992921 ; -0.0144377 ; 102.036;
13 ; 18 ; 26 ; 0.00256355 ; -0.00364725 ; -0.016251 ; 102.107;
14 ; 18 ; 26 ; 0.0145222 ; 0.00372015 ; -0.0208161 ; 102.039;
15 ; 18 ; 26 ; 0.0226895 ; 0.0041312 ; -0.0245081 ; 102.364;
16 ; 18 ; 26 ; 0.00839573 ; 0.00273322 ; -0.0267247 ; 101.881;
17 ; 18 ; 26 ; 0.00241197 ; 0.00370985 ; -0.0206334 ; 101.741;
18 ; 18 ; 26 ; -0.00044252 ; 0.00235662 ; -0.012988 ; 102.264;
19 ; 18 ; 26 ; 0.00352211 ; 2.51953e-06 ; -0.0316897 ; 101.455;
20 ; 18 ; 26 ; 0.00319688 ; 0.0025023 ; -0.0272788 ; 101.945;
21 ; 18 ; 26 ; -0.00218081 ; -0.00901469 ; -0.0446883 ; 101.964;
22 ; 18 ; 26 ; 0.013519 ; -0.00360466 ; -0.0303352 ; 101.54;
23 ; 18 ; 26 ; 0.00149642 ; -0.00299491 ; -0.0222427 ; 101.948;
24 ; 18 ; 26 ; -0.0128649 ; -0.00599369 ; -0.0260945 ; 102.138;
25 ; 18 ; 26 ; -0.0226045 ; -0.00610783 ; -0.0203485 ; 101.527;
26 ; 18 ; 26 ; -0.0145603 ; -0.0114434 ; -0.0201381 ; 102.103;
27 ; 18 ; 26 ; -0.0167455 ; 0.00786793 ; -0.0142624 ; 102.056;
28 ; 18 ; 26 ; -0.018466 ; -0.00390648 ; -0.0219405 ; 102.158;
29 ; 18 ; 26 ; -0.0228112 ; -0.00138286 ; -0.0136888 ; 102.32;
30 ; 18 ; 26 ; -0.0225031 ; -0.00238346 ; -0.0143785 ; 102.281;
31 ; 18 ; 26 ; -0.0176572 ; -0.0043925 ; -0.0136979 ; 102.69;
32 ; 18 ; 26 ; 0.00395136 ; -0.00653694 ; -0.010277 ; 102.417;
33 ; 18 ; 26 ; 0.00177176 ; -0.00112637 ; -0.0126031 ; 101.697;
4 ; 19 ; 26 ; 0.0140234 ; -0.00151095 ; -0.00283125 ; 102.31;
5 ; 19 ; 26 ; 0.00363328 ; -0.000921202 ; -0.0192514 ; 102.065;
6 ; 19 ; 26 ; 0.0116692 ; -0.0148086 ; -0.020816 ; 102.198;
7 ; 19 ; 26 ; 0.0283388 ; -0.0105813 ; -0.00551398 ; 102.278;
8 ; 19 ; 26 ; 0.0244037 ; 0.00418065 ; -0.0164167 ; 102.511;
9 ; 19 ; 26 ; 0.0305271 ; 0.0138773 ; -0.00906816 ; 102.543;
10 ; 19 ; 26 ; 0.0110841 ; -0.00176109 ; -0.0169014 ; 102.002;
11 ; 19 ; 26 ; 0.023087 ; 0.00227567 ; -0.0259595 ; 102.009;
12 ; 19 ; 26 ; 0.0106539 ; 0.00180074 ; -0.0266292 ; 102.527;
13 ; 19 ; 26 ; 0.0106717 ; 0.003536 ; -0.0333792 ; 102.121;
14 ; 19 ; 26 ; 0.00523122 ; 0.01231 ; -0.0141724 ; 101.936;
15 ; 19 ; 26 ; 0.0167437 ; -0.010806 ; -0.0177065 ; 102.259;
16 ; 19 ; 26 ; 0.0176754 ; -0.00756712 ; -0.0160655 ; 101.975;
17 ; 19 ; 26 ; 0.00144877 ; -0.000241847 ; -0.0133746 ; 101.807;
18 ; 19 ; 26 ; 0.00614519 ; 0.00589526 ; -0.01279 ; 101.513;
19 ; 19 ; 26 ; -0.00186541 ; -0.00322056 ; -0.0259246 ; 101.978;
20 ; 19 ; 26 ; -0.00604239 ; 0.00150691 ; -0.0194654 ; 101.775;
21 ; 19 ; 26 ; -0.00856251 ; -0.00828102 ; -0.0269046 ; 101.724;
22 ; 19 ; 26 ; -0.0155982 ; -0.00411404 ; -0.0269183 ; 101.746;
23 ; 19 ; 26 ; -0.0188454 ; 0.00213082 ; -0.0257835 ; 102.256;
24 ; 19 ; 26 ; -0.00697645 ; -0.00518461 ; -0.0206164 ; 101.914;
25 ; 19 ; 26 ; -0.0105322 ; -0.00168413 ; -0.0223168 ; 102.168;
26 ; 19 ; 26 ; -0.0126349 ; 4.37154e-05 ; -0.0181937 ; 102.061;
27 ; 19 ; 26 ; -0.0165934 ; 0.0086014 ; -0.0229776 ; 102.103;
28 ; 19 ; 26 ; -0.0216518 ; 0.00663318 ; -0.0155313 ; 102.424;
29 ; 19 ; 26 ; -0.0377696 ; -0.00566626 ; -0.0150271 ; 102.437;
30 ; 19 ; 26 ; -0.0381428 ; 0.00628011 ; -0.0210642 ; 102.049;
31 ; 19 ; 26 ; 0.00478466 ; -0.00804755 ; -0.00417255 ; 102.154;
32 ; 19 ; 26 ; -0.00131406 ; 0.000842829 ; -0.0160072 ; 101.98;
33 ; 19 ; 26 ; 0.0105178 ; -0.00124522 ; -0.0190646 ; 102.239;
4 ; 20 ; 26 ; 0.0127964 ; -0.00394752 ; -0.00442633 ; 102.497;
5 ; 20 ; 26 ; 0.0181338 ; 0.00159917 ; -0.0132238 ; 102.184;
6 ; 20 ; 26 ; 0.0291319 ; -0.00187043 ; -0.0260847 ; 102.555;
7 ; 20 ; 26 ; 0.0297839 ; -0.00744682 ; -0.0228724 ; 102.469;
8 ; 20 ; 26 ; 0.0208705 ; -0.00248529 ; -0.00483063 ; 102.013;
9 ; 20 ; 26 ; 0.0253483 ; 0.00463333 ; -0.0165309 ; 102.357;
10 ; 20 ; 26 ; 0.0193601 ; -0.00123458 ; -0.0220046 ; 102.662;
11 ; 20 ; 26 ; 0.00844907 ; 0.00412642 ; -0.0229988 ; 102.077;
12 ; 20 ; 26 ; 0.00980164 ; -0.00159278 ; -0.0288608 ; 102.039;
13 ; 20 ; 26 ; 0.00327525 ; 0.0054798 ; -0.0249122 ; 101.79;
14 ; 20 ; 26 ; 0.00239517 ; 0.00121801 ; -0.0218918 ; 101.74;
15 ; 20 ; 26 ; 0.0135145 ; -0.00676458 ; -0.0170585 ; 101.815;
16 ; 20 ; 26 ; 0.00295995 ; 0.00630541 ; -0.0133538 ; 101.924;
17 ; 20 ; 26 ; -0.00114426 ; -0.0157709 ; -0.0271806 ; 101.93;
18 ; 20 ; 26 ; 0.00364712 ; -0.00998172 ; -0.0165908 ; 101.688;
19 ; 20 ; 26 ; -0.00157859 ; 0.00214429 ; -0.0278466 ; 101.615;
20 ; 20 ; 26 ; -0.00140173 ; 0.00833211 ; -0.0146391 ; 102.04;
21 ; 20 ; 26 ; 0.00264869 ; -0.000415897 ; -0.0226236 ; 102.089;
22 ; 20 ; 26 ; 0.00207823 ; -0.00856188 ; -0.0315219 ; 102.15;
23 ; 20 ; 26 ; -0.0100126 ; -0.0141326 ; -0.0275678 ; 101.889;
24 ; 20 ; 26 ; -0.0136112 ; -0.00302339 ; -0.0213591 ; 102.134;
25 ; 20 ; 26 ; -0.00939818 ; 0.00623806 ; -0.0361593 ; 102.683;
26 ; 20 ; 26 ; -0.0184429 ; 0.0110103 ; -0.0146282 ; 102.596;
27 ; 20 ; 26 ; -0.0166235 ; 0.00278892 ; -0.0279322 ; 102.388;
28 ; 20 ; 26 ; -0.0266183 ; -0.00385527 ; -0.0108555 ; 102.048;
29 ; 20 ; 26 ; -0.0241583 ; 0.00453868 ; -0.00817864 ; 102.296;
30 ; 20 ; 26 ; -0.0147461 ; 0.000484223 ; -0.0108888 ; 102.334;
31 ; 20 ; 26 ; -0.0186304 ; 0.0119057 ; -0.0168411 ; 102.154;
32 ; 20 ; 26 ; -0.0158049 ; 0.00679511 ; -0.0139675 ; 102.737;
33 ; 20 ; 26 ; -0.011518 ; -0.000678787 ; -0.0131391 ; 102.345;
4 ; 21 ; 26 ; 0.0182124 ; 0.00599 ; -0.0157731 ; 102.026;
5 ; 21 ; 26 ; 0.00519169 ; 0.00109082 ; -0.0159871 ; 102.372;
6 ; 21 ; 26 ; 0.0172368 ; -0.00137716 ; -0.00798587 ; 102.03;
7 ; 21 ; 26 ; 0.0269414 ; 0.00319183 ; -0.0140687 ; 102.19;
8 ; 21 ; 26 ; 0.0145241 ; -0.00696174 ; -0.0219106 ; 102.634;
9 ; 21 ; 26 ; 0.0258158 ; 0.0208394 ; -0.0211617 ; 102.382;
10 ; 21 ; 26 ; 0.035903 ; -0.0102252 ; -0.0262641 ; 102.617;
11 ; 21 ; 26 ; 0.0183152 ; 0.00607398 ; -0.0277472 ; 102.185;
12 ; 21 ; 26 ; 0.00304251 ; -0.0081524 ; -0.0214834 ; 102.059;
13 ; 21 ; 26 ; 0.0182411 ; 0.00608684 ; -0.0199181 ; 102.378;
14 ; 21 ; 26 ; 0.00280463 ; 0.00292434 ; -0.0248579 ; 102.07;
15 ; 21 ; 26 ; -0.00345599 ; -0.0110378 ; -0.022942 ; 101.336;
16 ; 21 ; 26 ; -0.00455106 ; -0.00882117 ; -0.0265067 ; 101.521;
17 ; 21 ; 26 ; 0.00126292 ; -0.00296111 ; -0.0234717 ; 102.245;
18 ; 21 ; 26 ; -0.00156872 ; -0.0160606 ; -0.0203953 ; 102.231;
19 ; 21 ; 26 ; 4.0139e-05 ; 0.00527629 ; -0.0162666 ; 102.13;
20 ; 21 ; 26 ; -0.00701184 ; 0.00724936 ; -0.0255204 ; 102.186;
21 ; 21 ; 26 ; -0.00407549 ; 0.00619353 ; -0.0299154 ; 101.982;
22 ; 21 ; 26 ; 0.00964378 ; 0.0106778 ; -0.0237222 ; 101.955;
23 ; 21 ; 26 ; -0.00365691 ; -0.00497315 ; -0.0120831 ; 102.148;
24 ; 21 ; 26 ; -0.00621716 ; -0.00149111 ; -0.0199481 ; 101.941;
25 ; 21 ; 26 ; -0.0115192 ; 0.0116988 ; -0.0326123 ; 101.932;
26 ; 21 ; 26 ; -0.024848 ; 0.00141525 ; -0.0315119 ; 102.42;
27 ; 21 ; 26 ; -0.0290121 ; -0.00211073 ; -0.0175945 ; 102.269;
28 ; 21 ; 26 ; -0.0269731 ; -0.00670408 ; -0.0183674 ; 102.76;
29 ; 21 ; 26 ; -0.0152884 ; -9.73788e-05 ; -0.0243012 ; 102.401;
30 ; 21 ; 26 ; -0.02156 ; -0.00599077 ; -0.023539 ; 102.408;
31 ; 21 ; 26 ; -0.0104646 ; 0.0281895 ; -0.020718 ; 102.584;
32 ; 21 ; 26 ; -0.0135382 ; 0.00595257 ; -0.00913788 ; 102.389;
33 ; 21 ; 26 ; -0.0141585 ; 0.00825743 ; -0.0213261 ; 102.546;
4 ; 22 ; 26 ; 0.000839984 ; 0.00299122 ; -0.0210632 ; 102.374;
5 ; 22 ; 26 ; -0.00135575 ; -0.00623957 ; -0.0115307 ; 102.186;
6 ; 22 ; 26 ; 0.0228587 ; 0.00493067 ; -0.00859906 ; 102.307;
7 ; 22 ; 26 ; 0.0215569 ; -0.00432789 ; -0.0135742 ; 102.483;
8 ; 22 ; 26 ; 0.0263243 ; 0.0140233 ; -0.0132852 ; 102.234;
9 ; 22 ; 26 ; 0.0100303 ; -0.00796476 ; -0.0297551 ; 102.172;
10 ; 22 ; 26 ; 0.0292381 ; -0.00041866 ; -0.0232046 ; 102.306;
11 ; 22 ; 26 ; 0.0176081 ; -0.000237785 ; -0.012927 ; 102.345;
12 ; 22 ; 26 ; 0.0240086 ; -0.0156855 ; -0.0143609 ; 102.264;
13 ; 22 ; 26 ; -0.00248056 ; 0.00438586 ; -0.0094675 ; 102.03;
14 ; 22 ; 26 ; 0.00851171 ; -0.000944295 ; -0.004339 ; 102.363;
15 ; 22 ; 26 ; 0.0109576 ; 0.00026039 ; -0.0202448 ; 101.825;
16 ; 22 ; 26 ; 0.00432877 ; -0.000690707 ; -0.0357566 ; 102.257;
17 ; 22 ; 26 ; 0.00346906 ; -0.00498059 ; -0.0165465 ; 101.946;
18 ; 22 ; 26 ; -0.0051361 ; -0.00456624 ; -0.0216529 ; 101.808;
19 ; 22 ; 26 ; 0.0109222 ; 0.0189633 ; -0.0206484 ; 101.524;
20 ; 22 ; 26 ; 0.00977762 ; -0.0117168 ; -0.025162 ; 102.431;
21 ; 22 ; 26 ; -0.00344364 ; 0.00353788 ; -0.0362462 ; 101.799;
22 ; 22 ; 26 ; -0.00193397 ; -0.00599001 ; -0.0191682 ; 102.306;
23 ; 22 ; 26 ; 0.000874844 ; 0.000214724 ; -0.0162544 ; 102.251;
24 ; 22 ; 26 ; -0.00581391 ; -0.00419548 ; -0.0152922 ; 101.573;
25 ; 22 ; 26 ; -0.0128662 ; -0.0124634 ; -0.0286369 ; 102.641;
26 ; 22 ; 26 ; -0.0118544 ; -0.00925426 ; -0.0209687 ; 102.155;
27 ; 22 ; 26 ; -0.0137592 ; -0.00313199 ; -0.0225018 ; 102.249;
28 ; 22 ; 26 ; -0.0244432 ; -0.0038798 ; -0.0161297 ; 102.603;
29 ; 22 ; 26 ; -0.0241363 ; 0.00774478 ; -0.0122862 ; 101.908;
30 ; 22 ; 26 ; -0.0187739 ; -0.00373944 ; -0.0238587 ; 102.482;
31 ; 22 ; 26 ; -0.00798163 ; -0.00288471 ; -0.00218547 ; 102.273;
32 ; 22 ; 26 ; -0.00320153 ; 0.0102031 ; -0.00502933 ; 102.16;
33 ; 22 ; 26 ; -0.00752595 ; 0.00371966 ; -0.00661534 ; 102.466;
4 ; 23 ; 26 ; -0.0100318 ; -0.0169634 ; -0.000566186 ; 102.052;
5 ; 23 ; 26 ; 0.00437858 ; -0.00468583 ; -0.00229198 ; 102.621;
6 ; 23 ; 26 ; 0.0219294 ; -0.000519007 ; -0.00838192 ; 102.245;
7 ; 23 ; 26 ; 0.0159293 ; 0.00693743 ; -0.0059622 ; 102.57;
8 ; 23 ; 26 ; 0.0193188 ; 0.00412593 ; -0.0153571 ; 102.502;
9 ; 23 ; 26 ; 0.0284566 ; -0.00540223 ; -0.0131889 ; 102.344;
10 ; 23 ; 26 ; 0.0225131 ; -0.00274243 ; -0.0136817 ; 102.522;
11 ; 23 ; 26 ; 0.0082387 ; 0.000545906 ; -0.0274522 ; 102.543;
12 ; 23 ; 26 ; 0.00700988 ; -0.00157537 ; -0.011663 ; 102.161;
13 ; 23 ; 26 ; 0.00883978 ; -0.000746654 ; -0.0235295 ; 102.033;
14 ; 23 ; 26 ; 0.00439829 ; -0.00536579 ; -0.0211611 ; 102.31;
15 ; 23 ; 26 ; 0.000660255 ; 0.00466073 ; -0.0208306 ; 101.802;
16 ; 23 ; 26 ; -0.0158592 ; 0.00363468 ; -0.0185976 ; 101.957;
17 ; 23 ; 26 ; -0.0116103 ; -0.0123442 ; -0.0127633 ; 101.865;
18 ; 23 ; 26 ; -0.0150149 ; -0.00757405 ; -0.0138086 ; 102.142;
19 ; 23 ; 26 ; 0.00547726 ; 0.00122481 ; -0.0191842 ; 102.071;
20 ; 23 ; 26 ; -0.0141988 ; 0.00997363 ; -0.028977 ; 102.177;
21 ; 23 ; 26 ; -0.0181707 ; 0.000917511 ; -0.0305081 ; 101.994;
22 ; 23 ; 26 ; -0.00330159 ; -0.019113 ; -0.0148459 ; 102.1;
23 ; 23 ; 26 ; -0.00565506 ; -0.00658008 ; -0.0108074 ; 102.086;
24 ; 23 ; 26 ; -0.0178498 ; 0.00753707 ; -0.0140719 ; 102.12;
25 ; 23 ; 26 ; -0.0259122 ; 0.0114769 ; -0.0103133 ; 101.983;
26 ; 23 ; 26 ; -0.0123608 ; 0.000808348 ; -0.0184456 ; 102.636;
27 ; 23 ; 26 ; -0.020248 ; 0.00581367 ; -0.0164284 ; 102.395;
28 ; 23 ; 26 ; -0.0164626 ; -0.00407282 ; -0.0159912 ; 102.615;
29 ; 23 ; 26 ; -0.0149695 ; -0.00250391 ; -0.0149461 ; 102.659;
30 ; 23 ; 26 ; -0.0100426 ; -0.00622278 ; -0.0167674 ; 102.613;
31 ; 23 ; 26 ; 3.29176e-05 ; -0.0115314 ; -0.023577 ; 102.384;
32 ; 23 ; 26 ; -0.0126408 ; 0.0115694 ; -0.00948834 ; 102.724;
33 ; 23 ; 26 ; 0.00307562 ; -0.00182172 ; -0.00793287 ; 102.033;
4 ; 24 ; 26 ; -0.00447593 ; 0.00121039 ; -0.0142914 ; 102.301;
5 ; 24 ; 26 ; 0.023546 ; -0.00489424 ; -0.0140691 ; 102.399;
6 ; 24 ; 26 ; 0.0122139 ; -0.0122853 ; -0.00854221 ; 102.625;
7 ; 24 ; 26 ; 0.0144237 ; -0.0119539 ; -0.000296941 ; 102.439;
8 ; 24 ; 26 ; 0.0189687 ; 0.00207613 ; -0.0146481 ; 102.84;
9 ; 24 ; 26 ; 0.0142663 ; -0.00851649 ; -0.0111894 ; 102.629;
10 ; 24 ; 26 ; 0.0169052 ; 0.00245885 ; -0.0234201 ; 102.897;
11 ; 24 ; 26 ; 0.00623428 ; -0.0138037 ; -0.0168432 ; 102.444;
12 ; 24 ; 26 ; 0.0146809 ; -0.00970363 ; -0.0203804 ; 102.02;
13 ; 24 ; 26 ; 0.0100585 ; 0.00342723 ; -0.0190065 ; 102.129;
14 ; 24 ; 26 ; 0.00679564 ; -0.00752534 ; -0.028278 ; 102.137;
15 ; 24 ; 26 ; 0.0111536 ; -0.00534 ; -0.0249164 ; 102.061;
16 ; 24 ; 26 ; 0.00184621 ; -0.0124797 ; -0.0160901 ; 101.923;
17 ; 24 ; 26 ; 0.016848 ; -0.00659845 ; -0.0104019 ; 102.101;
18 ; 24 ; 26 ; 0.00177089 ; -0.0108128 ; -0.0148772 ; 102.235;
19 ; 24 ; 26 ; -0.00152494 ; -0.00803465 ; -0.0197817 ; 102.144;
20 ; 24 ; 26 ; -0.00452743 ; -0.020086 ; -0.0188207 ; 102.346;
21 ; 24 ; 26 ; -0.00421049 ; -0.0148853 ; -0.0171148 ; 102.351;
22 ; 24 ; 26 ; -0.0133019 ; -0.0173715 ; -0.00200889 ; 102.69;
23 ; 24 ; 26 ; 0.00358852 ; -0.00784588 ; -0.00605874 ; 101.929;
24 ; 24 ; 26 ; -0.0136939 ; -0.0100051 ; -0.0194737 ; 102.759;
25 ; 24 ; 26 ; -0.015312 ; -0.0164019 ; -0.0159141 ; 102.309;
26 ; 24 ; 26 ; -0.00299988 ; -0.00048911 ; -0.00687396 ; 102.609;
27 ; 24 ; 26 ; -0.0129224 ; -0.00191839 ; -0.0274637 ; 103.039;
28 ; 24 ; 26 ; -0.0187452 ; -0.00602417 ; -0.0197474 ; 102.453;
29 ; 24 ; 26 ; -0.0259292 ; -0.0152603 ; -0.00344647 ; 103.194;
30 ; 24 ; 26 ; -0.024943 ; -0.00638223 ; -0.0103142 ; 102.56;
31 ; 24 ; 26 ; -0.0120819 ; -0.00410192 ; -0.0304227 ; 102.116;
32 ; 24 ; 26 ; -0.0104251 ; 0.00208564 ; -0.0189968 ; 102.446;
33 ; 24 ; 26 ; -0.0149384 ; -0.00412242 ; -0.00249602 ; 102.466;
4 ; 25 ; 26 ; -0.00809481 ; -0.0120889 ; -0.00834757 ; 102.747;
5 ; 25 ; 26 ; 0.0205305 ; 0.00206217 ; -0.0179308 ; 102.554;
6 ; 25 ; 26 ; 0.018016 ; 0.00435034 ; -0.00871371 ; 102.485;
7 ; 25 ; 26 ; 0.0225161 ; -0.0122947 ; -0.00740618 ; 102.28;
8 ; 25 ; 26 ; 0.0224186 ; -0.000597318 ; -0.00426481 ; 102.463;
9 ; 25 ; 26 ; 0.0140174 ; 0.00164905 ; -0.0190609 ; 103.007;
10 ; 25 ; 26 ; 0.00685439 ; 0.00541278 ; -0.0184946 ; 102.757;
11 ; 25 ; 26 ; 0.0203125 ; -0.0268756 ; -0.0109722 ; 102.255;
12 ; 25 ; 26 ; 0.0023817 ; -0.00860162 ; -0.026508 ; 102.382;
13 ; 25 ; 26 ; -0.00366013 ; -0.0182165 ; -0.0164164 ; 102.385;
14 ; 25 ; 26 ; 0.00517868 ; -0.00246467 ; -0.00810576 ; 102.297;
15 ; 25 ; 26 ; 0.00580771 ; -0.0206153 ; -0.0305314 ; 102.507;
16 ; 25 ; 26 ; 0.00197712 ; -0.0207208 ; -0.0261788 ; 102.176;
17 ; 25 ; 26 ; 0.0118029 ; -0.0147672 ; -0.0104477 ; 102.013;
18 ; 25 ; 26 ; -0.00166102 ; -0.00781173 ; -0.0358932 ; 102.519;
19 ; 25 ; 26 ; -0.00624286 ; -0.0218655 ; -0.0139152 ; 102.177;
20 ; 25 ; 26 ; -0.00756335 ; -0.0252956 ; -0.0145393 ; 102.273;
21 ; 25 ; 26 ; 0.00252505 ; -0.0190512 ; -0.032432 ; 102.145;
22 ; 25 ; 26 ; -0.0065353 ; -0.0305982 ; -0.0121971 ; 102.152;
23 ; 25 ; 26 ; 0.000290053 ; -0.0289306 ; -0.0165578 ; 102.239;
24 ; 25 ; 26 ; -0.00225154 ; -0.0030152 ; -0.0161715 ; 102.856;
25 ; 25 ; 26 ; -0.0062589 ; -0.0117115 ; -0.0205734 ; 102.324;
26 ; 25 ; 26 ; -0.0123889 ; -0.0069949 ; -0.0203836 ; 102.318;
27 ; 25 ; 26 ; -0.0173097 ; -0.0178553 ; -0.0124547 ; 102.73;
28 ; 25 ; 26 ; -0.0141577 ; -0.00869629 ; -0.00661704 ; 102.744;
29 ; 25 ; 26 ; -0.0171736 ; -0.00533328 ; -0.0201453 ; 102.863;
30 ; 25 ; 26 ; -0.0219843 ; 0.000581373 ; -0.0146046 ; 102.892;
31 ; 25 ; 26 ; -0.00904821 ; -0.0105106 ; -0.0194301 ; 102.78;
32 ; 25 ; 26 ; -0.0108273 ; -0.000956302 ; -0.011302 ; 102.448;
33 ; 25 ; 26 ; -0.0109882 ; -0.00920094 ; -0.0194759 ; 102.076;
4 ; 26 ; 26 ; -0.0017694 ; -0.00610639 ; -0.0109255 ; 102.727;
5 ; 26 ; 26 ; 0.00265897 ; -0.0121323 ; -0.0146175 ; 102.563;
6 ; 26 ; 26 ; 0.0137114 ; -0.00841927 ; -0.00206942 ; 102.57;
7 ; 26 ; 26 ; 0.0212591 ; -0.0114558 ; -0.0182916 ; 102.308;
8 ; 26 ; 26 ; 0.0128627 ; -0.0118134 ; -0.0122725 ; 102.771;
9 ; 26 ; 26 ; 0.0122558 ; -0.0048161 ; -0.0208178 ; 102.874;
10 ; 26 ; 26 ; 0.0197774 ; -0.0142277 ; -0.00885888 ; 102.934;
11 ; 26 ; 26 ; 0.0178765 ; -0.0159226 ; -0.00926547 ; 102.805;
12 ; 26 ; 26 ; 0.0177343 ; -0.0112027 ; -0.0189641 ; 102.912;
13 ; 26 ; 26 ; 0.00166428 ; -0.0119715 ; -0.0227873 ; 102.31;
14 ; 26 ; 26 ; 0.00492923 ; -0.0021742 ; -0.0340162 ; 102.318;
15 ; 26 ; 26 ; -0.00389135 ; -0.0127978 ; -0.0242583 ; 102.659;
16 ; 26 ; 26 ; 0.00132542 ; -0.0303459 ; -0.0280154 ; 102.08;
17 ; 26 ; 26 ; -0.00876029 ; -0.0261026 ; -0.0202875 ; 102.42;
18 ; 26 ; 26 ; -0.011175 ; -0.0112046 ; -0.00738582 ; 102.236;
19 ; 26 ; 26 ; 0.0141589 ; -0.0119245 ; -0.0235307 ; 102.255;
20 ; 26 ; 26 ; -0.00435883 ; -0.0235254 ; -0.0309747 ; 101.786;
21 ; 26 ; 26 ; -0.00252183 ; -0.0237873 ; -0.0187673 ; 102.788;
22 ; 26 ; 26 ; -0.0075989 ; -0.0188461 ; -0.00261317 ; 102.522;
23 ; 26 ; 26 ; -0.00783674 ; -0.0244942 ; -0.0236896 ; 102.56;
24 ; 26 ; 26 ; -0.00934951 ; -0.0200142 ; -0.0169469 ; 102.225;
25 ; 26 ; 26 ; -0.0210761 ; -0.0127334 ; -0.0190531 ; 102.549;
26 ; 26 ; 26 ; -0.0201216 ; -0.0190196 ; -0.00906309 ; 102.623;
27 ; 26 ; 26 ; -0.0133718 ; -0.014391 ; -0.015651 ; 102.443;
28 ; 26 ; 26 ; -0.0167042 ; -0.0133977 ; -0.0187063 ; 103.028;
29 ; 26 ; 26 ; -0.0164971 ; -0.0263888 ; 0.000229513 ; 102.752;
30 ; 26 ; 26 ; -0.0169394 ; -0.00932212 ; -0.00237191 ; 102.534;
31 ; 26 ; 26 ; -0.0161105 ; -0.0213454 ; -0.00706692 ; 102.285;
32 ; 26 ; 26 ; 0.00111428 ; -0.0217866 ; -0.00401677 ; 102.838;
33 ; 26 ; 26 ; 0.00463718 ; -0.0121126 ; -0.0034296 ; 102.632;
4 ; 27 ; 26 ; -0.00841721 ; -0.0165786 ; -0.0112916 ; 102.519;
5 ; 27 ; 26 ; 0.00839719 ; -0.00722072 ; -0.0167803 ; 103.108;
6 ; 27 ; 26 ; 0.0185121 ; -0.0197353 ; 0.00120809 ; 102.837;
7 ; 27 ; 26 ; 0.00717191 ; -0.00344774 ; -0.00365889 ; 102.36;
8 ; 27 ; 26 ; 0.00703219 ; -0.00830518 ; 0.000633367 ; 103.186;
9 ; 27 ; 26 ; 0.0172402 ; -0.0177595 ; -0.0122536 ; 102.682;
10 ; 27 ; 26 ; 0.0180725 ; -0.0181043 ; -0.0201726 ; 102.746;
11 ; 27 ; 26 ; 0.0105792 ; -0.0070094 ; -0.00556514 ; 102.417;
12 ; 27 ; 26 ; 0.0289858 ; -0.0203286 ; -0.0235029 ; 102.819;
13 ; 27 ; 26 ; 0.0085244 ; -0.0255042 ; -0.0312072 ; 102.255;
14 ; 27 ; 26 ; 0.00980142 ; -0.0246 ; -0.0189378 ; 102.32;
15 ; 27 ; 26 ; 0.00629788 ; -0.0189845 ; -0.0138463 ; 102.423;
16 ; 27 ; 26 ; -0.00338355 ; -0.0246575 ; -0.0167486 ; 102.184;
17 ; 27 ; 26 ; -0.0114409 ; -0.00858053 ; -0.0291258 ; 102.625;
18 ; 27 ; 26 ; -0.0109373 ; -0.0236534 ; -0.0107617 ; 101.66;
19 ; 27 ; 26 ; -0.0080406 ; -0.0223665 ; 0.00265371 ; 102.06;
20 ; 27 ; 26 ; 0.00280938 ; -0.00583711 ; -0.0268993 ; 102.27;
21 ; 27 ; 26 ; 0.0179134 ; -0.0195373 ; -0.0166607 ; 102.539;
22 ; 27 ; 26 ; -0.00858666 ; -0.0243123 ; -0.0149058 ; 102.473;
23 ; 27 ; 26 ; -0.0116926 ; -0.0295345 ; -0.016628 ; 102.296;
24 ; 27 ; 26 ; -0.00894792 ; -0.0205257 ; -0.0285853 ; 102.446;
25 ; 27 ; 26 ; -0.0165369 ; -0.024665 ; -0.0170609 ; 102.751;
26 ; 27 ; 26 ; 0.00161408 ; -0.0111682 ; 0.000339119 ; 102.483;
27 ; 27 ; 26 ; -0.0123036 ; -0.00278451 ; -0.00145744 ; 102.898;
28 ; 27 ; 26 ; -0.0193368 ; -0.00514567 ; -0.018907 ; 102.463;
29 ; 27 ; 26 ; -0.0109203 ; -0.0287845 ; -0.0261894 ; 102.688;
30 ; 27 ; 26 ; -0.0241047 ; -0.013081 ; -0.00974663 ; 102.706;
31 ; 27 ; 26 ; -0.0150825 ; -0.0271996 ; -0.022344 ; 102.877;
32 ; 27 ; 26 ; -0.0207495 ; -0.0160766 ; -0.0135357 ; 102.892;
33 ; 27 ; 26 ; -0.0111939 ; -0.00748623 ; -0.0110834 ; 102.88;
4 ; 28 ; 26 ; -0.00334803 ; -0.00487448 ; -0.00477187 ; 102.92;
5 ; 28 ; 26 ; 0.0145575 ; -0.0320555 ; -0.00452196 ; 102.327;
6 ; 28 ; 26 ; 0.0153225 ; -0.0194373 ; -0.00713581 ; 102.562;
7 ; 28 ; 26 ; 0.00436321 ; -0.0113126 ; -0.0224707 ; 102.934;
8 ; 28 ; 26 ; 0.0128121 ; -0.00954946 ; 0.00187034 ; 103.097;
9 ; 28 ; 26 ; 0.0138239 ; -0.027271 ; -0.0109376 ; 102.699;
10 ; 28 ; 26 ; 0.0257182 ; -0.0202173 ; -0.0305055 ; 102.687;
11 ; 28 ; 26 ; 0.0110629 ; -0.0241629 ; -0.00602929 ; 102.487;
12 ; 28 ; 26 ; 0.00643235 ; -0.0266625 ; -0.0113186 ; 102.639;
13 ; 28 ; 26 ; 0.0217456 ; -0.0226734 ; -0.0165895 ; 102.733;
14 ; 28 ; 26 ; 0.00678207 ; -0.0208546 ; -0.0141067 ; 102.306;
15 ; 28 ; 26 ; 0.0169029 ; -0.0117303 ; -0.0124599 ; 102.548;
16 ; 28 ; 26 ; 0.0025409 ; -0.0202244 ; -0.0231324 ; 102.232;
17 ; 28 ; 26 ; 0.00391686 ; -0.0272555 ; -0.0185081 ; 102.541;
18 ; 28 ; 26 ; -0.000875356 ; -0.0260173 ; -0.00728775 ; 102.336;
19 ; 28 ; 26 ; -0.00271008 ; -0.0245004 ; -0.012512 ; 102.374;
20 ; 28 ; 26 ; -0.00772492 ; -0.0279744 ; -0.0230709 ; 102.166;
21 ; 28 ; 26 ; 0.00491964 ; -0.0189474 ; -0.0127043 ; 102.396;
22 ; 28 ; 26 ; -0.00786286 ; -0.00896698 ; -0.0140008 ; 102.083;
23 ; 28 ; 26 ; -0.00677032 ; -0.0204774 ; -0.0130063 ; 102.61;
24 ; 28 ; 26 ; -0.00889377 ; -0.0113489 ; -0.0220588 ; 102.576;
25 ; 28 ; 26 ; -0.0131634 ; -0.0166839 ; -0.0161947 ; 103.296;
26 ; 28 ; 26 ; -0.0146842 ; -0.024652 ; 0.001022 ; 103.034;
27 ; 28 ; 26 ; -0.0252583 ; -0.0222582 ; -0.0178664 ; 102.679;
28 ; 28 ; 26 ; -0.00720844 ; -0.0236227 ; -0.0145334 ; 102.916;
29 ; 28 ; 26 ; -0.0191257 ; -0.00791294 ; -0.0100103 ; 102.805;
30 ; 28 ; 26 ; -0.0131359 ; -0.00767468 ; -0.0087401 ; 103.232;
31 ; 28 ; 26 ; -0.00850864 ; -0.0149237 ; -0.00643418 ; 102.593;
32 ; 28 ; 26 ; 0.0146831 ; -0.0301675 ; -0.00558852 ; 102.295;
33 ; 28 ; 26 ; 0.000517794 ; -0.011558 ; -0.0204756 ; 102.856;
4 ; 29 ; 26 ; 0.000256966 ; -0.0105372 ; -0.00749942 ; 102.782;
5 ; 29 ; 26 ; 0.0173989 ; -0.025541 ; -0.0147118 ; 103.433;
6 ; 29 ; 26 ; 0.00303938 ; -0.0226607 ; -0.00995475 ; 102.569;
7 ; 29 ; 26 ; 0.00671864 ; -0.0109636 ; -0.0146776 ; 103.085;
8 ; 29 ; 26 ; 0.0185739 ; -0.0109243 ; -0.00832233 ; 103.085;
9 ; 29 ; 26 ; 0.0184203 ; -0.0172608 ; -0.0117532 ; 102.889;
10 ; 29 ; 26 ; 0.0151415 ; -0.0181204 ; 0.00709329 ; 102.871;
11 ; 29 ; 26 ; 0.0136766 ; -0.0205582 ; -0.0273174 ; 103.243;
12 ; 29 ; 26 ; 0.0101259 ; -0.0116215 ; -0.0228185 ; 102.502;
13 ; 29 ; 26 ; -0.00277682 ; -0.0162255 ; -0.0120118 ; 102.752;
14 ; 29 ; 26 ; 0.000531713 ; -0.0268564 ; -0.0150122 ; 102.402;
15 ; 29 ; 26 ; 0.00829382 ; -0.0162485 ; -0.0201473 ; 103.003;
16 ; 29 ; 26 ; 0.00620836 ; -0.0212692 ; -0.0161741 ; 102.721;
17 ; 29 ; 26 ; 0.00342753 ; -0.0298025 ; -0.0149598 ; 102.526;
18 ; 29 ; 26 ; -0.00968444 ; -0.0145163 ; -0.00553897 ; 102.174;
19 ; 29 ; 26 ; -0.00821861 ; -0.0172213 ; -0.0205721 ; 102.277;
20 ; 29 ; 26 ; 0.000216921 ; -0.0204338 ; -0.0203904 ; 102.436;
21 ; 29 ; 26 ; 0.00818547 ; -0.0266319 ; -0.0335985 ; 102.756;
22 ; 29 ; 26 ; 0.00286022 ; -0.01541 ; -0.0294033 ; 102.501;
23 ; 29 ; 26 ; -0.00498598 ; -0.0178647 ; -0.0156286 ; 102.67;
24 ; 29 ; 26 ; 0.000449836 ; -0.0245855 ; -0.0303176 ; 102.427;
25 ; 29 ; 26 ; -0.0102847 ; -0.0141592 ; -0.0218381 ; 102.267;
26 ; 29 ; 26 ; -0.00474442 ; -0.00243238 ; -0.0113596 ; 103.139;
27 ; 29 ; 26 ; -0.00715495 ; -0.0276034 ; -0.0113436 ; 102.784;
28 ; 29 ; 26 ; -0.0152572 ; -0.0175791 ; -0.0277676 ; 103.092;
29 ; 29 ; 26 ; -0.018518 ; -0.0164427 ; -0.0054375 ; 103.102;
30 ; 29 ; 26 ; -0.0171177 ; -0.0194817 ; -0.00892144 ; 102.835;
31 ; 29 ; 26 ; -0.0175562 ; -0.02125 ; -0.00965449 ; 102.841;
32 ; 29 ; 26 ; -0.01051 ; -0.0221602 ; -0.0183219 ; 102.969;
33 ; 29 ; 26 ; 0.000279897 ; -0.0264521 ; -0.0102351 ; 103.058;
4 ; 30 ; 26 ; -0.00931264 ; -0.00829455 ; 0.00349321 ; 103.265;
5 ; 30 ; 26 ; 0.0232413 ; -0.0170304 ; -0.00414867 ; 102.706;
6 ; 30 ; 26 ; -0.000874345 ; -0.026156 ; 0.00327378 ; 103.242;
7 ; 30 ; 26 ; 0.0119622 ; -0.0103224 ; 0.00300007 ; 102.762;
8 ; 30 ; 26 ; 0.0133341 ; -0.00233676 ; -0.0105146 ; 102.671;
9 ; 30 ; 26 ; 0.0200311 ; -0.0132381 ; -0.0197148 ; 102.916;
10 ; 30 ; 26 ; 0.0260192 ; -0.00948634 ; -0.00367351 ; 102.743;
11 ; 30 ; 26 ; 0.0057343 ; -0.0262802 ; -0.0177988 ; 103.106;
12 ; 30 ; 26 ; -0.00410497 ; -0.0128295 ; -0.00916871 ; 102.343;
13 ; 30 ; 26 ; 0.00116532 ; -0.0116903 ; -0.00977362 ; 102.68;
14 ; 30 ; 26 ; -0.00790335 ; -0.0193241 ; -0.0145974 ; 102.393;
15 ; 30 ; 26 ; -0.00155669 ; -0.0218432 ; -0.0258464 ; 102.375;
16 ; 30 ; 26 ; 0.00575701 ; -0.0214262 ; -0.0170463 ; 102.434;
17 ; 30 ; 26 ; 0.0064567 ; -0.025162 ; -0.0185537 ; 102.598;
18 ; 30 ; 26 ; -0.00998845 ; -0.0213807 ; -0.0179314 ; 101.983;
19 ; 30 ; 26 ; -0.00777486 ; -0.0215616 ; -0.02299 ; 102.301;
20 ; 30 ; 26 ; -0.00374461 ; -0.0143238 ; -0.0142676 ; 102.709;
21 ; 30 ; 26 ; 0.0120036 ; -0.0208767 ; -0.0247728 ; 102.501;
22 ; 30 ; 26 ; -0.00253117 ; -0.0161665 ; -0.0199268 ; 102.365;
23 ; 30 ; 26 ; -0.0149344 ; -0.0210917 ; -0.00811823 ; 102.302;
24 ; 30 ; 26 ; 0.0106938 ; -0.0197293 ; -0.00743211 ; 102.446;
25 ; 30 ; 26 ; -0.00841321 ; -0.00253513 ; -0.00935964 ; 102.96;
26 ; 30 ; 26 ; -0.0157425 ; -0.0171594 ; -0.00922765 ; 102.565;
27 ; 30 ; 26 ; -0.0106021 ; -0.0119329 ; -0.00578867 ; 102.931;
28 ; 30 ; 26 ; -0.0114365 ; -0.00840564 ; -0.0114279 ; 102.762;
29 ; 30 ; 26 ; 0.000308755 ; -0.0247952 ; -0.0157509 ; 102.581;
30 ; 30 ; 26 ; -0.00632235 ; -0.0183615 ; -0.0174349 ; 103.102;
31 ; 30 ; 26 ; -0.0137627 ; -0.0078298 ; -0.00232918 ; 102.702;
32 ; 30 ; 26 ; 0.0028992 ; -0.00866553 ; -0.00194046 ; 103.038;
33 ; 30 ; 26 ; 0.00257881 ; -0.0218944 ; -0.00404052 ; 102.655;
4 ; 31 ; 26 ; -0.00381713 ; -0.00242027 ; -0.00500116 ; 102.789;
5 ; 31 ; 26 ; 0.00734005 ; -0.01664 ; -0.023331 ; 102.878;
6 ; 31 ; 26 ; 0.00790837 ; -0.0190326 ; -0.0158898 ; 102.723;
7 ; 31 ; 26 ; 0.0133341 ; -0.00841856 ; -0.0136366 ; 102.936;
8 ; 31 ; 26 ; 0.0194932 ; -0.00840178 ; -0.0135918 ; 102.977;
9 ; 31 ; 26 ; 0.0176564 ; -0.0131373 ; -0.0127795 ; 103.075;
10 ; 31 ; 26 ; 0.0173217 ; -0.00712716 ; -0.0077019 ; 102.849;
11 ; 31 ; 26 ; 0.0119708 ; -0.0112572 ; -0.00959653 ; 102.476;
12 ; 31 ; 26 ; -0.000909204 ; -0.00732951 ; -0.0147997 ; 102.857;
13 ; 31 ; 26 ; 0.00376855 ; -0.0192539 ; -0.0138305 ; 102.381;
14 ; 31 ; 26 ; 0.0120246 ; -0.00485049 ; -0.0151375 ; 102.606;
15 ; 31 ; 26 ; 0.00816596 ; -0.0073823 ; -0.0192583 ; 102.465;
16 ; 31 ; 26 ; -0.00927621 ; -0.00556874 ; -0.0156991 ; 102.355;
17 ; 31 ; 26 ; -0.0114549 ; -0.00286665 ; -0.0224085 ; 101.973;
18 ; 31 ; 26 ; -0.0116315 ; -0.0140372 ; -0.00775062 ; 102.288;
19 ; 31 ; 26 ; -0.00398834 ; -0.0132644 ; -0.00497285 ; 101.549;
20 ; 31 ; 26 ; 0.0165687 ; -0.0172345 ; -0.0161676 ; 102.666;
21 ; 31 ; 26 ; 0.0216409 ; -0.0203644 ; -0.00853918 ; 102.737;
22 ; 31 ; 26 ; 0.00579477 ; -0.0242146 ; -0.0289916 ; 102.429;
23 ; 31 ; 26 ; 0.0101591 ; -0.0203903 ; -0.0207931 ; 102.603;
24 ; 31 ; 26 ; -0.00291291 ; -0.0171386 ; -0.0182689 ; 102.604;
25 ; 31 ; 26 ; -0.00453876 ; -0.0136435 ; -0.0170143 ; 102.671;
26 ; 31 ; 26 ; -0.00436489 ; -0.00557753 ; -0.0146122 ; 102.516;
27 ; 31 ; 26 ; -0.0109894 ; -0.00379656 ; -0.0190483 ; 102.686;
28 ; 31 ; 26 ; -0.0120723 ; -0.0172175 ; -0.0143762 ; 102.676;
29 ; 31 ; 26 ; -0.0159328 ; -0.0107769 ; -0.0211397 ; 103.109;
30 ; 31 ; 26 ; -0.00824779 ; -0.00708444 ; -0.0043858 ; 102.719;
31 ; 31 ; 26 ; -0.00660547 ; -0.0165031 ; 0.00405933 ; 102.94;
32 ; 31 ; 26 ; -0.00649988 ; -0.0194684 ; -0.00233768 ; 102.866;
33 ; 31 ; 26 ; -0.00285478 ; -0.0213812 ; -0.00434423 ; 102.581;
4 ; 32 ; 26 ; 0.00424107 ; -0.00395036 ; 0.000981865 ; 102.426;
5 ; 32 ; 26 ; 0.00876851 ; -0.0163558 ; -0.0109225 ; 103.136;
6 ; 32 ; 26 ; 0.00997006 ; -0.0218134 ; -0.0176508 ; 102.983;
7 ; 32 ; 26 ; 0.0111894 ; -0.00966232 ; -0.0152417 ; 102.868;
8 ; 32 ; 26 ; 0.00999628 ; -0.00911614 ; -0.00295615 ; 102.712;
9 ; 32 ; 26 ; 0.0173069 ; -0.0146627 ; -0.0111288 ; 103.208;
10 ; 32 ; 26 ; 0.010709 ; 0.00662168 ; -0.0104905 ; 102.656;
11 ; 32 ; 26 ; 0.00736268 ; -0.00342149 ; -0.0106855 ; 102.831;
12 ; 32 ; 26 ; -0.00179666 ; -0.00469757 ; -0.0232292 ; 102.7;
13 ; 32 ; 26 ; 0.00934112 ; -0.0115731 ; -0.013179 ; 102.227;
14 ; 32 ; 26 ; 0.0222711 ; -0.0137131 ; -0.00528768 ; 102.147;
15 ; 32 ; 26 ; -0.00297952 ; -0.018434 ; -0.0178711 ; 102.377;
16 ; 32 ; 26 ; 0.00273027 ; -0.015365 ; -0.00693306 ; 102.424;
17 ; 32 ; 26 ; -0.00345901 ; -0.0168143 ; -0.00264877 ; 102.281;
18 ; 32 ; 26 ; -0.0109083 ; -0.0135846 ; -0.0258911 ; 101.995;
19 ; 32 ; 26 ; 0.00422481 ; -0.00833205 ; -0.0194358 ; 102.336;
20 ; 32 ; 26 ; -0.0105488 ; -0.00187535 ; -0.0152273 ; 102.47;
21 ; 32 ; 26 ; -0.00664103 ; -0.00904686 ; -0.0298436 ; 102.407;
22 ; 32 ; 26 ; -0.00501132 ; -0.0186667 ; -0.0148554 ; 102.538;
23 ; 32 ; 26 ; 0.000214407 ; -0.0100508 ; -0.0173429 ; 102.325;
24 ; 32 ; 26 ; 0.0052749 ; -0.00641466 ; -0.0192733 ; 102.608;
25 ; 32 ; 26 ; -0.00235401 ; -0.0105264 ; -0.0105333 ; 102.868;
26 ; 32 ; 26 ; -0.0196745 ; -0.00216985 ; -0.00354417 ; 102.471;
27 ; 32 ; 26 ; -0.0161537 ; -0.0163079 ; -0.0175249 ; 102.479;
28 ; 32 ; 26 ; -0.0102247 ; 0.00519939 ; -0.0094489 ; 102.952;
29 ; 32 ; 26 ; -0.0100509 ; -0.0095504 ; -0.00920429 ; 102.598;
30 ; 32 ; 26 ; -0.0154215 ; -0.0074528 ; -0.00407407 ; 102.372;
31 ; 32 ; 26 ; -0.00743973 ; -0.0115263 ; -0.00896781 ; 102.74;
32 ; 32 ; 26 ; 8.34178e-05 ; -0.0100173 ; -0.00587145 ; 102.652;
33 ; 32 ; 26 ; -0.0147454 ; -0.00750577 ; -0.0110721 ; 102.482;
4 ; 33 ; 26 ; -0.00307414 ; -0.0174638 ; -0.00833153 ; 102.615;
5 ; 33 ; 26 ; 0.00655653 ; -0.00642954 ; -0.010072 ; 103.099;
6 ; 33 ; 26 ; 0.0179419 ; -0.00766669 ; -6.30699e-06 ; 102.322;
7 ; 33 ; 26 ; 0.0184892 ; -0.00876304 ; 0.00861014 ; 102.675;
8 ; 33 ; 26 ; 0.0144195 ; -0.00480141 ; -0.0181321 ; 102.505;
9 ; 33 ; 26 ; 0.0152203 ; -0.0134166 ; -0.00836428 ; 102.768;
10 ; 33 ; 26 ; 0.015334 ; -0.00629607 ; 0.00212639 ; 102.797;
11 ; 33 ; 26 ; 0.00426437 ; -0.00523742 ; -0.00310058 ; 102.812;
12 ; 33 ; 26 ; -0.00230699 ; -0.00891562 ; -0.00297858 ; 102.121;
13 ; 33 ; 26 ; 0.00354307 ; 0.00733977 ; -0.0104078 ; 102.629;
14 ; 33 ; 26 ; -0.00763889 ; -0.0110669 ; -0.0101499 ; 102.175;
15 ; 33 ; 26 ; -0.0025267 ; -0.0143651 ; -0.00341952 ; 102.36;
16 ; 33 ; 26 ; -0.0075629 ; 0.00643825 ; -0.0103665 ; 102.296;
17 ; 33 ; 26 ; -0.0134228 ; -0.0237457 ; -0.00326619 ; 102.475;
18 ; 33 ; 26 ; -0.0153087 ; 0.00468757 ; -0.00888595 ; 102.176;
19 ; 33 ; 26 ; -0.0113099 ; -0.0117375 ; -0.00794992 ; 102.106;
20 ; 33 ; 26 ; 0.0117336 ; -0.00789753 ; -0.0179095 ; 102.641;
21 ; 33 ; 26 ; -0.0104243 ; 0.000528144 ; -0.00618741 ; 102.413;
22 ; 33 ; 26 ; 0.0026184 ; -0.0103073 ; -0.0156706 ; 102.666;
23 ; 33 ; 26 ; -0.0073798 ; -0.0115255 ; -0.0153389 ; 102.484;
24 ; 33 ; 26 ; -0.0103337 ; -0.000286854 ; -0.0016995 ; 102.429;
25 ; 33 ; 26 ; -0.00216889 ; -0.00414498 ; -0.00201692 ; 102.453;
26 ; 33 ; 26 ; -0.00824963 ; 0.00337362 ; -0.000366523 ; 102.392;
27 ; 33 ; 26 ; -0.0211156 ; -0.004457 ; -0.0141902 ; 102.731;
28 ; 33 ; 26 ; -0.0100284 ; -0.0018899 ; -0.00222227 ; 102.595;
29 ; 33 ; 26 ; -0.0108948 ; -0.0135245 ; -0.00477522 ; 102.757;
30 ; 33 ; 26 ; -0.0178326 ; -0.0169025 ; 0.00708471 ; 102.677;
31 ; 33 ; 26 ; -0.00948978 ; 0.00407813 ; -0.00279451 ; 102.758;
32 ; 33 ; 26 ; -0.009408 ; 0.000756379 ; 0.000998308 ; 103.006;
33 ; 33 ; 26 ; -0.00636046 ; -0.000397498 ; -0.00548743 ; 102.794;
4 ; 4 ; 27 ; 0.00644261 ; 0.0100746 ; -0.0059276 ; 103.187;
5 ; 4 ; 27 ; 0.00606693 ; 0.00492018 ; -0.0141153 ; 102.822;
6 ; 4 ; 27 ; 0.0197976 ; -0.00127115 ; 0.00200458 ; 103.097;
7 ; 4 ; 27 ; 0.0166006 ; -7.98114e-05 ; -0.00506613 ; 102.695;
8 ; 4 ; 27 ; 0.00110786 ; 0.00601558 ; -0.00836222 ; 102.755;
9 ; 4 ; 27 ; 0.0221 ; 0.00300399 ; -0.00990733 ; 102.798;
10 ; 4 ; 27 ; 0.000382741 ; 0.00237708 ; -0.0133918 ; 102.686;
11 ; 4 ; 27 ; 0.0153502 ; 0.0107016 ; -0.000969579 ; 102.521;
12 ; 4 ; 27 ; 0.00612242 ; 0.000771142 ; -0.000471852 ; 102.287;
13 ; 4 ; 27 ; 0.00560817 ; -0.00274157 ; -0.0143607 ; 102.293;
14 ; 4 ; 27 ; 0.00518575 ; -0.00667466 ; -0.0135381 ; 102.981;
15 ; 4 ; 27 ; 0.0138091 ; -0.00821274 ; -0.00770965 ; 102.543;
16 ; 4 ; 27 ; -0.00661849 ; -0.00394093 ; -0.0195617 ; 102.621;
17 ; 4 ; 27 ; 0.00593311 ; -0.00311629 ; -0.022757 ; 102.539;
18 ; 4 ; 27 ; 8.8304e-05 ; 0.00680429 ; -0.0122838 ; 102.415;
19 ; 4 ; 27 ; -0.00262106 ; -0.00380293 ; -0.0252313 ; 102.318;
20 ; 4 ; 27 ; 0.00412419 ; 0.0058318 ; -0.0321097 ; 102.482;
21 ; 4 ; 27 ; 0.00952749 ; 0.00851175 ; -0.0180939 ; 102.174;
22 ; 4 ; 27 ; 0.0122966 ; 0.0109971 ; -0.00841268 ; 102.711;
23 ; 4 ; 27 ; -0.0030178 ; 0.00225328 ; -0.00749272 ; 102.166;
24 ; 4 ; 27 ; 0.00345134 ; 0.0137685 ; -0.00927367 ; 102.682;
25 ; 4 ; 27 ; -0.0109019 ; -0.00487511 ; -0.0142689 ; 102.007;
26 ; 4 ; 27 ; -0.000612822 ; -0.0052877 ; -0.0132921 ; 102.761;
27 ; 4 ; 27 ; -0.010046 ; 0.00446846 ; -0.00594175 ; 103.227;
28 ; 4 ; 27 ; -0.00955103 ; -0.00464897 ; -0.0171197 ; 103.081;
29 ; 4 ; 27 ; -0.0145626 ; 0.00627263 ; -0.00890353 ; 102.991;
30 ; 4 ; 27 ; -0.0208 ; -0.00899397 ; -0.0123635 ; 103.083;
31 ; 4 ; 27 ; -0.00991266 ; -0.00515153 ; -0.0191707 ; 102.717;
32 ; 4 ; 27 ; -0.0139429 ; 0.00834088 ; -0.00227914 ; 102.917;
33 ; 4 ; 27 ; 0.00217749 ; 0.00211918 ; -0.00967632 ; 102.919;
4 ; 5 ; 27 ; 0.00582806 ; 0.0107156 ; -0.0129134 ; 102.969;
5 ; 5 ; 27 ; 0.00602884 ; 0.00912058 ; -0.00950264 ; 102.98;
6 ; 5 ; 27 ; 0.00895964 ; 0.00964166 ; -0.00483679 ; 102.801;
7 ; 5 ; 27 ; 0.0231167 ; 0.0188099 ; -0.00733556 ; 103.011;
8 ; 5 ; 27 ; 0.0262667 ; -0.0019526 ; -0.0152338 ; 102.901;
9 ; 5 ; 27 ; 0.0161127 ; 0.00286784 ; -0.0110129 ; 102.907;
10 ; 5 ; 27 ; 0.0180343 ; 0.00851103 ; -0.0126665 ; 102.932;
11 ; 5 ; 27 ; 0.00669492 ; 0.00108302 ; -0.0252625 ; 102.556;
12 ; 5 ; 27 ; 0.0102856 ; 0.00701203 ; -0.0228411 ; 103.048;
13 ; 5 ; 27 ; 0.0123845 ; -0.000761475 ; -0.0125997 ; 102.61;
14 ; 5 ; 27 ; 0.0060667 ; 0.00572801 ; -0.00935378 ; 102.089;
15 ; 5 ; 27 ; -0.00149748 ; 0.0131735 ; -0.0178615 ; 102.667;
16 ; 5 ; 27 ; -0.000572757 ; 0.0174888 ; -0.0211887 ; 102.512;
17 ; 5 ; 27 ; 0.00262296 ; 0.0132883 ; -0.024605 ; 102.915;
18 ; 5 ; 27 ; 0.0113169 ; 0.00606754 ; -0.0213676 ; 102.173;
19 ; 5 ; 27 ; -0.0141899 ; 0.0108094 ; -0.00261399 ; 102.76;
20 ; 5 ; 27 ; -0.00448639 ; 0.00915229 ; -0.0151572 ; 102.149;
21 ; 5 ; 27 ; 0.00949256 ; 0.0191094 ; -0.0285639 ; 102.58;
22 ; 5 ; 27 ; 0.00209925 ; 0.0204319 ; -0.0139748 ; 102.566;
23 ; 5 ; 27 ; -0.0117021 ; -0.00767273 ; -0.0116447 ; 102.573;
24 ; 5 ; 27 ; -0.00622207 ; 0.012592 ; -0.0335576 ; 102.606;
25 ; 5 ; 27 ; -0.0121233 ; -0.0101573 ; -0.0144088 ; 102.649;
26 ; 5 ; 27 ; -0.0102396 ; 0.00892479 ; -0.0157905 ; 102.356;
27 ; 5 ; 27 ; 0.00336446 ; -0.0023499 ; -0.00330162 ; 102.494;
28 ; 5 ; 27 ; -0.0183741 ; 0.0087959 ; -0.0134921 ; 102.826;
29 ; 5 ; 27 ; 0.00361934 ; 0.00487933 ; -0.0141768 ; 102.835;
30 ; 5 ; 27 ; -0.0116267 ; 0.00521387 ; -0.0104807 ; 103.123;
31 ; 5 ; 27 ; -0.0250546 ; 0.0127787 ; -0.0123566 ; 102.768;
32 ; 5 ; 27 ; -0.0158964 ; 0.0112622 ; -0.0179056 ; 102.605;
33 ; 5 ; 27 ; -0.00572798 ; 0.0153881 ; -0.0096447 ; 102.828;
4 ; 6 ; 27 ; 0.00873957 ; 0.0158792 ; -0.00818369 ; 102.641;
5 ; 6 ; 27 ; 0.00328328 ; 0.011871 ; -0.00857264 ; 103.019;
6 ; 6 ; 27 ; 0.00278561 ; 0.00274299 ; 0.000711108 ; 102.582;
7 ; 6 ; 27 ; 0.00935814 ; 0.011755 ; 0.00107272 ; 103.048;
8 ; 6 ; 27 ; 0.0147706 ; 0.00682921 ; -0.00676405 ; 102.871;
9 ; 6 ; 27 ; 0.014421 ; -0.00642682 ; -0.0116833 ; 102.54;
10 ; 6 ; 27 ; 0.0160454 ; 0.00729094 ; -0.00616341 ; 102.759;
11 ; 6 ; 27 ; 0.00973102 ; 0.00982385 ; -0.0112792 ; 102.682;
12 ; 6 ; 27 ; 0.0194063 ; 0.00743387 ; -0.00182736 ; 103.006;
13 ; 6 ; 27 ; 0.00746867 ; 0.00520589 ; -0.0120499 ; 102.659;
14 ; 6 ; 27 ; -0.0044197 ; 0.010784 ; -0.0224678 ; 102.632;
15 ; 6 ; 27 ; -0.00153914 ; 0.0260229 ; -0.0223348 ; 102.413;
16 ; 6 ; 27 ; -0.00844374 ; 0.0270035 ; -0.0134178 ; 102.07;
17 ; 6 ; 27 ; -0.00589533 ; 0.0173715 ; -0.0189353 ; 102.46;
18 ; 6 ; 27 ; 0.0127581 ; 0.0178432 ; -0.0146069 ; 102.289;
19 ; 6 ; 27 ; 0.0157138 ; 0.0283118 ; -0.0170788 ; 102.678;
20 ; 6 ; 27 ; -0.000354414 ; 0.0149102 ; -0.0156668 ; 101.894;
21 ; 6 ; 27 ; -0.00504553 ; 0.0105302 ; -0.0116722 ; 102.636;
22 ; 6 ; 27 ; 0.00978059 ; 0.0135565 ; -0.00615931 ; 102.607;
23 ; 6 ; 27 ; -0.00320915 ; -0.00361595 ; -0.0180592 ; 102.419;
24 ; 6 ; 27 ; -0.000171426 ; 0.0256964 ; -0.0260847 ; 102.623;
25 ; 6 ; 27 ; -0.0114236 ; 0.0185616 ; -0.00735295 ; 102.507;
26 ; 6 ; 27 ; -0.0202389 ; 0.0147933 ; -0.00908172 ; 102.774;
27 ; 6 ; 27 ; -0.0216306 ; 0.00176944 ; -0.00544987 ; 102.903;
28 ; 6 ; 27 ; -0.0125134 ; 0.00515772 ; -0.0115457 ; 102.743;
29 ; 6 ; 27 ; -0.0113423 ; -0.00352592 ; -0.00870073 ; 103.338;
30 ; 6 ; 27 ; -0.00822515 ; -0.000977176 ; -0.0011192 ; 102.666;
31 ; 6 ; 27 ; -0.011348 ; 0.00747777 ; -0.00225491 ; 102.764;
32 ; 6 ; 27 ; -0.0114439 ; 0.0101769 ; -0.0202472 ; 102.861;
33 ; 6 ; 27 ; -0.00603271 ; 0.0207661 ; -0.00985186 ; 102.778;
4 ; 7 ; 27 ; -0.00458095 ; 0.0132983 ; -0.0187716 ; 102.967;
5 ; 7 ; 27 ; 0.00524218 ; 0.00932577 ; -0.010847 ; 102.645;
6 ; 7 ; 27 ; -0.00769599 ; 0.00901643 ; -0.0124242 ; 102.687;
7 ; 7 ; 27 ; 0.00699482 ; -0.000977982 ; -0.00180039 ; 102.647;
8 ; 7 ; 27 ; 0.00848231 ; 0.000665555 ; -0.010706 ; 102.865;
9 ; 7 ; 27 ; 0.0089362 ; 0.0152914 ; -0.00900762 ; 103.124;
10 ; 7 ; 27 ; 0.0168662 ; 0.016823 ; -0.00794158 ; 102.708;
11 ; 7 ; 27 ; 0.00358001 ; 0.0241485 ; -0.00865817 ; 102.418;
12 ; 7 ; 27 ; 0.0015009 ; 0.0178478 ; -0.0133323 ; 102.463;
13 ; 7 ; 27 ; 0.017404 ; 0.0109533 ; -0.0187745 ; 102.472;
14 ; 7 ; 27 ; 0.013527 ; 0.0187636 ; -0.0246844 ; 102.682;
15 ; 7 ; 27 ; 0.00395725 ; 0.0102617 ; -0.0223379 ; 102.712;
16 ; 7 ; 27 ; -0.00641325 ; 0.0151371 ; -0.00359268 ; 102.831;
17 ; 7 ; 27 ; -0.000171581 ; 0.00942561 ; -0.0096565 ; 102.137;
18 ; 7 ; 27 ; -0.00157484 ; 0.0177018 ; -0.011974 ; 102.418;
19 ; 7 ; 27 ; 0.0193931 ; 0.0287338 ; -0.0155152 ; 102.521;
20 ; 7 ; 27 ; 0.00575491 ; 0.0245411 ; -0.0151215 ; 102.455;
21 ; 7 ; 27 ; -0.000382001 ; 0.0180173 ; -0.0163969 ; 102.339;
22 ; 7 ; 27 ; 0.00519539 ; 0.0126608 ; -0.0121271 ; 102.714;
23 ; 7 ; 27 ; 0.00158464 ; 0.0124889 ; -0.0285783 ; 102.672;
24 ; 7 ; 27 ; -0.0126224 ; 0.0152239 ; -0.00326982 ; 102.599;
25 ; 7 ; 27 ; -0.0125018 ; 0.0186447 ; -0.0168441 ; 102.479;
26 ; 7 ; 27 ; -0.0113918 ; 0.00852465 ; -0.00876418 ; 102.926;
27 ; 7 ; 27 ; -0.00854351 ; 0.0151078 ; -0.0252759 ; 102.776;
28 ; 7 ; 27 ; -0.0136294 ; 0.00639185 ; -0.00366354 ; 103.167;
29 ; 7 ; 27 ; -0.0199719 ; 0.0102616 ; -0.00845737 ; 102.751;
30 ; 7 ; 27 ; -0.0187925 ; 0.00814447 ; -0.0102496 ; 103.134;
31 ; 7 ; 27 ; -0.007863 ; 0.009577 ; -0.0133252 ; 102.783;
32 ; 7 ; 27 ; -0.00836646 ; 0.00268186 ; -0.00909522 ; 103.318;
33 ; 7 ; 27 ; -0.0111048 ; 0.0124438 ; -0.0178458 ; 102.829;
4 ; 8 ; 27 ; 0.00824842 ; 0.0122781 ; -0.0173908 ; 102.725;
5 ; 8 ; 27 ; 0.0113289 ; 0.0221891 ; -0.0144944 ; 103.492;
6 ; 8 ; 27 ; 0.0102638 ; 0.0128513 ; -0.0166282 ; 102.752;
7 ; 8 ; 27 ; 0.0270359 ; 0.0119008 ; -0.00349465 ; 102.672;
8 ; 8 ; 27 ; 0.0226074 ; 0.0128161 ; -0.0054266 ; 102.562;
9 ; 8 ; 27 ; 0.0107669 ; 0.0140662 ; -0.00907276 ; 103.325;
10 ; 8 ; 27 ; 0.00923018 ; 0.012789 ; -0.0182515 ; 102.927;
11 ; 8 ; 27 ; 0.0143448 ; 0.0231814 ; -0.0249679 ; 102.757;
12 ; 8 ; 27 ; 0.0126992 ; 0.0136139 ; -0.0153969 ; 102.641;
13 ; 8 ; 27 ; 0.00223318 ; 0.00878765 ; -0.00588992 ; 102.957;
14 ; 8 ; 27 ; 0.00500014 ; 0.0248613 ; -0.0255748 ; 103.095;
15 ; 8 ; 27 ; -0.00903178 ; 0.0233802 ; -0.01395 ; 102.537;
16 ; 8 ; 27 ; -0.00526136 ; 0.0249602 ; -0.0216908 ; 102.474;
17 ; 8 ; 27 ; 0.00218626 ; 0.0262177 ; -0.0230082 ; 102.215;
18 ; 8 ; 27 ; 0.00175255 ; 0.035152 ; -0.0194583 ; 102.683;
19 ; 8 ; 27 ; -0.00143975 ; 0.0412361 ; -0.0276234 ; 102.976;
20 ; 8 ; 27 ; 0.0043063 ; 0.0188755 ; -0.0265361 ; 102.28;
21 ; 8 ; 27 ; -0.00945716 ; 0.0176002 ; -0.0254411 ; 102.596;
22 ; 8 ; 27 ; 0.0069986 ; 0.0228796 ; -0.0010814 ; 102.239;
23 ; 8 ; 27 ; -0.0183397 ; 0.0161053 ; -0.0144507 ; 102.921;
24 ; 8 ; 27 ; -0.0245712 ; 0.0130467 ; -0.0231085 ; 102.814;
25 ; 8 ; 27 ; -0.00984659 ; 0.027473 ; -0.0134853 ; 102.883;
26 ; 8 ; 27 ; -0.00820305 ; 0.0192618 ; -0.00906372 ; 102.832;
27 ; 8 ; 27 ; -0.00569599 ; 0.0166283 ; -0.00573961 ; 103.485;
28 ; 8 ; 27 ; -0.028377 ; 0.0110291 ; -0.00691381 ; 103.013;
29 ; 8 ; 27 ; -0.0249986 ; 0.0120292 ; -0.0123906 ; 102.929;
30 ; 8 ; 27 ; -0.0117817 ; 0.0265098 ; 0.0042451 ; 103.142;
31 ; 8 ; 27 ; -0.015223 ; 0.030638 ; -0.00589787 ; 102.721;
32 ; 8 ; 27 ; -0.0145072 ; 0.0179126 ; -0.0192273 ; 103.016;
33 ; 8 ; 27 ; 0.00496877 ; 0.014353 ; -0.00325845 ; 102.368;
4 ; 9 ; 27 ; -0.00160347 ; 0.00775976 ; -0.00711355 ; 103.104;
5 ; 9 ; 27 ; 0.013588 ; 0.0263101 ; -0.00235206 ; 102.64;
6 ; 9 ; 27 ; 0.0157452 ; 0.0213659 ; -0.0220829 ; 103.127;
7 ; 9 ; 27 ; 0.00533911 ; 0.0179508 ; -0.00997507 ; 102.927;
8 ; 9 ; 27 ; 0.0134756 ; 0.012416 ; -7.3216e-05 ; 103.04;
9 ; 9 ; 27 ; 0.00352568 ; 0.017707 ; -0.0109625 ; 102.871;
10 ; 9 ; 27 ; 0.00754606 ; 0.0239647 ; -0.00768337 ; 103.175;
11 ; 9 ; 27 ; 0.0193669 ; 0.0252507 ; -0.0186037 ; 102.99;
12 ; 9 ; 27 ; 0.0175063 ; 0.0197718 ; -0.0069871 ; 102.714;
13 ; 9 ; 27 ; 0.0145709 ; 0.0166035 ; -0.0237789 ; 103.06;
14 ; 9 ; 27 ; 0.0148253 ; 0.0101942 ; -0.0286898 ; 102.219;
15 ; 9 ; 27 ; 0.0109992 ; 0.0235194 ; -0.0264254 ; 102.452;
16 ; 9 ; 27 ; -0.00490043 ; 0.0334735 ; -0.00105798 ; 102.282;
17 ; 9 ; 27 ; -0.0146651 ; 0.0332722 ; -0.0271796 ; 102.428;
18 ; 9 ; 27 ; -0.000385201 ; 0.0271131 ; -0.0228007 ; 102.23;
19 ; 9 ; 27 ; 0.00809303 ; 0.00487491 ; -0.018421 ; 102.098;
20 ; 9 ; 27 ; 0.00332808 ; 0.0275361 ; -0.020127 ; 102.42;
21 ; 9 ; 27 ; 0.013098 ; 0.0232693 ; -0.0140895 ; 102.575;
22 ; 9 ; 27 ; -0.00830921 ; 0.0339813 ; -0.0172228 ; 102.402;
23 ; 9 ; 27 ; -0.0114075 ; 0.0125108 ; -0.0232342 ; 102.514;
24 ; 9 ; 27 ; -0.0099531 ; 0.0201695 ; -0.012513 ; 102.335;
25 ; 9 ; 27 ; -0.0172737 ; 0.00979681 ; -0.0222804 ; 102.706;
26 ; 9 ; 27 ; -0.0116905 ; 0.0221992 ; -0.0237882 ; 103.192;
27 ; 9 ; 27 ; -0.0148792 ; 0.0223612 ; -0.027066 ; 102.502;
28 ; 9 ; 27 ; -0.0151237 ; 0.0204743 ; -0.00520652 ; 103.07;
29 ; 9 ; 27 ; -0.0158204 ; 0.0105856 ; -0.0214481 ; 102.936;
30 ; 9 ; 27 ; -0.0159814 ; 0.0213573 ; -0.0158118 ; 103.412;
31 ; 9 ; 27 ; -0.0286794 ; 0.0223447 ; -0.00460392 ; 102.793;
32 ; 9 ; 27 ; -0.0142061 ; 0.0141592 ; -0.0152294 ; 102.982;
33 ; 9 ; 27 ; -0.00876948 ; 0.00930987 ; -0.0276637 ; 103.086;
4 ; 10 ; 27 ; 6.99541e-05 ; 0.00992096 ; -0.00795192 ; 102.753;
5 ; 10 ; 27 ; 0.000288883 ; 0.0140315 ; -0.0214037 ; 102.901;
6 ; 10 ; 27 ; 0.00395687 ; 0.0302888 ; -0.0133585 ; 103.11;
7 ; 10 ; 27 ; 0.0255686 ; 0.0282889 ; -0.013685 ; 103.012;
8 ; 10 ; 27 ; 0.0204251 ; 0.0163426 ; -0.0178607 ; 102.946;
9 ; 10 ; 27 ; 0.00423672 ; 0.0164048 ; -0.0200141 ; 102.849;
10 ; 10 ; 27 ; 0.0194165 ; 0.00469098 ; -0.0229622 ; 102.848;
11 ; 10 ; 27 ; 0.00533402 ; 0.0296208 ; -0.0202374 ; 102.705;
12 ; 10 ; 27 ; 0.0155746 ; 0.00374567 ; -0.0112843 ; 102.507;
13 ; 10 ; 27 ; 0.00971701 ; 0.0326957 ; -0.0146834 ; 102.432;
14 ; 10 ; 27 ; 0.00385261 ; 0.00261991 ; -0.0184344 ; 102.547;
15 ; 10 ; 27 ; 0.00220616 ; 0.0191558 ; -0.0206832 ; 102.318;
16 ; 10 ; 27 ; -0.00511662 ; 0.0289546 ; -0.0109763 ; 102.178;
17 ; 10 ; 27 ; 0.0113821 ; 0.0259051 ; -0.0183001 ; 102.288;
18 ; 10 ; 27 ; 0.0193811 ; 0.023767 ; -0.0292749 ; 102.643;
19 ; 10 ; 27 ; 0.00539541 ; 0.0154527 ; -0.00949202 ; 102.241;
20 ; 10 ; 27 ; -0.012195 ; 0.0242648 ; -0.0273618 ; 101.888;
21 ; 10 ; 27 ; -0.00610375 ; 0.0291921 ; -0.0204535 ; 102.435;
22 ; 10 ; 27 ; -0.00212243 ; 0.0225933 ; -0.0299979 ; 102.369;
23 ; 10 ; 27 ; -0.0093816 ; 0.015993 ; -0.0196488 ; 102.661;
24 ; 10 ; 27 ; -0.015188 ; 0.00603398 ; -0.0275224 ; 102.487;
25 ; 10 ; 27 ; -0.0023862 ; 0.0152754 ; -0.014311 ; 102.776;
26 ; 10 ; 27 ; -0.0128947 ; 0.00936126 ; -0.0097089 ; 103.177;
27 ; 10 ; 27 ; -0.00489824 ; 0.00372387 ; -0.0270872 ; 102.96;
28 ; 10 ; 27 ; -0.013846 ; 0.0225646 ; -0.0128494 ; 103.006;
29 ; 10 ; 27 ; -0.00176429 ; 0.0177008 ; -0.0221608 ; 103.237;
30 ; 10 ; 27 ; -0.000998514 ; 0.00240747 ; -0.0141088 ; 102.584;
31 ; 10 ; 27 ; -0.00102809 ; 0.0103995 ; -0.0149513 ; 102.505;
32 ; 10 ; 27 ; -0.00370635 ; 0.0173432 ; -0.0102432 ; 102.6;
33 ; 10 ; 27 ; 0.00136092 ; 0.00921509 ; -0.0256885 ; 102.277;
4 ; 11 ; 27 ; 0.00261182 ; 0.00409634 ; -0.0091794 ; 102.412;
5 ; 11 ; 27 ; 0.0131218 ; 0.00554386 ; -0.00901401 ; 102.881;
6 ; 11 ; 27 ; -0.00729314 ; 0.0139419 ; -0.0172066 ; 102.569;
7 ; 11 ; 27 ; 0.00268767 ; 0.0188112 ; -0.0269433 ; 102.963;
8 ; 11 ; 27 ; 0.0272358 ; 0.0113577 ; -0.0131934 ; 102.776;
9 ; 11 ; 27 ; 0.0219384 ; 0.00688337 ; -0.0265038 ; 102.589;
10 ; 11 ; 27 ; 0.0288164 ; 0.0283918 ; -0.00966913 ; 102.769;
11 ; 11 ; 27 ; 0.0158853 ; 0.00638189 ; -0.0241407 ; 102.585;
12 ; 11 ; 27 ; 0.00691057 ; 0.0222839 ; -0.012775 ; 102.454;
13 ; 11 ; 27 ; 0.00372487 ; 0.0197654 ; -0.0258597 ; 102.344;
14 ; 11 ; 27 ; 0.00286241 ; 0.0104716 ; -0.0158174 ; 102.381;
15 ; 11 ; 27 ; 0.00922503 ; 0.0194979 ; -0.0169728 ; 102.61;
16 ; 11 ; 27 ; -6.16795e-05 ; 0.0242919 ; -0.0190522 ; 102.203;
17 ; 11 ; 27 ; 0.0022449 ; 0.0350098 ; -0.00972538 ; 102.044;
18 ; 11 ; 27 ; 0.00580506 ; 0.014157 ; -0.0377107 ; 101.995;
19 ; 11 ; 27 ; 0.000243526 ; 0.016923 ; -0.0120859 ; 102.116;
20 ; 11 ; 27 ; -0.0117748 ; 0.024503 ; -0.0104639 ; 102.124;
21 ; 11 ; 27 ; -0.0102109 ; 0.0136313 ; -0.0167169 ; 102.006;
22 ; 11 ; 27 ; -0.00477725 ; 0.0177796 ; -0.016402 ; 102.315;
23 ; 11 ; 27 ; -0.00194207 ; 0.0253925 ; -0.0233284 ; 102.492;
24 ; 11 ; 27 ; -0.0147772 ; 0.0060129 ; -0.0112049 ; 102.971;
25 ; 11 ; 27 ; -0.0200964 ; 0.0211668 ; -0.0250877 ; 102.306;
26 ; 11 ; 27 ; -0.018219 ; 0.00580615 ; -0.0205007 ; 102.711;
27 ; 11 ; 27 ; -0.00725675 ; 0.0185457 ; -0.0252661 ; 103.131;
28 ; 11 ; 27 ; -0.00757657 ; 0.0213558 ; -0.0173643 ; 103.335;
29 ; 11 ; 27 ; -0.0278278 ; -0.00198513 ; -0.0046451 ; 102.617;
30 ; 11 ; 27 ; -0.0184994 ; 0.00419677 ; -0.00488922 ; 103.226;
31 ; 11 ; 27 ; 0.0104249 ; 0.00575167 ; -0.0109865 ; 102.978;
32 ; 11 ; 27 ; -0.0104807 ; 0.00802221 ; -0.0156858 ; 102.578;
33 ; 11 ; 27 ; -0.00586049 ; 0.00681952 ; -0.00278531 ; 103.153;
4 ; 12 ; 27 ; 0.00312461 ; 0.00565506 ; -0.0102969 ; 102.296;
5 ; 12 ; 27 ; 0.00471218 ; 0.0153073 ; -0.00514553 ; 102.641;
6 ; 12 ; 27 ; 0.0144919 ; 0.0112313 ; -0.0198748 ; 102.829;
7 ; 12 ; 27 ; 0.00925777 ; 0.0114615 ; -0.0198637 ; 102.186;
8 ; 12 ; 27 ; 0.0328381 ; 0.00636179 ; -0.0129807 ; 102.821;
9 ; 12 ; 27 ; 0.0185499 ; 0.015093 ; -0.0154917 ; 102.54;
10 ; 12 ; 27 ; 0.0288354 ; 0.0282223 ; -0.0081876 ; 102.954;
11 ; 12 ; 27 ; 0.0157499 ; 0.0226889 ; -0.0118938 ; 102.346;
12 ; 12 ; 27 ; 0.00809668 ; 0.00760201 ; -0.0237284 ; 102.902;
13 ; 12 ; 27 ; 0.00730865 ; -0.00620473 ; -0.00346956 ; 102.135;
14 ; 12 ; 27 ; 0.0214811 ; 0.00816722 ; -0.021569 ; 102.075;
15 ; 12 ; 27 ; 0.00312892 ; 0.0131553 ; -0.0306608 ; 102.153;
16 ; 12 ; 27 ; 0.0179945 ; 0.0237037 ; -0.02531 ; 102.292;
17 ; 12 ; 27 ; -0.0102135 ; 0.0184601 ; -0.0295165 ; 102.671;
18 ; 12 ; 27 ; 0.00467335 ; 0.0123292 ; -0.0197709 ; 102.521;
19 ; 12 ; 27 ; -0.00370012 ; 0.0243979 ; -0.026051 ; 101.919;
20 ; 12 ; 27 ; 0.00237357 ; 0.00396486 ; -0.0293578 ; 102.353;
21 ; 12 ; 27 ; 0.00281946 ; 0.0113673 ; -0.0340179 ; 102.391;
22 ; 12 ; 27 ; 0.00252016 ; 0.0151143 ; -0.00827425 ; 102.467;
23 ; 12 ; 27 ; -0.00719156 ; 0.00966709 ; -0.0223756 ; 102.391;
24 ; 12 ; 27 ; -0.00270933 ; 0.0180108 ; -0.0374647 ; 102.506;
25 ; 12 ; 27 ; -0.0148579 ; 0.00965654 ; -0.0214264 ; 102.189;
26 ; 12 ; 27 ; -0.0153097 ; 0.00305377 ; -0.0260107 ; 102.779;
27 ; 12 ; 27 ; 0.00534197 ; 0.0115562 ; -0.015981 ; 102.638;
28 ; 12 ; 27 ; -0.0114788 ; -0.000922265 ; -0.021082 ; 102.625;
29 ; 12 ; 27 ; -0.0233471 ; 0.00522289 ; -0.0308676 ; 102.875;
30 ; 12 ; 27 ; -0.017021 ; 0.00534029 ; -0.0166307 ; 102.209;
31 ; 12 ; 27 ; -0.019549 ; 0.000127076 ; -0.00973928 ; 102.757;
32 ; 12 ; 27 ; -0.0087322 ; 0.0069938 ; -0.0152335 ; 102.559;
33 ; 12 ; 27 ; 0.00246191 ; -0.00674114 ; -0.0114707 ; 102.563;
4 ; 13 ; 27 ; 0.00651074 ; -0.000441193 ; -0.0110178 ; 102.617;
5 ; 13 ; 27 ; 0.00957952 ; 0.0117433 ; -0.0189108 ; 102.53;
6 ; 13 ; 27 ; 0.0112742 ; -0.00567634 ; -0.0230349 ; 102.721;
7 ; 13 ; 27 ; 0.0066723 ; 0.00273602 ; -0.00673651 ; 102.869;
8 ; 13 ; 27 ; 0.0238929 ; -0.00800069 ; -0.0294589 ; 102.557;
9 ; 13 ; 27 ; 0.0196405 ; 0.0159435 ; -0.0279286 ; 102.647;
10 ; 13 ; 27 ; 0.0117738 ; -0.00560627 ; -0.0154441 ; 102.605;
11 ; 13 ; 27 ; 0.0177654 ; 0.00991851 ; -0.0149567 ; 102.551;
12 ; 13 ; 27 ; 0.00942658 ; -0.00129058 ; -0.0275595 ; 102.481;
13 ; 13 ; 27 ; 0.0148316 ; 0.0113382 ; -0.0277762 ; 102.308;
14 ; 13 ; 27 ; 0.0117735 ; 0.00102037 ; -0.0281 ; 102.31;
15 ; 13 ; 27 ; -0.00193354 ; 0.00746828 ; -0.0212711 ; 101.797;
16 ; 13 ; 27 ; 0.0086187 ; 0.0121441 ; -0.0257976 ; 101.902;
17 ; 13 ; 27 ; -0.00524374 ; 0.0196631 ; -0.0301054 ; 102.415;
18 ; 13 ; 27 ; 0.00923387 ; 0.00591828 ; -0.033746 ; 102.226;
19 ; 13 ; 27 ; 0.00086515 ; 0.014985 ; -0.0239057 ; 101.795;
20 ; 13 ; 27 ; -0.00716277 ; 0.00825633 ; -0.0258592 ; 101.799;
21 ; 13 ; 27 ; -0.00293734 ; 0.00611076 ; -0.0241112 ; 101.881;
22 ; 13 ; 27 ; -8.91189e-05 ; 0.0170212 ; -0.0248481 ; 102.397;
23 ; 13 ; 27 ; -0.00685298 ; 0.0150369 ; -0.00382675 ; 102.381;
24 ; 13 ; 27 ; -0.0171734 ; 0.0158742 ; -0.0268097 ; 102.54;
25 ; 13 ; 27 ; -0.0237159 ; 0.0175444 ; -0.0208574 ; 102.053;
26 ; 13 ; 27 ; -0.0127203 ; 0.0262457 ; -0.031507 ; 102.398;
27 ; 13 ; 27 ; -0.0235832 ; 0.00903622 ; -0.0127706 ; 102.905;
28 ; 13 ; 27 ; -0.0223136 ; 0.000862329 ; -0.024119 ; 102.436;
29 ; 13 ; 27 ; -0.0318828 ; 0.00165447 ; -0.018928 ; 102.963;
30 ; 13 ; 27 ; -0.00701245 ; 0.0170724 ; -0.0159594 ; 102.666;
31 ; 13 ; 27 ; -0.00801591 ; 0.00520047 ; 0.00326828 ; 102.788;
32 ; 13 ; 27 ; -0.00825425 ; 0.0056606 ; -0.0165924 ; 102.756;
33 ; 13 ; 27 ; -0.00478636 ; 0.00277783 ; -0.013824 ; 102.63;
4 ; 14 ; 27 ; 2.05678e-05 ; 0.00391871 ; -0.0264276 ; 102.617;
5 ; 14 ; 27 ; 0.0173935 ; -0.00511839 ; -0.0215894 ; 102.617;
6 ; 14 ; 27 ; 0.0119993 ; -0.00553754 ; -0.0171805 ; 102.107;
7 ; 14 ; 27 ; 0.0142355 ; 0.0119732 ; 0.00059969 ; 102.547;
8 ; 14 ; 27 ; 0.00908367 ; 0.00503589 ; -0.0121232 ; 102.365;
9 ; 14 ; 27 ; 0.0249706 ; 0.00473256 ; -0.00464751 ; 102.686;
10 ; 14 ; 27 ; 0.0278772 ; -0.00545309 ; -0.00884256 ; 102.554;
11 ; 14 ; 27 ; 0.0133789 ; 0.0161993 ; -0.0220948 ; 102.248;
12 ; 14 ; 27 ; 0.0198409 ; 0.00254465 ; -0.0264632 ; 102.271;
13 ; 14 ; 27 ; 0.00814357 ; 0.0163457 ; -0.0237031 ; 102.305;
14 ; 14 ; 27 ; 0.017864 ; 0.000611072 ; -0.0329257 ; 102.318;
15 ; 14 ; 27 ; 0.0192669 ; -0.00420052 ; -0.022394 ; 102.018;
16 ; 14 ; 27 ; 0.00379359 ; 0.0146028 ; -0.0214517 ; 102.607;
17 ; 14 ; 27 ; 0.00449422 ; 0.00689619 ; -0.0344363 ; 101.795;
18 ; 14 ; 27 ; 0.00997488 ; 0.00518281 ; -0.0210158 ; 101.908;
19 ; 14 ; 27 ; -0.00300515 ; 0.0061547 ; -0.0178233 ; 101.746;
20 ; 14 ; 27 ; 0.00642579 ; 0.00384628 ; -0.022427 ; 102.088;
21 ; 14 ; 27 ; -0.00725259 ; -0.000301072 ; -0.0146403 ; 102.385;
22 ; 14 ; 27 ; -0.00392159 ; 0.0105998 ; -0.0272578 ; 102.122;
23 ; 14 ; 27 ; 0.00312813 ; -0.00638352 ; -0.016516 ; 102.014;
24 ; 14 ; 27 ; -0.0188077 ; 0.0067877 ; -0.0343438 ; 102.533;
25 ; 14 ; 27 ; -0.0168148 ; 0.0165707 ; -0.0102653 ; 101.997;
26 ; 14 ; 27 ; -0.00972841 ; -0.000423161 ; -0.0177162 ; 102.19;
27 ; 14 ; 27 ; -0.0219129 ; 0.00804098 ; -0.0140287 ; 102.506;
28 ; 14 ; 27 ; -0.0282959 ; 0.00789917 ; -0.0204639 ; 103;
29 ; 14 ; 27 ; -0.0135722 ; -0.000779159 ; -0.0158097 ; 102.754;
30 ; 14 ; 27 ; -0.0162447 ; 0.00435209 ; -0.0143307 ; 102.318;
31 ; 14 ; 27 ; -0.0111605 ; 0.0119641 ; -0.019556 ; 102.534;
32 ; 14 ; 27 ; -0.0124219 ; 0.0213763 ; -0.0194986 ; 102.699;
33 ; 14 ; 27 ; -0.00720679 ; 0.00494913 ; -0.0197935 ; 102.816;
4 ; 15 ; 27 ; -0.00155 ; 0.000386132 ; -0.0133785 ; 102.272;
5 ; 15 ; 27 ; 0.0125205 ; 0.00490952 ; -0.0130586 ; 102.636;
6 ; 15 ; 27 ; 0.0252056 ; 0.0117488 ; -0.0197151 ; 102.501;
7 ; 15 ; 27 ; 0.007981 ; 0.0035179 ; -0.0114853 ; 102.435;
8 ; 15 ; 27 ; 0.0208384 ; 0.0114265 ; -0.0148269 ; 102.767;
9 ; 15 ; 27 ; 0.0192034 ; -0.00282878 ; -0.0208205 ; 102.318;
10 ; 15 ; 27 ; 0.0288118 ; 0.00485322 ; -0.0228382 ; 102.226;
11 ; 15 ; 27 ; 0.0163571 ; -0.00987545 ; -0.0175058 ; 102.311;
12 ; 15 ; 27 ; 0.0133966 ; 0.0117091 ; -0.00815316 ; 102.701;
13 ; 15 ; 27 ; 0.00892691 ; 0.0142618 ; -0.0132966 ; 102.037;
14 ; 15 ; 27 ; 0.00467427 ; 0.0158759 ; -0.0272514 ; 102.133;
15 ; 15 ; 27 ; 0.00971689 ; 0.00208562 ; -0.0315123 ; 102.287;
16 ; 15 ; 27 ; -9.12348e-05 ; 0.00454124 ; -0.0169627 ; 102.085;
17 ; 15 ; 27 ; 0.00217765 ; -0.0122435 ; -0.0154427 ; 101.973;
18 ; 15 ; 27 ; -0.0109088 ; -0.00319011 ; -0.0375344 ; 102.074;
19 ; 15 ; 27 ; -0.00259269 ; 7.37451e-05 ; -0.0122819 ; 101.856;
20 ; 15 ; 27 ; 0.00580036 ; -0.00801834 ; -0.0199422 ; 101.875;
21 ; 15 ; 27 ; 0.0127266 ; 0.0239182 ; -0.0176135 ; 102.218;
22 ; 15 ; 27 ; -0.0077537 ; -0.00183248 ; -0.0192439 ; 101.709;
23 ; 15 ; 27 ; -0.00552516 ; 0.00136579 ; -0.0147095 ; 102.148;
24 ; 15 ; 27 ; -0.0102163 ; 0.00756867 ; -0.0215234 ; 102.194;
25 ; 15 ; 27 ; -0.0133386 ; -0.00339289 ; -0.0249921 ; 102.026;
26 ; 15 ; 27 ; -0.0189452 ; 0.00510645 ; -0.0130873 ; 102.216;
27 ; 15 ; 27 ; -0.0197145 ; 0.00353416 ; -0.0136978 ; 102.157;
28 ; 15 ; 27 ; -0.0261565 ; -0.00969331 ; -0.0148215 ; 102.814;
29 ; 15 ; 27 ; -0.0223364 ; -0.00560663 ; -0.00480894 ; 102.488;
30 ; 15 ; 27 ; -0.0183939 ; -0.0182141 ; -0.0261639 ; 102.916;
31 ; 15 ; 27 ; -0.0115093 ; 0.00827034 ; -0.00378959 ; 102.43;
32 ; 15 ; 27 ; -0.00674504 ; 0.00453886 ; -0.0225026 ; 102.552;
33 ; 15 ; 27 ; -0.0178859 ; 0.0055262 ; -0.0193952 ; 102.072;
4 ; 16 ; 27 ; 0.00852782 ; 0.000882809 ; -0.0178544 ; 102.279;
5 ; 16 ; 27 ; 0.00425778 ; 0.0028917 ; -0.0202995 ; 102.559;
6 ; 16 ; 27 ; 0.0341878 ; -0.00132396 ; -0.0110375 ; 102.204;
7 ; 16 ; 27 ; 0.0125037 ; 0.00165756 ; -0.0270188 ; 102.618;
8 ; 16 ; 27 ; 0.0111451 ; -0.00968929 ; -0.0175518 ; 102.514;
9 ; 16 ; 27 ; 0.0328445 ; -0.0108697 ; -0.00643861 ; 102.806;
10 ; 16 ; 27 ; 0.0207441 ; 0.00504828 ; -0.0288041 ; 103.101;
11 ; 16 ; 27 ; 0.0172617 ; -0.00547382 ; -0.0168854 ; 102.186;
12 ; 16 ; 27 ; 0.024774 ; 0.000666093 ; -0.0201865 ; 102.414;
13 ; 16 ; 27 ; -0.00190896 ; 0.0136594 ; -0.0152516 ; 101.893;
14 ; 16 ; 27 ; 0.00530341 ; 0.00879788 ; -0.032703 ; 102.105;
15 ; 16 ; 27 ; -0.00341404 ; 0.00321111 ; -0.0284546 ; 102.249;
16 ; 16 ; 27 ; -0.0127545 ; -0.00762986 ; -0.0227433 ; 102.146;
17 ; 16 ; 27 ; -0.00100917 ; -0.00690489 ; -0.0300859 ; 101.791;
18 ; 16 ; 27 ; -0.00862633 ; 0.00237788 ; -0.0153643 ; 101.608;
19 ; 16 ; 27 ; 0.00301703 ; -0.0158152 ; -0.0193419 ; 101.785;
20 ; 16 ; 27 ; 0.00268861 ; 0.0012227 ; -0.0257033 ; 102.007;
21 ; 16 ; 27 ; -0.00508401 ; 0.00177394 ; -0.0206755 ; 101.799;
22 ; 16 ; 27 ; -0.00589625 ; -0.00246183 ; -0.0190398 ; 102.223;
23 ; 16 ; 27 ; -0.00947791 ; 0.00256108 ; -0.0193574 ; 102.174;
24 ; 16 ; 27 ; 0.00166849 ; -0.00980594 ; -0.0210386 ; 102.418;
25 ; 16 ; 27 ; -0.0146979 ; 0.00234309 ; -0.0263874 ; 102.753;
26 ; 16 ; 27 ; -0.0173798 ; 0.00486959 ; -0.0153404 ; 102.301;
27 ; 16 ; 27 ; -0.0223577 ; 0.0112864 ; -0.0143124 ; 102.472;
28 ; 16 ; 27 ; -0.0172363 ; -0.000126335 ; -0.013506 ; 102.239;
29 ; 16 ; 27 ; -0.0253962 ; 0.00157706 ; -0.0253675 ; 102.223;
30 ; 16 ; 27 ; -0.0415915 ; 0.00272507 ; -0.0232442 ; 102.303;
31 ; 16 ; 27 ; -0.0197594 ; 0.00782862 ; -0.0220517 ; 102.482;
32 ; 16 ; 27 ; -0.0097312 ; -0.0129518 ; -0.0235635 ; 102.462;
33 ; 16 ; 27 ; -0.00048506 ; -0.0146458 ; -0.020906 ; 102.716;
4 ; 17 ; 27 ; 0.000483603 ; -0.00698765 ; -0.00337579 ; 102.538;
5 ; 17 ; 27 ; 0.013754 ; -0.00978838 ; -0.0190952 ; 102.758;
6 ; 17 ; 27 ; 0.0217026 ; -0.00708328 ; -0.018614 ; 102.233;
7 ; 17 ; 27 ; 0.0201551 ; -0.0162893 ; -0.0150245 ; 101.992;
8 ; 17 ; 27 ; 0.0254565 ; 0.00603643 ; -0.0229006 ; 102.341;
9 ; 17 ; 27 ; 0.0321825 ; -0.00575856 ; -0.0162351 ; 102.482;
10 ; 17 ; 27 ; 0.0237419 ; -0.0123592 ; -0.0252651 ; 102.18;
11 ; 17 ; 27 ; 0.0299717 ; 0.000156967 ; -0.0239087 ; 101.978;
12 ; 17 ; 27 ; 0.0217282 ; 0.000692691 ; -0.023411 ; 102.325;
13 ; 17 ; 27 ; 0.0191691 ; 0.00402366 ; -0.0261075 ; 101.724;
14 ; 17 ; 27 ; 0.0107948 ; 0.0123031 ; -0.0157297 ; 102.25;
15 ; 17 ; 27 ; -0.000871238 ; 0.00442676 ; -0.0170192 ; 102.078;
16 ; 17 ; 27 ; -0.000297297 ; 0.00278086 ; -0.0215319 ; 101.708;
17 ; 17 ; 27 ; -0.00676576 ; 0.00338985 ; -0.039485 ; 102.308;
18 ; 17 ; 27 ; -0.00710061 ; -0.00100084 ; -0.0225371 ; 101.831;
19 ; 17 ; 27 ; -0.000372634 ; -0.000576167 ; -0.0354323 ; 101.855;
20 ; 17 ; 27 ; 0.00604013 ; 0.00713993 ; -0.0291608 ; 102.116;
21 ; 17 ; 27 ; -0.0153811 ; 0.0104009 ; -0.0245717 ; 102.122;
22 ; 17 ; 27 ; -0.00189063 ; 0.000705417 ; -0.0281328 ; 102.431;
23 ; 17 ; 27 ; -0.0121053 ; 0.00211789 ; -0.0392861 ; 101.828;
24 ; 17 ; 27 ; -0.00305451 ; 0.00848589 ; -0.0112509 ; 101.883;
25 ; 17 ; 27 ; 0.000788853 ; 0.00281221 ; -0.0239371 ; 101.905;
26 ; 17 ; 27 ; -0.0148083 ; -0.00335211 ; -0.030186 ; 102.416;
27 ; 17 ; 27 ; -0.0150354 ; 0.00762966 ; -0.0189496 ; 102.239;
28 ; 17 ; 27 ; -0.0192996 ; -0.00275854 ; -0.0140306 ; 102.306;
29 ; 17 ; 27 ; -0.0223427 ; -0.00672547 ; -0.0118454 ; 102.639;
30 ; 17 ; 27 ; -0.0116385 ; -0.00260342 ; -0.0246274 ; 102.342;
31 ; 17 ; 27 ; -0.0434465 ; 0.00593915 ; -0.0129481 ; 102.52;
32 ; 17 ; 27 ; -0.0138667 ; -0.00771706 ; -0.0201448 ; 102.917;
33 ; 17 ; 27 ; -0.0013003 ; 0.00837301 ; -0.0125591 ; 102.241;
4 ; 18 ; 27 ; 0.00185975 ; -0.00846977 ; -0.00834686 ; 102.743;
5 ; 18 ; 27 ; 0.01699 ; -0.0184482 ; -0.0372575 ; 101.754;
6 ; 18 ; 27 ; 0.0132613 ; 0.00731795 ; -0.0173375 ; 102.009;
7 ; 18 ; 27 ; 0.0299402 ; 0.00131086 ; -0.0108086 ; 102.228;
8 ; 18 ; 27 ; 0.0227044 ; -0.000745265 ; -0.0140042 ; 102.457;
9 ; 18 ; 27 ; 0.0280006 ; -0.0156023 ; -0.0243465 ; 102.185;
10 ; 18 ; 27 ; 0.0123333 ; -0.0127752 ; -0.0184054 ; 102.478;
11 ; 18 ; 27 ; 0.0157054 ; -0.000986876 ; -0.0238107 ; 102.318;
12 ; 18 ; 27 ; 0.0106061 ; -0.0102743 ; -0.0313478 ; 102.453;
13 ; 18 ; 27 ; 0.00759005 ; -0.00815919 ; -0.0323734 ; 102.154;
14 ; 18 ; 27 ; 0.010311 ; -0.00795911 ; -0.0188631 ; 102.22;
15 ; 18 ; 27 ; 0.00475091 ; -0.00427176 ; -0.0276604 ; 102.159;
16 ; 18 ; 27 ; 0.00453497 ; 0.000661123 ; -0.00975596 ; 101.773;
17 ; 18 ; 27 ; -0.00130795 ; -0.0050004 ; -0.0174891 ; 101.574;
18 ; 18 ; 27 ; 0.000652601 ; 0.00134175 ; -0.0252231 ; 101.89;
19 ; 18 ; 27 ; -0.00175612 ; 0.0102427 ; -0.0212732 ; 101.661;
20 ; 18 ; 27 ; 0.00625372 ; 0.00419336 ; -0.0122638 ; 101.825;
21 ; 18 ; 27 ; -0.00328268 ; 0.00212454 ; -0.0401403 ; 101.956;
22 ; 18 ; 27 ; 0.00239331 ; -0.0125797 ; -0.0254378 ; 101.958;
23 ; 18 ; 27 ; 0.00801984 ; 0.00692632 ; -0.0340679 ; 101.519;
24 ; 18 ; 27 ; -0.00862126 ; 0.00752029 ; -0.0250382 ; 102.099;
25 ; 18 ; 27 ; -0.0102526 ; -0.00175145 ; -0.0272549 ; 102.005;
26 ; 18 ; 27 ; -0.0276955 ; 0.0139523 ; -0.0263292 ; 102.729;
27 ; 18 ; 27 ; -0.020317 ; -0.011448 ; -0.0283511 ; 102.097;
28 ; 18 ; 27 ; -0.0180488 ; 0.00199971 ; -0.0287109 ; 102.81;
29 ; 18 ; 27 ; -0.0156874 ; -0.00384261 ; -0.0279022 ; 102.78;
30 ; 18 ; 27 ; -0.0113002 ; -0.00312864 ; -0.0145341 ; 102.263;
31 ; 18 ; 27 ; -0.0181899 ; -0.00827217 ; -0.0274067 ; 102.401;
32 ; 18 ; 27 ; -0.00733767 ; -0.00515692 ; -0.0155494 ; 102.432;
33 ; 18 ; 27 ; 0.000186191 ; 0.00209814 ; -0.0174578 ; 102.782;
4 ; 19 ; 27 ; -0.00835919 ; -0.00233989 ; -0.0194306 ; 102.62;
5 ; 19 ; 27 ; 0.000952289 ; 0.00135689 ; -0.0270733 ; 102.635;
6 ; 19 ; 27 ; -0.000681298 ; -0.000747952 ; -0.0272611 ; 102.379;
7 ; 19 ; 27 ; 0.0127735 ; -0.00531838 ; -0.0201244 ; 102.361;
8 ; 19 ; 27 ; 0.0225913 ; -0.00268451 ; -0.0240753 ; 102.369;
9 ; 19 ; 27 ; 0.0170329 ; -0.00572391 ; -0.0125843 ; 102.005;
10 ; 19 ; 27 ; 0.0293406 ; 0.00585165 ; -0.00892551 ; 101.779;
11 ; 19 ; 27 ; 0.0053296 ; 0.00810884 ; -0.0250871 ; 102.222;
12 ; 19 ; 27 ; 0.0256253 ; -0.000926679 ; -0.0331085 ; 101.901;
13 ; 19 ; 27 ; 0.0174214 ; -0.00691874 ; -0.0305821 ; 101.687;
14 ; 19 ; 27 ; 0.00171342 ; -0.00477742 ; -0.0204575 ; 102.175;
15 ; 19 ; 27 ; -0.00981436 ; -0.00278893 ; -0.0203086 ; 101.863;
16 ; 19 ; 27 ; -0.0074352 ; 0.0120881 ; -0.01712 ; 102.047;
17 ; 19 ; 27 ; -0.0117567 ; -0.00580806 ; -0.0281186 ; 101.688;
18 ; 19 ; 27 ; -0.00878719 ; -0.000635139 ; -0.0346656 ; 101.789;
19 ; 19 ; 27 ; -0.00723636 ; 0.0068869 ; -0.0178567 ; 101.486;
20 ; 19 ; 27 ; 0.00141367 ; 0.00745765 ; -0.0229234 ; 102.2;
21 ; 19 ; 27 ; -0.00678768 ; -0.00394814 ; -0.0332313 ; 101.48;
22 ; 19 ; 27 ; -0.00488393 ; -0.00469593 ; -0.0264342 ; 102.157;
23 ; 19 ; 27 ; -0.0119306 ; -0.00458064 ; -0.0288517 ; 102.131;
24 ; 19 ; 27 ; -0.0161962 ; -0.00795166 ; -0.02366 ; 102.321;
25 ; 19 ; 27 ; -0.0080638 ; -0.00589627 ; -0.0197088 ; 101.948;
26 ; 19 ; 27 ; -0.0150504 ; -0.00311133 ; -0.0308254 ; 102.22;
27 ; 19 ; 27 ; -0.0318772 ; -0.00349032 ; -0.02495 ; 102.126;
28 ; 19 ; 27 ; -0.0255829 ; -0.000621775 ; -0.0253739 ; 101.967;
29 ; 19 ; 27 ; -0.0235945 ; -0.0034556 ; -0.0210555 ; 102.372;
30 ; 19 ; 27 ; -0.0249422 ; -0.00165224 ; -0.0234727 ; 102.447;
31 ; 19 ; 27 ; -0.0162291 ; -5.07258e-05 ; -0.0140168 ; 101.705;
32 ; 19 ; 27 ; 0.00173568 ; 0.00823536 ; -0.00995668 ; 102.249;
33 ; 19 ; 27 ; -0.00547889 ; -0.00730194 ; -0.0204157 ; 102.456;
4 ; 20 ; 27 ; 0.00289008 ; 0.000410232 ; -0.0173007 ; 102.41;
5 ; 20 ; 27 ; 0.0292066 ; 0.0142949 ; -0.0202752 ; 102.587;
6 ; 20 ; 27 ; 0.0268083 ; 0.00940694 ; -0.000837813 ; 102.035;
7 ; 20 ; 27 ; 0.0269721 ; 0.0123065 ; -0.0158043 ; 102.394;
8 ; 20 ; 27 ; 0.0163289 ; 0.00575904 ; -0.0172859 ; 102.342;
9 ; 20 ; 27 ; 0.0218529 ; 0.00466312 ; -0.0203416 ; 102.509;
10 ; 20 ; 27 ; 0.0194965 ; 0.00315487 ; -0.01477 ; 102.79;
11 ; 20 ; 27 ; 0.0190606 ; 0.00155448 ; -0.0295645 ; 102.447;
12 ; 20 ; 27 ; 0.0274125 ; -0.00348888 ; -0.0160364 ; 101.884;
13 ; 20 ; 27 ; 0.00322643 ; -0.000738125 ; -0.0335256 ; 101.671;
14 ; 20 ; 27 ; 0.00849016 ; 0.00467594 ; -0.0239735 ; 102.384;
15 ; 20 ; 27 ; 0.00654618 ; -0.00528206 ; -0.0395418 ; 101.793;
16 ; 20 ; 27 ; -0.0029328 ; -0.000846691 ; -0.0206866 ; 102.278;
17 ; 20 ; 27 ; -0.0112639 ; -0.00458882 ; -0.0175528 ; 101.808;
18 ; 20 ; 27 ; 0.00271784 ; -0.00115068 ; -0.0290228 ; 101.719;
19 ; 20 ; 27 ; -0.00336982 ; -0.0097942 ; -0.0243044 ; 101.639;
20 ; 20 ; 27 ; 0.00218682 ; -0.00426129 ; -0.0229604 ; 102.021;
21 ; 20 ; 27 ; 0.00136037 ; -0.00467009 ; -0.0306744 ; 101.54;
22 ; 20 ; 27 ; -0.0086315 ; -0.00315348 ; -0.0407151 ; 102.085;
23 ; 20 ; 27 ; -0.00613729 ; 0.000165914 ; -0.0204398 ; 101.901;
24 ; 20 ; 27 ; 7.56372e-05 ; 0.00241513 ; -0.0282547 ; 102.388;
25 ; 20 ; 27 ; -0.0161672 ; -0.00363584 ; -0.0383121 ; 102.35;
26 ; 20 ; 27 ; -0.0266448 ; -0.01027 ; -0.020839 ; 102.357;
27 ; 20 ; 27 ; -0.014941 ; -0.00740513 ; -0.0292192 ; 102.934;
28 ; 20 ; 27 ; -0.0174612 ; -0.00307885 ; -0.0101397 ; 102.407;
29 ; 20 ; 27 ; -0.0321808 ; 0.0044778 ; -0.0107017 ; 102.217;
30 ; 20 ; 27 ; -0.0221817 ; 0.00880332 ; -0.0100402 ; 102.529;
31 ; 20 ; 27 ; -0.00320912 ; 0.00958479 ; -0.0105771 ; 102.581;
32 ; 20 ; 27 ; -0.00188597 ; 0.0148556 ; -0.0231858 ; 102.127;
33 ; 20 ; 27 ; -0.00105984 ; 0.00756328 ; -0.0164985 ; 102.534;
4 ; 21 ; 27 ; 0.0111331 ; -0.00787106 ; -0.0231019 ; 102.717;
5 ; 21 ; 27 ; 0.0156966 ; 0.0204385 ; -0.01921 ; 102.694;
6 ; 21 ; 27 ; 0.0147308 ; 0.00224416 ; -0.0124581 ; 102.523;
7 ; 21 ; 27 ; 0.0168414 ; 0.0106932 ; -0.0196714 ; 102.305;
8 ; 21 ; 27 ; 0.00731885 ; -0.000775388 ; -0.0172956 ; 102.478;
9 ; 21 ; 27 ; 0.0165277 ; -0.00400473 ; -0.018135 ; 102.186;
10 ; 21 ; 27 ; 0.0258242 ; -0.00674987 ; -0.0256083 ; 102.687;
11 ; 21 ; 27 ; 0.0251069 ; -0.000939455 ; -0.0147433 ; 102.037;
12 ; 21 ; 27 ; 0.00523992 ; 0.0145155 ; -0.0125015 ; 102.163;
13 ; 21 ; 27 ; 0.0171791 ; -0.0081002 ; -0.0214973 ; 101.626;
14 ; 21 ; 27 ; -0.00674121 ; -0.00254875 ; -0.0244248 ; 102.409;
15 ; 21 ; 27 ; -0.00353686 ; -0.00406191 ; -0.0270757 ; 102.434;
16 ; 21 ; 27 ; 0.00576991 ; 0.000834743 ; -0.0207147 ; 102.574;
17 ; 21 ; 27 ; 0.0011737 ; 0.0112155 ; -0.018539 ; 101.483;
18 ; 21 ; 27 ; 0.00167675 ; -0.000754476 ; -0.0272677 ; 101.754;
19 ; 21 ; 27 ; 0.00106915 ; 0.000196506 ; -0.0350715 ; 102.068;
20 ; 21 ; 27 ; -0.0167037 ; -0.00614068 ; -0.0252333 ; 101.584;
21 ; 21 ; 27 ; -0.00605781 ; -0.0113018 ; -0.0290127 ; 102.134;
22 ; 21 ; 27 ; -0.00797275 ; -0.0155214 ; -0.0318874 ; 102.019;
23 ; 21 ; 27 ; -0.00426226 ; 0.00847808 ; -0.0250331 ; 101.852;
24 ; 21 ; 27 ; -0.00973625 ; 0.00230076 ; -0.0374127 ; 101.783;
25 ; 21 ; 27 ; -0.00267462 ; -0.000195045 ; -0.016163 ; 102.065;
26 ; 21 ; 27 ; -0.0190905 ; 0.00375483 ; -0.0218932 ; 102.019;
27 ; 21 ; 27 ; -0.0284222 ; -0.0132743 ; -0.0174803 ; 102.462;
28 ; 21 ; 27 ; -0.0217153 ; 0.00138056 ; -0.0234474 ; 102.458;
29 ; 21 ; 27 ; -0.0206186 ; 0.0167202 ; -0.00733709 ; 102.484;
30 ; 21 ; 27 ; -0.0107415 ; 0.000811694 ; -0.00925441 ; 102.501;
31 ; 21 ; 27 ; -0.0225643 ; 0.00308694 ; -0.0160472 ; 102.653;
32 ; 21 ; 27 ; -0.0140742 ; 0.00408637 ; -0.00706336 ; 102.831;
33 ; 21 ; 27 ; -0.0031408 ; 0.00595179 ; -0.00604532 ; 102.325;
4 ; 22 ; 27 ; 0.0199126 ; -0.00768992 ; -0.0162 ; 102.828;
5 ; 22 ; 27 ; 0.0162824 ; -0.000656297 ; -0.019401 ; 102.593;
6 ; 22 ; 27 ; 0.016674 ; 0.00426089 ; -0.0212477 ; 102.46;
7 ; 22 ; 27 ; 0.00815406 ; -0.00331284 ; -0.0197571 ; 102.699;
8 ; 22 ; 27 ; 0.0256087 ; -0.000476383 ; -0.0179109 ; 102.796;
9 ; 22 ; 27 ; 0.00877059 ; 0.00197029 ; -0.0232945 ; 102.843;
10 ; 22 ; 27 ; 0.0178795 ; -0.00232956 ; -0.026108 ; 102.168;
11 ; 22 ; 27 ; 0.0154541 ; -0.00295875 ; -0.0311735 ; 102.273;
12 ; 22 ; 27 ; 0.0224915 ; -0.00296562 ; -0.0263244 ; 102.283;
13 ; 22 ; 27 ; 0.00697731 ; -0.00385829 ; -0.0223377 ; 101.935;
14 ; 22 ; 27 ; 0.00282427 ; -0.0218891 ; -0.0408396 ; 101.806;
15 ; 22 ; 27 ; -0.00491516 ; -0.00495106 ; -0.0248167 ; 102.178;
16 ; 22 ; 27 ; 0.0129267 ; 0.0200486 ; -0.0257728 ; 101.972;
17 ; 22 ; 27 ; 0.00011044 ; -0.000457458 ; -0.0202547 ; 102.133;
18 ; 22 ; 27 ; -0.00332197 ; 0.00191473 ; -0.0186759 ; 102.001;
19 ; 22 ; 27 ; 0.00514957 ; -0.00386529 ; -0.0220744 ; 101.858;
20 ; 22 ; 27 ; 0.00521504 ; -0.00539542 ; -0.0382467 ; 102.115;
21 ; 22 ; 27 ; -0.00686743 ; -0.00473697 ; -0.0367471 ; 101.833;
22 ; 22 ; 27 ; -0.00164796 ; -0.00488951 ; -0.0217984 ; 101.884;
23 ; 22 ; 27 ; -0.0162876 ; -1.33052e-05 ; -0.0218165 ; 102.38;
24 ; 22 ; 27 ; -0.00590973 ; -0.0144681 ; -0.03048 ; 102.214;
25 ; 22 ; 27 ; -0.00246975 ; -0.0032888 ; -0.0314917 ; 102.597;
26 ; 22 ; 27 ; -0.0128606 ; -0.00494734 ; -0.0130149 ; 102.176;
27 ; 22 ; 27 ; -0.0166401 ; 0.00218763 ; -0.0265124 ; 102.704;
28 ; 22 ; 27 ; -0.0194487 ; -0.00851137 ; -0.0328552 ; 102.812;
29 ; 22 ; 27 ; -0.0167554 ; -0.00140465 ; -0.0213004 ; 102.866;
30 ; 22 ; 27 ; -0.0230262 ; -0.0122566 ; -0.0174091 ; 102.665;
31 ; 22 ; 27 ; -0.00782975 ; -0.0170451 ; -0.0142519 ; 102.755;
32 ; 22 ; 27 ; 0.00181922 ; -0.0123421 ; -0.0184903 ; 102.517;
33 ; 22 ; 27 ; 0.00613522 ; -0.00101646 ; -0.0124234 ; 102.102;
4 ; 23 ; 27 ; -0.00226664 ; 0.0102869 ; -0.0175351 ; 102.622;
5 ; 23 ; 27 ; 0.00299837 ; 0.00106635 ; -0.0186439 ; 102.635;
6 ; 23 ; 27 ; 0.00957986 ; -0.0109864 ; -0.00852758 ; 102.386;
7 ; 23 ; 27 ; 0.0170362 ; -0.00186357 ; -0.00408544 ; 102.708;
8 ; 23 ; 27 ; 0.0359311 ; -0.00664399 ; -0.0151511 ; 102.525;
9 ; 23 ; 27 ; 0.013497 ; -0.00804941 ; -0.0144766 ; 102.503;
10 ; 23 ; 27 ; 0.0104412 ; -0.0102368 ; -0.0198722 ; 102.589;
11 ; 23 ; 27 ; 0.00834764 ; -0.00625518 ; -0.0236455 ; 102.761;
12 ; 23 ; 27 ; 0.0182703 ; -0.00572741 ; -0.0236424 ; 102.401;
13 ; 23 ; 27 ; 0.00894882 ; 0.000476054 ; -0.0298013 ; 102.215;
14 ; 23 ; 27 ; 0.0226468 ; -0.0140032 ; -0.0308486 ; 102.417;
15 ; 23 ; 27 ; -0.000144163 ; -0.01206 ; -0.0156732 ; 102.604;
16 ; 23 ; 27 ; 0.00600441 ; 0.000986555 ; -0.0179635 ; 102.275;
17 ; 23 ; 27 ; -0.000205925 ; 0.00197876 ; -0.00145937 ; 102.217;
18 ; 23 ; 27 ; -0.00549108 ; 0.00506781 ; -0.0392302 ; 102.335;
19 ; 23 ; 27 ; 0.00410623 ; 0.00488099 ; -0.0246016 ; 102.344;
20 ; 23 ; 27 ; 0.00209381 ; -0.00503273 ; -0.0175847 ; 102.154;
21 ; 23 ; 27 ; 0.00407042 ; -0.0133659 ; -0.0159643 ; 102.431;
22 ; 23 ; 27 ; -0.00804017 ; -0.00776651 ; -0.0263061 ; 102.15;
23 ; 23 ; 27 ; -0.0186566 ; 0.00303048 ; -0.0172548 ; 102.238;
24 ; 23 ; 27 ; -0.02498 ; -0.0142816 ; -0.0240244 ; 102.809;
25 ; 23 ; 27 ; -0.0141491 ; -0.0046313 ; -0.0212036 ; 101.881;
26 ; 23 ; 27 ; 0.00178801 ; -0.00671038 ; -0.0174194 ; 102.555;
27 ; 23 ; 27 ; -0.0112704 ; 0.00262254 ; -0.0135936 ; 102.754;
28 ; 23 ; 27 ; -0.018064 ; 0.00696258 ; -0.00816223 ; 102.163;
29 ; 23 ; 27 ; -0.0243699 ; -0.0136602 ; -0.0166047 ; 102.895;
30 ; 23 ; 27 ; -0.0160341 ; -0.0132321 ; -0.00968679 ; 102.441;
31 ; 23 ; 27 ; -0.0151421 ; -0.010176 ; -0.0116581 ; 102.409;
32 ; 23 ; 27 ; -0.00781298 ; -0.0108083 ; -0.0166852 ; 102.011;
33 ; 23 ; 27 ; -0.00318267 ; -0.00747087 ; 0.00506625 ; 102.521;
4 ; 24 ; 27 ; 0.000840933 ; 0.0100354 ; -0.00728299 ; 102.13;
5 ; 24 ; 27 ; 0.00103019 ; 0.00562104 ; -0.0262102 ; 102.953;
6 ; 24 ; 27 ; 0.00929412 ; 0.00768113 ; -0.00752061 ; 102.57;
7 ; 24 ; 27 ; 0.0221135 ; 0.000673264 ; -0.0142482 ; 102.502;
8 ; 24 ; 27 ; 0.00999969 ; 0.00284849 ; -0.0166394 ; 102.269;
9 ; 24 ; 27 ; 0.0205702 ; 0.00328116 ; -0.0097084 ; 103.204;
10 ; 24 ; 27 ; 0.0195367 ; 0.000862697 ; -0.0235846 ; 102.795;
11 ; 24 ; 27 ; 0.0118895 ; -0.00657083 ; -0.0164376 ; 102.436;
12 ; 24 ; 27 ; 0.0133177 ; -0.00932319 ; -0.0324986 ; 102.559;
13 ; 24 ; 27 ; 0.0107721 ; -0.00944826 ; -0.0241654 ; 102.51;
14 ; 24 ; 27 ; 0.00418052 ; -0.013992 ; -0.0241563 ; 102.147;
15 ; 24 ; 27 ; -0.0102235 ; -0.0132766 ; -0.0196109 ; 102.46;
16 ; 24 ; 27 ; -0.00207263 ; -0.00434244 ; -0.0112503 ; 102.372;
17 ; 24 ; 27 ; 0.00134252 ; -0.0126265 ; -0.0320509 ; 101.747;
18 ; 24 ; 27 ; 0.00124897 ; -0.00935065 ; -0.0226841 ; 102.027;
19 ; 24 ; 27 ; 0.0230745 ; -0.016317 ; -0.0285144 ; 102.148;
20 ; 24 ; 27 ; 0.00491179 ; -0.0179869 ; -0.0191278 ; 102.261;
21 ; 24 ; 27 ; -0.0049425 ; -0.0126073 ; -0.0265205 ; 102.177;
22 ; 24 ; 27 ; -0.00663038 ; -0.00231697 ; -0.0256779 ; 101.724;
23 ; 24 ; 27 ; -0.00547459 ; -0.006041 ; -0.012208 ; 102.37;
24 ; 24 ; 27 ; -0.00884627 ; -0.00619292 ; -0.0205582 ; 102.305;
25 ; 24 ; 27 ; -0.00253558 ; -0.0135955 ; -0.0260949 ; 102.152;
26 ; 24 ; 27 ; -0.0089821 ; -0.00912651 ; -0.0309201 ; 102.634;
27 ; 24 ; 27 ; -0.0119192 ; -0.0117383 ; -0.0290938 ; 102.476;
28 ; 24 ; 27 ; -0.0226342 ; 0.000584795 ; -0.0188242 ; 102.765;
29 ; 24 ; 27 ; -0.0163242 ; -0.0144388 ; -0.00479007 ; 102.46;
30 ; 24 ; 27 ; -0.0244696 ; -0.0241652 ; -0.00997585 ; 102.654;
31 ; 24 ; 27 ; -0.0183689 ; -0.0102955 ; -0.0215481 ; 102.591;
32 ; 24 ; 27 ; -0.0134309 ; -0.0161004 ; -0.0227903 ; 102.441;
33 ; 24 ; 27 ; -0.0111767 ; -0.00809802 ; -0.00800684 ; 102.584;
4 ; 25 ; 27 ; 0.000771726 ; -0.0107579 ; -0.0201754 ; 102.914;
5 ; 25 ; 27 ; 0.00368584 ; -0.0126416 ; -0.0266387 ; 103.105;
6 ; 25 ; 27 ; 0.0059913 ; -0.0174491 ; -0.0153223 ; 102.543;
7 ; 25 ; 27 ; 0.0135243 ; -0.00810681 ; -0.0235788 ; 102.455;
8 ; 25 ; 27 ; 0.00515846 ; -0.0111343 ; -0.0157618 ; 103.34;
9 ; 25 ; 27 ; 0.00619218 ; -0.00471561 ; -0.0169407 ; 103.258;
10 ; 25 ; 27 ; 0.0188274 ; -0.0188256 ; -0.00696458 ; 102.824;
11 ; 25 ; 27 ; 0.0207861 ; -0.0118642 ; -0.018592 ; 102.348;
12 ; 25 ; 27 ; 0.0123146 ; -0.0231006 ; -0.00526291 ; 102.659;
13 ; 25 ; 27 ; -0.00345189 ; -0.0200728 ; -0.018772 ; 102.345;
14 ; 25 ; 27 ; -0.00310558 ; -0.0174928 ; -0.0192911 ; 102.335;
15 ; 25 ; 27 ; -0.00687873 ; -0.0168609 ; -0.0120261 ; 102.251;
16 ; 25 ; 27 ; -0.00067802 ; -0.0227122 ; -0.0175244 ; 102.229;
17 ; 25 ; 27 ; 0.00187813 ; -0.0103268 ; -0.021158 ; 102.251;
18 ; 25 ; 27 ; 0.00797448 ; -0.0218153 ; -0.0254638 ; 102.128;
19 ; 25 ; 27 ; 0.00307359 ; -0.0168915 ; -0.0180857 ; 102.64;
20 ; 25 ; 27 ; 0.00642551 ; -0.02206 ; -0.0309919 ; 102.621;
21 ; 25 ; 27 ; 0.00452166 ; -0.0154862 ; -0.00545081 ; 102.733;
22 ; 25 ; 27 ; 0.000940151 ; -0.0284348 ; -0.0283506 ; 102.692;
23 ; 25 ; 27 ; -0.00350119 ; -0.0119832 ; -0.0154896 ; 102.183;
24 ; 25 ; 27 ; -0.00354621 ; -0.0113993 ; -0.0227999 ; 102.405;
25 ; 25 ; 27 ; -0.0144986 ; -0.0181663 ; -0.0189419 ; 103.054;
26 ; 25 ; 27 ; -0.0236359 ; -0.0113401 ; -0.020985 ; 102.625;
27 ; 25 ; 27 ; -0.0245801 ; -0.00325161 ; -0.026146 ; 102.644;
28 ; 25 ; 27 ; -0.0226871 ; -0.00453654 ; -0.00375679 ; 102.642;
29 ; 25 ; 27 ; -0.013877 ; -0.0203897 ; -0.00890368 ; 102.508;
30 ; 25 ; 27 ; -0.0149052 ; -0.0111383 ; -0.0192144 ; 102.65;
31 ; 25 ; 27 ; 0.00234829 ; -0.0111606 ; -0.019293 ; 102.975;
32 ; 25 ; 27 ; -0.00739201 ; -0.0120806 ; -0.017804 ; 102.622;
33 ; 25 ; 27 ; 0.000923205 ; -0.00916263 ; -0.00196223 ; 102.845;
4 ; 26 ; 27 ; 0.0018067 ; -0.0188254 ; -0.0128027 ; 102.629;
5 ; 26 ; 27 ; 0.0123756 ; -0.00734131 ; 0.00767163 ; 102.802;
6 ; 26 ; 27 ; 0.0246915 ; -0.0112163 ; -0.00446924 ; 102.862;
7 ; 26 ; 27 ; 0.015009 ; -0.00878692 ; -0.02311 ; 102.747;
8 ; 26 ; 27 ; 0.0106907 ; -0.00373282 ; -0.017357 ; 103.418;
9 ; 26 ; 27 ; 0.0182919 ; -0.00149115 ; -0.00938775 ; 102.767;
10 ; 26 ; 27 ; 0.0158036 ; -0.0190276 ; -0.00680509 ; 103.019;
11 ; 26 ; 27 ; 0.0328824 ; -0.0157076 ; -0.0165905 ; 102.936;
12 ; 26 ; 27 ; 0.0318089 ; -0.0272281 ; -0.0225344 ; 102.495;
13 ; 26 ; 27 ; 0.00375176 ; -0.0134247 ; -0.0101142 ; 102.749;
14 ; 26 ; 27 ; 0.0035458 ; -0.0254172 ; -0.022862 ; 102.733;
15 ; 26 ; 27 ; 0.0115882 ; -0.021091 ; -0.0275919 ; 102.284;
16 ; 26 ; 27 ; 0.0116541 ; -0.0318661 ; -0.0169352 ; 102.158;
17 ; 26 ; 27 ; -0.01668 ; -0.0336158 ; -0.0165263 ; 102.528;
18 ; 26 ; 27 ; 0.00915889 ; -0.0194633 ; -0.0244946 ; 102.145;
19 ; 26 ; 27 ; 0.00280093 ; -0.0216346 ; -0.0130532 ; 102.457;
20 ; 26 ; 27 ; 0.00320047 ; -0.0143268 ; -0.0216786 ; 102.393;
21 ; 26 ; 27 ; 0.000627195 ; -0.0278421 ; -0.0222274 ; 102.428;
22 ; 26 ; 27 ; -0.00415358 ; -0.0201153 ; -0.0229743 ; 102.659;
23 ; 26 ; 27 ; -0.000353872 ; -0.00194403 ; -0.0173151 ; 102.417;
24 ; 26 ; 27 ; -0.00562722 ; -0.0103168 ; -0.0178915 ; 102.492;
25 ; 26 ; 27 ; 0.000921044 ; -0.0121409 ; -0.0153777 ; 102.998;
26 ; 26 ; 27 ; -0.0119541 ; -0.0143452 ; -0.0192391 ; 103.078;
27 ; 26 ; 27 ; -0.0150158 ; -0.0227215 ; -0.014255 ; 102.886;
28 ; 26 ; 27 ; -0.00925301 ; -0.0221879 ; -0.0307959 ; 102.586;
29 ; 26 ; 27 ; -0.0114219 ; -0.00211941 ; -0.026074 ; 103.175;
30 ; 26 ; 27 ; -0.0124091 ; -0.00392704 ; -0.0118432 ; 102.591;
31 ; 26 ; 27 ; -0.010888 ; -0.00951504 ; -0.0225973 ; 103.159;
32 ; 26 ; 27 ; -0.00048088 ; -0.0170797 ; -0.0312606 ; 102.251;
33 ; 26 ; 27 ; 0.000821897 ; -0.0151614 ; -0.0236816 ; 102.413;
4 ; 27 ; 27 ; -0.00419149 ; -0.00321741 ; -0.0121474 ; 102.729;
5 ; 27 ; 27 ; 0.00771862 ; -0.00281603 ; -0.0145095 ; 103.051;
6 ; 27 ; 27 ; 0.00980506 ; -0.00221923 ; -0.00476459 ; 102.986;
7 ; 27 ; 27 ; 0.000469336 ; -0.0169857 ; -0.00659114 ; 103.122;
8 ; 27 ; 27 ; 0.0261565 ; -0.0263519 ; -0.0234588 ; 102.286;
9 ; 27 ; 27 ; 0.00884671 ; -0.00830512 ; -0.0167299 ; 102.704;
10 ; 27 ; 27 ; 0.0166184 ; -0.0227475 ; -0.0188211 ; 102.653;
11 ; 27 ; 27 ; 0.00476959 ; -0.00254838 ; -0.00522989 ; 102.733;
12 ; 27 ; 27 ; 0.00968248 ; -0.00312966 ; -0.024183 ; 102.653;
13 ; 27 ; 27 ; 0.00387264 ; -0.0126973 ; -0.0148288 ; 103.066;
14 ; 27 ; 27 ; -0.000442583 ; -0.0297225 ; -0.0187741 ; 102.609;
15 ; 27 ; 27 ; 0.0117784 ; -0.0230034 ; -0.0135769 ; 102.578;
16 ; 27 ; 27 ; -0.0113443 ; -0.0257385 ; -0.02034 ; 102.09;
17 ; 27 ; 27 ; 0.000246534 ; -0.0229842 ; -0.0203717 ; 102.256;
18 ; 27 ; 27 ; -0.00928902 ; -0.0151795 ; -0.00959819 ; 102.868;
19 ; 27 ; 27 ; -1.12797e-06 ; -0.0271662 ; -0.0328629 ; 102.532;
20 ; 27 ; 27 ; -0.00465154 ; -0.0134355 ; -0.0261579 ; 102.812;
21 ; 27 ; 27 ; 0.015821 ; -0.0204004 ; -0.0316974 ; 102.55;
22 ; 27 ; 27 ; 0.00639735 ; -0.0139918 ; -0.0268855 ; 102.945;
23 ; 27 ; 27 ; -0.0107716 ; -0.00947051 ; -0.00853021 ; 102.882;
24 ; 27 ; 27 ; -0.00301235 ; -0.0250165 ; -0.0208282 ; 102.623;
25 ; 27 ; 27 ; -0.00925814 ; -0.011249 ; -0.0163946 ; 102.489;
26 ; 27 ; 27 ; -0.00473929 ; -0.0270532 ; -0.0117576 ; 102.879;
27 ; 27 ; 27 ; -0.00724201 ; -0.0165742 ; 0.00206932 ; 103.076;
28 ; 27 ; 27 ; -0.0177673 ; -0.0175496 ; -0.0322912 ; 102.501;
29 ; 27 ; 27 ; -0.0162838 ; -0.0132411 ; -0.0151912 ; 102.776;
30 ; 27 ; 27 ; -0.00782255 ; -0.0110363 ; -0.0193943 ; 103.074;
31 ; 27 ; 27 ; -0.00359504 ; -0.00790089 ; -0.0231424 ; 102.703;
32 ; 27 ; 27 ; -0.0119739 ; -0.0226517 ; -0.0187312 ; 102.884;
33 ; 27 ; 27 ; -0.0109786 ; 0.00434671 ; -0.00951983 ; 102.906;
4 ; 28 ; 27 ; 0.0040828 ; -0.0202915 ; -0.0100037 ; 102.826;
5 ; 28 ; 27 ; 0.0137833 ; -0.0148488 ; -0.00376348 ; 102.799;
6 ; 28 ; 27 ; 0.00524768 ; -0.0140822 ; -0.0194736 ; 103.119;
7 ; 28 ; 27 ; 0.00932005 ; -0.0153742 ; -0.00394896 ; 102.922;
8 ; 28 ; 27 ; 0.00878505 ; -0.0203321 ; -0.0137499 ; 102.734;
9 ; 28 ; 27 ; 0.0112435 ; -0.0199947 ; -0.0255271 ; 103.132;
10 ; 28 ; 27 ; 0.000392177 ; -0.0199201 ; -0.0134215 ; 103.165;
11 ; 28 ; 27 ; 0.00579093 ; -0.0172534 ; -0.0106071 ; 103.038;
12 ; 28 ; 27 ; 0.0114881 ; -0.0190195 ; -0.018159 ; 102.554;
13 ; 28 ; 27 ; 0.00773019 ; -0.021434 ; -0.0233381 ; 102.5;
14 ; 28 ; 27 ; 0.00209243 ; -0.0158392 ; -0.0120166 ; 102.501;
15 ; 28 ; 27 ; 0.00472249 ; -0.0146282 ; -0.0298291 ; 102.078;
16 ; 28 ; 27 ; -0.00231878 ; -0.0171325 ; -0.0120816 ; 102.429;
17 ; 28 ; 27 ; 0.00511366 ; -0.0312126 ; -0.0204405 ; 102.832;
18 ; 28 ; 27 ; 0.0101334 ; -0.0211412 ; -0.0194932 ; 102.17;
19 ; 28 ; 27 ; 0.00514998 ; -0.0185938 ; -0.02142 ; 102.208;
20 ; 28 ; 27 ; 0.0026263 ; -0.0204293 ; -0.0227115 ; 102.23;
21 ; 28 ; 27 ; 0.00228937 ; -0.0277435 ; -0.0302694 ; 102.1;
22 ; 28 ; 27 ; 0.00326153 ; -0.0153239 ; -0.0187254 ; 102.675;
23 ; 28 ; 27 ; -0.00131105 ; -0.0124823 ; -0.0194716 ; 102.705;
24 ; 28 ; 27 ; -0.00566614 ; -0.0276761 ; -0.00784111 ; 102.484;
25 ; 28 ; 27 ; -0.0112428 ; -0.0232495 ; -0.0005865 ; 102.906;
26 ; 28 ; 27 ; -0.0218709 ; -0.0206428 ; -0.0253238 ; 102.557;
27 ; 28 ; 27 ; -0.00751497 ; 0.00815134 ; -0.0104618 ; 102.855;
28 ; 28 ; 27 ; -0.0177611 ; -0.0243591 ; -0.0116053 ; 103.089;
29 ; 28 ; 27 ; -0.0100039 ; -0.014712 ; -0.0108455 ; 102.548;
30 ; 28 ; 27 ; -0.023046 ; -0.0285139 ; -0.00943537 ; 102.907;
31 ; 28 ; 27 ; -0.00389458 ; -0.0103055 ; -0.0143716 ; 102.953;
32 ; 28 ; 27 ; -0.00558644 ; -0.0114707 ; -0.0153728 ; 102.859;
33 ; 28 ; 27 ; 0.0006095 ; -0.00902189 ; -0.0162397 ; 102.465;
4 ; 29 ; 27 ; 0.00266795 ; -0.0058208 ; 0.00108601 ; 102.536;
5 ; 29 ; 27 ; 0.00891032 ; -0.00840493 ; -0.0061734 ; 102.375;
6 ; 29 ; 27 ; 0.000479591 ; -0.00871312 ; -0.0122996 ; 102.643;
7 ; 29 ; 27 ; 0.0162278 ; -0.0225658 ; -0.0117684 ; 102.784;
8 ; 29 ; 27 ; 0.011021 ; -0.00690816 ; -0.00352943 ; 102.783;
9 ; 29 ; 27 ; 0.0184524 ; -0.0142348 ; -0.0149642 ; 102.783;
10 ; 29 ; 27 ; 0.017981 ; -0.0167987 ; -0.0105783 ; 102.683;
11 ; 29 ; 27 ; 0.00830061 ; -0.0134393 ; -0.00911207 ; 102.578;
12 ; 29 ; 27 ; 0.012809 ; -0.0253699 ; -0.0075663 ; 102.811;
13 ; 29 ; 27 ; 0.00450633 ; -0.0245354 ; -0.021489 ; 102.61;
14 ; 29 ; 27 ; 0.00765168 ; -0.0210062 ; -0.0204992 ; 102.695;
15 ; 29 ; 27 ; 0.00169038 ; -0.0256676 ; -0.00805586 ; 102.669;
16 ; 29 ; 27 ; 0.00424536 ; -0.00734128 ; -0.0152521 ; 102.535;
17 ; 29 ; 27 ; -0.00841831 ; -0.021332 ; -0.0278136 ; 102.641;
18 ; 29 ; 27 ; -0.00149669 ; -0.0306299 ; -0.00362127 ; 102.004;
19 ; 29 ; 27 ; -0.00570563 ; -0.0153281 ; -0.0130043 ; 102.671;
20 ; 29 ; 27 ; 0.00621911 ; -0.0332424 ; -0.0147504 ; 102.504;
21 ; 29 ; 27 ; 0.00909304 ; -0.0285487 ; -0.0174933 ; 102.666;
22 ; 29 ; 27 ; 0.00713384 ; -0.023345 ; -0.0164601 ; 102.413;
23 ; 29 ; 27 ; -0.00058023 ; -0.0258334 ; -0.0306007 ; 102.631;
24 ; 29 ; 27 ; -0.0119087 ; -0.0221265 ; -0.0201155 ; 102.417;
25 ; 29 ; 27 ; -0.0184268 ; -0.0112853 ; -0.0196475 ; 102.539;
26 ; 29 ; 27 ; -0.0101943 ; -0.0173749 ; -0.0220197 ; 103.115;
27 ; 29 ; 27 ; -0.0330232 ; -0.0120614 ; -0.0181853 ; 103.076;
28 ; 29 ; 27 ; -0.00728132 ; -0.0133038 ; -0.00784218 ; 102.841;
29 ; 29 ; 27 ; 0.00701688 ; -0.00655167 ; -0.00506218 ; 102.703;
30 ; 29 ; 27 ; -0.00762389 ; -0.016023 ; -0.0201908 ; 102.877;
31 ; 29 ; 27 ; -0.0204459 ; -0.013557 ; 0.000140907 ; 102.819;
32 ; 29 ; 27 ; 0.000982666 ; -0.0252041 ; -0.0122396 ; 102.439;
33 ; 29 ; 27 ; -0.000722745 ; -0.00844387 ; -0.018822 ; 103.126;
4 ; 30 ; 27 ; 0.00226889 ; -0.00459355 ; -0.0121557 ; 102.785;
5 ; 30 ; 27 ; 0.00930445 ; -0.0211753 ; -0.00953342 ; 102.782;
6 ; 30 ; 27 ; 0.0115151 ; -0.0137926 ; -0.00929077 ; 102.561;
7 ; 30 ; 27 ; 0.0189897 ; -0.0137531 ; 0.00175685 ; 103.021;
8 ; 30 ; 27 ; 0.0036448 ; -0.00917168 ; -0.0109272 ; 103.038;
9 ; 30 ; 27 ; 0.0198255 ; 0.00172811 ; -0.020758 ; 102.903;
10 ; 30 ; 27 ; 0.0190638 ; -0.0117362 ; -0.0100301 ; 102.747;
11 ; 30 ; 27 ; 0.000533695 ; -0.0107285 ; -0.0133577 ; 102.616;
12 ; 30 ; 27 ; 0.000635718 ; -0.0119002 ; -0.0175401 ; 102.291;
13 ; 30 ; 27 ; 0.00327458 ; -0.0156867 ; -0.0135139 ; 102.184;
14 ; 30 ; 27 ; -0.00487005 ; -0.019406 ; -0.00675918 ; 102.742;
15 ; 30 ; 27 ; -0.00117755 ; -0.0191828 ; -0.0140423 ; 102.474;
16 ; 30 ; 27 ; -0.00463813 ; -0.0292003 ; -0.0114378 ; 102.134;
17 ; 30 ; 27 ; 0.00970927 ; -0.0145163 ; -0.0261006 ; 102.157;
18 ; 30 ; 27 ; 0.0137387 ; -0.0210285 ; -0.0153021 ; 102.547;
19 ; 30 ; 27 ; -0.000393641 ; -0.0180199 ; -0.0199799 ; 102.327;
20 ; 30 ; 27 ; 0.00709755 ; -0.0160922 ; -0.014413 ; 102.417;
21 ; 30 ; 27 ; 0.0074504 ; -0.0177686 ; -0.0249133 ; 102.442;
22 ; 30 ; 27 ; -0.00450485 ; -0.0241597 ; -0.0220133 ; 102.638;
23 ; 30 ; 27 ; -0.00581222 ; -0.0203728 ; -0.011721 ; 102.901;
24 ; 30 ; 27 ; -0.00928962 ; -0.027871 ; -0.0266628 ; 102.477;
25 ; 30 ; 27 ; -0.0157708 ; -0.0161691 ; -0.0171516 ; 102.687;
26 ; 30 ; 27 ; -0.0124766 ; -0.0182198 ; -0.0163202 ; 103.152;
27 ; 30 ; 27 ; -0.0149519 ; -0.0160606 ; -0.0155501 ; 103.634;
28 ; 30 ; 27 ; -0.0111647 ; 0.00183118 ; -0.0162295 ; 103.112;
29 ; 30 ; 27 ; -0.0016382 ; -0.022075 ; -0.0221937 ; 103.256;
30 ; 30 ; 27 ; -0.00726223 ; -0.00573113 ; 0.00152795 ; 102.855;
31 ; 30 ; 27 ; -0.011356 ; -0.0181088 ; -0.012302 ; 102.817;
32 ; 30 ; 27 ; -0.00132719 ; -0.0267677 ; -0.00187071 ; 103.385;
33 ; 30 ; 27 ; 0.00508105 ; -0.0210024 ; -0.00493603 ; 102.715;
4 ; 31 ; 27 ; 0.00686442 ; -0.00808969 ; -0.0147902 ; 102.828;
5 ; 31 ; 27 ; -0.000231554 ; -0.00262364 ; -0.00234131 ; 102.534;
6 ; 31 ; 27 ; 0.00986474 ; -0.00977623 ; -0.00764875 ; 102.948;
7 ; 31 ; 27 ; 0.00504276 ; -0.0072644 ; -0.0223571 ; 102.886;
8 ; 31 ; 27 ; 0.00718545 ; -0.0053051 ; -0.00955288 ; 103.221;
9 ; 31 ; 27 ; 0.0137999 ; -0.00221113 ; -0.0122516 ; 102.957;
10 ; 31 ; 27 ; 0.00564793 ; -0.0165429 ; -0.00292985 ; 102.786;
11 ; 31 ; 27 ; 0.0111923 ; -0.0158286 ; -0.0230833 ; 102.813;
12 ; 31 ; 27 ; 0.00633442 ; -0.00429678 ; -0.0156973 ; 102.651;
13 ; 31 ; 27 ; 0.00278268 ; -0.015427 ; -0.00693213 ; 102.902;
14 ; 31 ; 27 ; 0.00221875 ; -0.00116423 ; -0.012581 ; 102.684;
15 ; 31 ; 27 ; -1.463e-05 ; -0.00564576 ; -0.0153802 ; 102.844;
16 ; 31 ; 27 ; -0.00174792 ; -0.0181714 ; -0.0164132 ; 102.658;
17 ; 31 ; 27 ; 0.00665369 ; -0.00763514 ; -0.0206834 ; 102.106;
18 ; 31 ; 27 ; 0.00700058 ; -0.0145395 ; -0.0222793 ; 102.259;
19 ; 31 ; 27 ; 0.00986386 ; -0.00880447 ; -0.0180821 ; 102.395;
20 ; 31 ; 27 ; -0.000831397 ; -0.00938791 ; -0.0227829 ; 102.25;
21 ; 31 ; 27 ; -0.00460447 ; -0.0215623 ; -0.0274942 ; 102.687;
22 ; 31 ; 27 ; 0.0012622 ; -0.0257294 ; -0.0100251 ; 102.705;
23 ; 31 ; 27 ; 0.00362913 ; -0.0141781 ; -0.0108193 ; 102.545;
24 ; 31 ; 27 ; -0.00727124 ; -0.00342912 ; -0.0235824 ; 102.916;
25 ; 31 ; 27 ; 0.00175004 ; -0.00935611 ; -0.017505 ; 102.598;
26 ; 31 ; 27 ; -0.00620097 ; -0.0143177 ; -0.00938308 ; 102.704;
27 ; 31 ; 27 ; -0.0187114 ; -0.0182887 ; 0.000551943 ; 102.981;
28 ; 31 ; 27 ; -0.0227312 ; -0.000110809 ; -0.0211884 ; 103.189;
29 ; 31 ; 27 ; -0.00230954 ; -0.0108179 ; -0.0247265 ; 103.308;
30 ; 31 ; 27 ; -0.00446799 ; 0.00353829 ; -0.00444314 ; 102.744;
31 ; 31 ; 27 ; -0.018131 ; -0.00707701 ; -0.00605629 ; 102.894;
32 ; 31 ; 27 ; -0.00726814 ; -0.0103481 ; -0.0178969 ; 102.872;
33 ; 31 ; 27 ; -0.0147551 ; -0.0086028 ; -0.00493348 ; 102.261;
4 ; 32 ; 27 ; 0.0141816 ; -0.0217203 ; -0.00854208 ; 102.712;
5 ; 32 ; 27 ; 0.0134464 ; -0.00517016 ; -0.0104583 ; 103.124;
6 ; 32 ; 27 ; 0.00345039 ; -0.0157743 ; 0.00348318 ; 103.08;
7 ; 32 ; 27 ; 0.0129197 ; -0.00728486 ; -0.0152114 ; 102.889;
8 ; 32 ; 27 ; 0.0229916 ; -0.0194267 ; -0.0127037 ; 102.854;
9 ; 32 ; 27 ; 0.01092 ; -0.00851385 ; -0.0189797 ; 103.159;
10 ; 32 ; 27 ; 0.00570084 ; 0.00205476 ; -0.0304906 ; 102.53;
11 ; 32 ; 27 ; 0.0111636 ; 0.00150803 ; -0.0233095 ; 102.801;
12 ; 32 ; 27 ; 0.00803215 ; -0.0143738 ; -0.0189421 ; 102.65;
13 ; 32 ; 27 ; 0.00257055 ; -0.00776216 ; -0.0178596 ; 102.177;
14 ; 32 ; 27 ; -0.00383651 ; -0.00253107 ; -0.00697025 ; 102.992;
15 ; 32 ; 27 ; -0.00267511 ; -0.0134155 ; -0.0221542 ; 102.227;
16 ; 32 ; 27 ; 0.00209157 ; -0.00371524 ; -0.0249111 ; 102.295;
17 ; 32 ; 27 ; 0.00643859 ; -0.00539257 ; 0.00044329 ; 102.335;
18 ; 32 ; 27 ; -0.00619306 ; -0.024905 ; -0.0184779 ; 102.26;
19 ; 32 ; 27 ; 0.00356064 ; 0.00387213 ; -0.0270003 ; 102.289;
20 ; 32 ; 27 ; -0.00477691 ; -0.00635323 ; -0.0189557 ; 102.429;
21 ; 32 ; 27 ; 0.000163247 ; -0.0105947 ; -0.00992504 ; 102.003;
22 ; 32 ; 27 ; 0.0150809 ; -0.0152315 ; -0.0077726 ; 102.351;
23 ; 32 ; 27 ; 0.00715118 ; -0.00713711 ; -0.00783691 ; 102.411;
24 ; 32 ; 27 ; 0.00490565 ; 0.0082837 ; -0.0184565 ; 102.629;
25 ; 32 ; 27 ; -0.00365663 ; -0.00821946 ; -0.0161326 ; 102.2;
26 ; 32 ; 27 ; -0.0076607 ; -0.000580304 ; -0.0165606 ; 102.676;
27 ; 32 ; 27 ; -0.0139807 ; 0.00244048 ; -0.0225648 ; 102.785;
28 ; 32 ; 27 ; -0.0184193 ; -0.0161788 ; -0.00278824 ; 102.729;
29 ; 32 ; 27 ; -0.0161373 ; -0.0120188 ; -0.0141374 ; 103.089;
30 ; 32 ; 27 ; -0.0119369 ; 0.000278603 ; -0.0142958 ; 102.969;
31 ; 32 ; 27 ; -0.0217261 ; -0.0166362 ; -0.0163086 ; 102.786;
32 ; 32 ; 27 ; -0.00577095 ; -0.00393111 ; -0.0137849 ; 102.764;
33 ; 32 ; 27 ; -0.00593124 ; -0.00744975 ; -0.00950342 ; 102.557;
4 ; 33 ; 27 ; 0.0128997 ; -0.00813811 ; -0.00940284 ; 103.014;
5 ; 33 ; 27 ; 0.0145225 ; -0.00601137 ; -0.00791254 ; 102.563;
6 ; 33 ; 27 ; 0.0114348 ; 0.0074942 ; -0.00924499 ; 102.875;
7 ; 33 ; 27 ; 0.0069213 ; -0.000129286 ; -0.0159832 ; 103.171;
8 ; 33 ; 27 ; 0.016402 ; 0.00364202 ; -0.00584271 ; 102.53;
9 ; 33 ; 27 ; 0.0146907 ; 0.000683871 ; -0.016115 ; 103.262;
10 ; 33 ; 27 ; -0.000952813 ; -0.0251839 ; -0.0020468 ; 102.993;
11 ; 33 ; 27 ; -0.00945552 ; -0.0094531 ; -0.0171313 ; 102.936;
12 ; 33 ; 27 ; 0.00553555 ; 0.00440071 ; -0.00621096 ; 102.222;
13 ; 33 ; 27 ; -0.0110266 ; 0.0105898 ; -0.00124867 ; 102.636;
14 ; 33 ; 27 ; -0.00396968 ; -0.00954717 ; -0.0160065 ; 102.018;
15 ; 33 ; 27 ; 0.00190934 ; -0.0100376 ; -0.0253524 ; 102.464;
16 ; 33 ; 27 ; -0.00720587 ; -0.0108542 ; -0.0196704 ; 102.62;
17 ; 33 ; 27 ; 0.00426909 ; 0.0105596 ; -0.00342267 ; 102.562;
18 ; 33 ; 27 ; 0.0184682 ; 0.00475007 ; -0.0215674 ; 102.319;
19 ; 33 ; 27 ; 0.00315537 ; -0.00521281 ; -0.0141781 ; 102.918;
20 ; 33 ; 27 ; -0.0075439 ; -0.000907886 ; -0.0199284 ; 102.097;
21 ; 33 ; 27 ; 0.00189812 ; -0.000501797 ; -0.0126165 ; 102.256;
22 ; 33 ; 27 ; 0.00485534 ; -0.0063863 ; -0.0131663 ; 102.489;
23 ; 33 ; 27 ; -0.00312848 ; -0.00770052 ; -0.0230307 ; 102.557;
24 ; 33 ; 27 ; 0.00168503 ; -0.00410178 ; -0.0148669 ; 102.614;
25 ; 33 ; 27 ; -0.00942585 ; 0.00142697 ; -0.00468775 ; 102.703;
26 ; 33 ; 27 ; -0.00551235 ; 0.0154491 ; -0.00492794 ; 102.871;
27 ; 33 ; 27 ; -0.0068993 ; -0.0110402 ; -0.0149831 ; 103.004;
28 ; 33 ; 27 ; -0.00306044 ; -0.00657804 ; -0.008187 ; 102.61;
29 ; 33 ; 27 ; -0.00814289 ; -0.00921567 ; -0.00361762 ; 102.656;
30 ; 33 ; 27 ; -0.00740866 ; -0.0146093 ; -0.0196651 ; 102.865;
31 ; 33 ; 27 ; -0.0163361 ; 0.00449314 ; -0.0129291 ; 102.771;
32 ; 33 ; 27 ; -0.00728481 ; 0.00532726 ; -0.00998698 ; 102.656;
33 ; 33 ; 27 ; -0.00251433 ; -0.0119671 ; -0.00961818 ; 102.752;
4 ; 4 ; 28 ; 0.00758466 ; -0.00119199 ; -0.000628893 ; 103.014;
5 ; 4 ; 28 ; 0.0164918 ; -0.00504035 ; 0.000456818 ; 102.792;
6 ; 4 ; 28 ; -0.00135482 ; 0.011237 ; 0.00975822 ; 102.427;
7 ; 4 ; 28 ; 0.00306611 ; -0.0197198 ; -0.00931349 ; 102.905;
8 ; 4 ; 28 ; 0.00761681 ; 0.00177446 ; -0.0124886 ; 102.899;
9 ; 4 ; 28 ; 0.0121073 ; -0.0123081 ; -0.012348 ; 102.635;
10 ; 4 ; 28 ; 0.00526373 ; -0.0113757 ; -0.0106837 ; 102.751;
11 ; 4 ; 28 ; 0.0118974 ; -0.00565429 ; -0.0159224 ; 102.612;
12 ; 4 ; 28 ; 0.00409255 ; 0.00669868 ; -0.0220219 ; 103.137;
13 ; 4 ; 28 ; -0.00963073 ; -0.0124939 ; -0.00887765 ; 102.862;
14 ; 4 ; 28 ; -0.005903 ; 0.00976777 ; -0.0166972 ; 102.522;
15 ; 4 ; 28 ; -0.00598748 ; 0.00558088 ; -0.0134028 ; 102.308;
16 ; 4 ; 28 ; -0.00646734 ; 0.00175923 ; -0.0240331 ; 102.287;
17 ; 4 ; 28 ; 0.00864096 ; -0.0104801 ; -0.0227548 ; 102.301;
18 ; 4 ; 28 ; -0.00420621 ; -0.00458412 ; -0.0103341 ; 102.327;
19 ; 4 ; 28 ; -0.00361866 ; 0.00912227 ; -0.0276384 ; 102.399;
20 ; 4 ; 28 ; -0.00248017 ; -0.00351264 ; -0.00899351 ; 102.236;
21 ; 4 ; 28 ; 0.007995 ; -0.0010076 ; -0.0193436 ; 102.88;
22 ; 4 ; 28 ; -0.00780386 ; 0.000148213 ; -0.0120169 ; 102.454;
23 ; 4 ; 28 ; -0.00740031 ; -0.00768597 ; -0.0100078 ; 102.656;
24 ; 4 ; 28 ; -0.00873554 ; 0.00447536 ; -0.0136372 ; 103.056;
25 ; 4 ; 28 ; -0.00970196 ; -0.000794912 ; -0.00897803 ; 102.354;
26 ; 4 ; 28 ; -0.0193162 ; 0.000528329 ; -0.0138915 ; 102.58;
27 ; 4 ; 28 ; -0.0171277 ; -0.00495784 ; -0.013757 ; 102.525;
28 ; 4 ; 28 ; -0.0265863 ; -0.00892654 ; -0.00476635 ; 102.626;
29 ; 4 ; 28 ; -0.0160257 ; 0.00719494 ; -0.0239598 ; 102.684;
30 ; 4 ; 28 ; -0.0203147 ; 0.00318816 ; -0.00504268 ; 102.903;
31 ; 4 ; 28 ; -0.00204732 ; -0.00510244 ; -0.0140824 ; 102.849;
32 ; 4 ; 28 ; -0.00961344 ; 0.0121638 ; -0.00835804 ; 103.131;
33 ; 4 ; 28 ; -0.00462398 ; -0.00340925 ; -0.0131722 ; 102.691;
4 ; 5 ; 28 ; 0.00411865 ; 0.00581152 ; -0.0181764 ; 103.099;
5 ; 5 ; 28 ; 0.0212139 ; 0.000569185 ; -0.00458242 ; 103.03;
6 ; 5 ; 28 ; 0.0131319 ; 0.0064376 ; -0.00705952 ; 102.913;
7 ; 5 ; 28 ; 0.0181677 ; -0.0109583 ; -0.0138159 ; 102.571;
8 ; 5 ; 28 ; 0.0123338 ; 0.00214659 ; -0.00364312 ; 102.742;
9 ; 5 ; 28 ; 0.0152918 ; 0.0012481 ; -0.0114683 ; 103.17;
10 ; 5 ; 28 ; 0.0132325 ; 0.00418248 ; -0.00718697 ; 102.956;
11 ; 5 ; 28 ; 0.0148758 ; 0.0111129 ; -0.0170453 ; 102.741;
12 ; 5 ; 28 ; 0.000644123 ; 0.0120282 ; -0.0315685 ; 101.881;
13 ; 5 ; 28 ; -0.00250056 ; 0.0174397 ; -0.0338649 ; 102.679;
14 ; 5 ; 28 ; -0.00580219 ; 0.00673521 ; -0.0198135 ; 102.559;
15 ; 5 ; 28 ; -0.00298145 ; -0.000103196 ; -0.0102816 ; 102.467;
16 ; 5 ; 28 ; 0.00210185 ; 0.00874641 ; -0.0218377 ; 102.321;
17 ; 5 ; 28 ; -0.000465768 ; 0.00555537 ; -0.0127704 ; 102.405;
18 ; 5 ; 28 ; -0.0115969 ; 0.0160932 ; -0.0179152 ; 102.683;
19 ; 5 ; 28 ; -0.00444207 ; 0.0157543 ; -0.0175141 ; 102.177;
20 ; 5 ; 28 ; -0.0166574 ; 0.0170201 ; -0.00943999 ; 103.179;
21 ; 5 ; 28 ; -0.00538159 ; 0.0137201 ; -0.0231033 ; 102.067;
22 ; 5 ; 28 ; -0.0149248 ; 0.00908735 ; -0.0244079 ; 103.028;
23 ; 5 ; 28 ; 0.0031785 ; 0.00843039 ; -0.0120895 ; 102.528;
24 ; 5 ; 28 ; 0.000470959 ; 0.00353035 ; 0.00158818 ; 102.704;
25 ; 5 ; 28 ; -0.0062026 ; 0.0104559 ; -0.0157143 ; 102.602;
26 ; 5 ; 28 ; -0.00862642 ; 0.0126158 ; -0.0163098 ; 102.76;
27 ; 5 ; 28 ; -0.021067 ; 0.000459093 ; -0.00972789 ; 102.862;
28 ; 5 ; 28 ; -0.0112674 ; -0.00158579 ; -0.00696123 ; 103.018;
29 ; 5 ; 28 ; -0.0199092 ; -0.00341603 ; -0.00849876 ; 102.99;
30 ; 5 ; 28 ; -0.0111478 ; 0.0158683 ; -0.000224917 ; 102.409;
31 ; 5 ; 28 ; -0.0131724 ; 0.0260703 ; -0.0265813 ; 102.233;
32 ; 5 ; 28 ; -0.0106421 ; 0.0127613 ; -0.00927798 ; 102.755;
33 ; 5 ; 28 ; -0.00708607 ; 0.000890468 ; -0.0243287 ; 102.969;
4 ; 6 ; 28 ; -0.00322617 ; 0.0061873 ; -0.010913 ; 103.092;
5 ; 6 ; 28 ; 0.0090566 ; 0.0273344 ; -0.0119418 ; 103.152;
6 ; 6 ; 28 ; 0.0131931 ; 0.00688906 ; -0.000511716 ; 102.865;
7 ; 6 ; 28 ; 0.016077 ; 0.00690085 ; -0.00399051 ; 103.511;
8 ; 6 ; 28 ; 0.0104978 ; 0.00625524 ; -0.0081702 ; 103.175;
9 ; 6 ; 28 ; -0.00154263 ; 0.00653722 ; -0.0059648 ; 103.249;
10 ; 6 ; 28 ; 0.00296992 ; 0.00105309 ; -0.0201893 ; 103.099;
11 ; 6 ; 28 ; -0.00827135 ; 0.0147916 ; -0.0089428 ; 102.838;
12 ; 6 ; 28 ; -0.00459269 ; 0.0123016 ; -0.0146953 ; 102.413;
13 ; 6 ; 28 ; 0.00134877 ; 0.0122841 ; -0.0210257 ; 102.411;
14 ; 6 ; 28 ; 0.00275254 ; 0.00847053 ; -0.0251274 ; 102.401;
15 ; 6 ; 28 ; 0.0043695 ; 0.0158063 ; -0.0190201 ; 102.504;
16 ; 6 ; 28 ; -0.00676611 ; 0.0208882 ; -0.0161272 ; 102.013;
17 ; 6 ; 28 ; 0.000452149 ; 0.0160716 ; -0.0215957 ; 102.72;
18 ; 6 ; 28 ; 0.00784367 ; 0.0162788 ; 0.00323115 ; 102.397;
19 ; 6 ; 28 ; 0.0140318 ; 0.0158691 ; -0.015671 ; 102.632;
20 ; 6 ; 28 ; 0.0126883 ; 0.00417855 ; -0.0233604 ; 102.329;
21 ; 6 ; 28 ; 0.0107168 ; 0.0314396 ; -0.0253995 ; 102.625;
22 ; 6 ; 28 ; -0.000131239 ; 0.00773827 ; -0.0309371 ; 102.257;
23 ; 6 ; 28 ; -0.00836067 ; 0.00244977 ; -0.0148685 ; 102.924;
24 ; 6 ; 28 ; -0.00957232 ; 0.0197502 ; -0.00508331 ; 103.036;
25 ; 6 ; 28 ; -0.00174664 ; 0.010861 ; -0.0213401 ; 102.552;
26 ; 6 ; 28 ; -0.00528183 ; -0.0050187 ; -0.0214761 ; 102.894;
27 ; 6 ; 28 ; -0.0154245 ; 0.0130063 ; -0.0134167 ; 102.75;
28 ; 6 ; 28 ; -0.014319 ; 0.0119927 ; -0.0151575 ; 102.693;
29 ; 6 ; 28 ; -0.00946799 ; 0.00527459 ; -0.0109093 ; 102.633;
30 ; 6 ; 28 ; -0.00417713 ; 0.0108987 ; -0.0179128 ; 102.856;
31 ; 6 ; 28 ; -0.0108945 ; 0.00581934 ; -0.0231652 ; 102.829;
32 ; 6 ; 28 ; -0.00829068 ; 0.0135683 ; -0.0318074 ; 103.245;
33 ; 6 ; 28 ; 0.00159428 ; 0.0131767 ; -0.0175546 ; 102.89;
4 ; 7 ; 28 ; -0.00189127 ; 0.00814931 ; -0.00787323 ; 102.625;
5 ; 7 ; 28 ; 0.0264319 ; 0.0125517 ; -0.0146545 ; 103.332;
6 ; 7 ; 28 ; 0.00956696 ; -0.000670986 ; -0.00425629 ; 103.191;
7 ; 7 ; 28 ; -0.00706185 ; 0.0103258 ; 0.000341086 ; 103.067;
8 ; 7 ; 28 ; 0.00371578 ; 0.00623687 ; -0.000992451 ; 103.241;
9 ; 7 ; 28 ; 0.0164851 ; 0.0153609 ; -0.00991465 ; 102.979;
10 ; 7 ; 28 ; 0.0120336 ; -0.00285066 ; -0.027376 ; 102.708;
11 ; 7 ; 28 ; 0.00341043 ; 0.0121873 ; -0.025186 ; 102.898;
12 ; 7 ; 28 ; 0.0143751 ; 0.00681181 ; -0.0163779 ; 102.951;
13 ; 7 ; 28 ; 0.00677785 ; 0.0130354 ; -0.0139762 ; 102.546;
14 ; 7 ; 28 ; -0.00811595 ; -0.00065452 ; 0.000552429 ; 102.776;
15 ; 7 ; 28 ; -0.00407907 ; 0.00886851 ; -0.0279749 ; 102.617;
16 ; 7 ; 28 ; 0.000431385 ; 0.0267992 ; -0.0108117 ; 102.793;
17 ; 7 ; 28 ; -0.00543429 ; 0.0121199 ; -0.0083312 ; 102.74;
18 ; 7 ; 28 ; -0.0057599 ; 0.0262563 ; -0.0136033 ; 101.965;
19 ; 7 ; 28 ; 0.00639748 ; 0.0177989 ; -0.0166348 ; 102.455;
20 ; 7 ; 28 ; 0.011809 ; 0.0244225 ; -0.0126942 ; 102.121;
21 ; 7 ; 28 ; 0.00502729 ; 0.0127347 ; -0.00308377 ; 102.493;
22 ; 7 ; 28 ; 0.0100902 ; 0.0144749 ; -0.0193119 ; 102.425;
23 ; 7 ; 28 ; 0.0149559 ; 0.0152216 ; -0.0161872 ; 102.421;
24 ; 7 ; 28 ; 0.0031675 ; 0.0254397 ; -0.02175 ; 102.739;
25 ; 7 ; 28 ; -0.0164353 ; 0.0184139 ; -0.0213419 ; 102.289;
26 ; 7 ; 28 ; -0.0089317 ; 0.017423 ; -0.0147769 ; 102.825;
27 ; 7 ; 28 ; -0.0111004 ; 0.0110088 ; -0.0119905 ; 102.846;
28 ; 7 ; 28 ; -0.0210295 ; 0.0151884 ; -0.00473071 ; 103.229;
29 ; 7 ; 28 ; -0.0145658 ; 0.0154109 ; -0.00763448 ; 103.071;
30 ; 7 ; 28 ; -0.00325854 ; 0.0165139 ; -0.00723312 ; 102.724;
31 ; 7 ; 28 ; -0.00896288 ; 0.0172674 ; -0.00778511 ; 102.919;
32 ; 7 ; 28 ; -0.00239736 ; 0.013278 ; -0.011803 ; 102.85;
33 ; 7 ; 28 ; 0.00286745 ; 0.015981 ; -0.023215 ; 103.317;
4 ; 8 ; 28 ; -0.0124369 ; 0.0131605 ; -0.0134653 ; 103.178;
5 ; 8 ; 28 ; 2.03232e-05 ; 0.0166099 ; -0.0149266 ; 102.726;
6 ; 8 ; 28 ; 0.0150709 ; 0.00671866 ; -0.0184056 ; 103.099;
7 ; 8 ; 28 ; 0.013416 ; 0.0125659 ; -0.0158795 ; 103.086;
8 ; 8 ; 28 ; -0.00672562 ; 0.00270511 ; -0.00626084 ; 102.844;
9 ; 8 ; 28 ; 0.0129936 ; 0.010107 ; -0.0110373 ; 102.488;
10 ; 8 ; 28 ; -0.00594756 ; 0.0204608 ; -0.0207729 ; 102.976;
11 ; 8 ; 28 ; 0.00082696 ; -0.00108018 ; -0.0212929 ; 102.802;
12 ; 8 ; 28 ; -0.00544935 ; 0.0161088 ; -0.0195595 ; 102.911;
13 ; 8 ; 28 ; 0.00696884 ; 0.00905987 ; -0.0122434 ; 102.702;
14 ; 8 ; 28 ; -0.0070771 ; 0.0071759 ; -0.0132243 ; 102.587;
15 ; 8 ; 28 ; -0.00319994 ; 0.018985 ; -0.0249674 ; 102.434;
16 ; 8 ; 28 ; -0.0036861 ; 0.0164856 ; -0.0212221 ; 102.47;
17 ; 8 ; 28 ; -0.00249285 ; 0.0225356 ; -0.00625762 ; 102.322;
18 ; 8 ; 28 ; -0.00199051 ; 0.021718 ; -0.0119267 ; 102.484;
19 ; 8 ; 28 ; -0.00272536 ; 0.0245262 ; -0.0113094 ; 102.586;
20 ; 8 ; 28 ; 0.00821808 ; 0.0399254 ; -0.0246653 ; 102.555;
21 ; 8 ; 28 ; -0.00024205 ; 0.0255768 ; -0.0262128 ; 102.278;
22 ; 8 ; 28 ; -0.00748485 ; 0.0193105 ; -0.0150231 ; 102.642;
23 ; 8 ; 28 ; -0.00108694 ; 0.00707099 ; -0.0224933 ; 102.9;
24 ; 8 ; 28 ; 0.00303168 ; 0.0230569 ; -0.0250282 ; 102.294;
25 ; 8 ; 28 ; -0.00996257 ; 0.0150126 ; -0.0108936 ; 102.756;
26 ; 8 ; 28 ; -0.0106917 ; 0.00788783 ; -0.0152889 ; 102.994;
27 ; 8 ; 28 ; -0.016756 ; 0.0219495 ; -0.00998928 ; 103.054;
28 ; 8 ; 28 ; -0.00909242 ; 0.0140328 ; -0.0150958 ; 102.954;
29 ; 8 ; 28 ; -0.0147302 ; 0.0136403 ; -0.0149179 ; 103.29;
30 ; 8 ; 28 ; -0.0127263 ; 0.00312344 ; -0.0101856 ; 102.943;
31 ; 8 ; 28 ; -0.00606327 ; 0.0113394 ; -0.0180818 ; 102.949;
32 ; 8 ; 28 ; -0.011676 ; 0.0201539 ; -0.0314234 ; 102.799;
33 ; 8 ; 28 ; 0.00649839 ; 0.0127755 ; -0.0168633 ; 103.123;
4 ; 9 ; 28 ; -0.00547724 ; 0.0139749 ; -0.00825575 ; 102.973;
5 ; 9 ; 28 ; 0.00777943 ; 0.0181203 ; -0.0120422 ; 102.893;
6 ; 9 ; 28 ; 0.00853455 ; 0.01445 ; -0.00412842 ; 102.813;
7 ; 9 ; 28 ; 0.0185408 ; 0.00705365 ; -0.0244185 ; 103.123;
8 ; 9 ; 28 ; 0.0146977 ; 0.0151072 ; -0.0170787 ; 103.053;
9 ; 9 ; 28 ; 0.0118402 ; 0.00770424 ; -0.00699165 ; 103.153;
10 ; 9 ; 28 ; 0.0122148 ; 0.0238236 ; -0.0195157 ; 102.824;
11 ; 9 ; 28 ; 0.0141293 ; 0.0111521 ; -0.0118126 ; 102.766;
12 ; 9 ; 28 ; 0.00512074 ; 0.015847 ; -0.00656635 ; 102.793;
13 ; 9 ; 28 ; 0.0101737 ; 0.00912991 ; -0.0197177 ; 103.023;
14 ; 9 ; 28 ; 0.0136705 ; 0.0195922 ; -0.0186506 ; 102.684;
15 ; 9 ; 28 ; 0.00841065 ; 0.0207195 ; -0.0206218 ; 102.709;
16 ; 9 ; 28 ; -0.0115205 ; 0.0200526 ; -0.0292178 ; 102.672;
17 ; 9 ; 28 ; -0.00844614 ; 0.0270614 ; -0.0174788 ; 102.836;
18 ; 9 ; 28 ; 0.00124783 ; 0.0113949 ; -0.0331903 ; 102.407;
19 ; 9 ; 28 ; 0.00236861 ; 0.025015 ; -0.00715223 ; 102.337;
20 ; 9 ; 28 ; -0.00420896 ; 0.0126357 ; -0.0200955 ; 102.328;
21 ; 9 ; 28 ; -0.0159437 ; 0.0226897 ; -0.0156747 ; 102.7;
22 ; 9 ; 28 ; -0.00307981 ; 0.019762 ; -0.01735 ; 102.385;
23 ; 9 ; 28 ; 0.00729476 ; 0.0225792 ; -0.00921276 ; 102.941;
24 ; 9 ; 28 ; -0.00333303 ; 0.0210423 ; -0.0211542 ; 102.265;
25 ; 9 ; 28 ; -0.00515741 ; 0.0187343 ; -0.0172484 ; 102.558;
26 ; 9 ; 28 ; -0.00597958 ; 0.0173764 ; -0.024973 ; 102.676;
27 ; 9 ; 28 ; -0.0178602 ; 0.0161359 ; -0.0192128 ; 102.835;
28 ; 9 ; 28 ; -0.0312798 ; 0.0104932 ; -0.0218061 ; 103.158;
29 ; 9 ; 28 ; -0.0121895 ; 9.20378e-05 ; -0.00707965 ; 102.264;
30 ; 9 ; 28 ; -0.00658082 ; 0.0104994 ; -0.00862194 ; 102.845;
31 ; 9 ; 28 ; -0.0021512 ; 0.0179303 ; -0.016799 ; 103.188;
32 ; 9 ; 28 ; -0.0044792 ; 0.0195327 ; -0.0229574 ; 102.827;
33 ; 9 ; 28 ; -0.00269954 ; 0.0267809 ; -0.012633 ; 102.831;
4 ; 10 ; 28 ; -0.000298299 ; 0.00687696 ; -0.0146926 ; 102.684;
5 ; 10 ; 28 ; 0.00690391 ; 0.0139959 ; -0.0244305 ; 102.774;
6 ; 10 ; 28 ; 0.0261891 ; 0.00513197 ; -0.0100658 ; 102.889;
7 ; 10 ; 28 ; 0.0124835 ; 0.00396149 ; -0.0200145 ; 103.063;
8 ; 10 ; 28 ; 0.00733871 ; 0.0144072 ; -0.000320498 ; 103.24;
9 ; 10 ; 28 ; 0.00788078 ; 0.0169907 ; -0.0245657 ; 102.691;
10 ; 10 ; 28 ; 0.016674 ; 0.0324085 ; -0.0164566 ; 103.019;
11 ; 10 ; 28 ; 0.0136191 ; 0.0184706 ; -0.00841091 ; 102.919;
12 ; 10 ; 28 ; 0.0122569 ; 0.0252631 ; -0.0108853 ; 102.91;
13 ; 10 ; 28 ; -0.00743277 ; 0.010854 ; -0.0146427 ; 102.366;
14 ; 10 ; 28 ; 0.0170477 ; 0.0103675 ; -0.0241552 ; 102.234;
15 ; 10 ; 28 ; -0.0014177 ; 0.0153134 ; -0.0235559 ; 102.192;
16 ; 10 ; 28 ; -0.0156317 ; 0.023812 ; -0.00874033 ; 102.5;
17 ; 10 ; 28 ; 0.00148064 ; -0.00167686 ; -0.00898125 ; 102.33;
18 ; 10 ; 28 ; -0.00444315 ; 0.00101514 ; -0.0312714 ; 102.466;
19 ; 10 ; 28 ; -0.00434041 ; 0.0302114 ; -0.0120699 ; 102.132;
20 ; 10 ; 28 ; -0.0102747 ; 0.00960173 ; -0.0304595 ; 101.994;
21 ; 10 ; 28 ; -0.00208773 ; 0.0175594 ; -0.0208312 ; 102.52;
22 ; 10 ; 28 ; -0.00848668 ; 0.021401 ; -0.0243269 ; 102.387;
23 ; 10 ; 28 ; 0.00472523 ; 0.0163486 ; -0.0145444 ; 102.607;
24 ; 10 ; 28 ; -0.00295259 ; 0.0113372 ; -0.0163832 ; 102.437;
25 ; 10 ; 28 ; -0.00936227 ; 0.0208569 ; -0.0165789 ; 102.955;
26 ; 10 ; 28 ; -0.0184033 ; 0.0255413 ; -0.0155276 ; 102.612;
27 ; 10 ; 28 ; -0.00897056 ; 0.01692 ; -0.0243185 ; 102.923;
28 ; 10 ; 28 ; -0.011864 ; 0.0160887 ; -0.00338911 ; 102.922;
29 ; 10 ; 28 ; -0.00154914 ; 0.0238388 ; -0.0135261 ; 103.125;
30 ; 10 ; 28 ; -0.00389722 ; 0.00668083 ; -0.011141 ; 103.207;
31 ; 10 ; 28 ; -0.0212357 ; 0.0130817 ; -0.0118838 ; 102.853;
32 ; 10 ; 28 ; -0.0150453 ; 0.0121546 ; -0.0193145 ; 102.726;
33 ; 10 ; 28 ; 0.00384935 ; 0.0204613 ; -0.0122937 ; 102.707;
4 ; 11 ; 28 ; 0.00500821 ; 0.0110191 ; -0.0264264 ; 103.16;
5 ; 11 ; 28 ; 0.0138063 ; 0.0126929 ; -0.0249841 ; 102.615;
6 ; 11 ; 28 ; 0.00363675 ; 0.01684 ; -0.00646991 ; 102.766;
7 ; 11 ; 28 ; 0.00803978 ; 0.0126807 ; -0.000218152 ; 102.61;
8 ; 11 ; 28 ; 0.0179637 ; 0.00890231 ; -0.0168354 ; 102.848;
9 ; 11 ; 28 ; 0.0150826 ; 0.00964309 ; -0.0195048 ; 102.98;
10 ; 11 ; 28 ; 0.0131316 ; 0.000105937 ; 0.00130445 ; 102.855;
11 ; 11 ; 28 ; 0.00991911 ; 0.0133703 ; -0.0230316 ; 102.86;
12 ; 11 ; 28 ; 0.00391072 ; 0.0103364 ; -0.0218571 ; 102.521;
13 ; 11 ; 28 ; 0.00359128 ; 0.0187749 ; -0.0203239 ; 102.523;
14 ; 11 ; 28 ; -0.00610677 ; 0.016341 ; -0.0219686 ; 102.265;
15 ; 11 ; 28 ; 0.00484121 ; 0.0129351 ; -0.0255399 ; 102.567;
16 ; 11 ; 28 ; -0.00412274 ; 0.00555534 ; -0.00933219 ; 102.267;
17 ; 11 ; 28 ; 0.00860559 ; 0.0216472 ; -0.0205072 ; 102.481;
18 ; 11 ; 28 ; 0.00370889 ; 0.00576309 ; -0.0278712 ; 102.16;
19 ; 11 ; 28 ; 0.00552725 ; 0.0177963 ; -0.0175921 ; 102.756;
20 ; 11 ; 28 ; -0.00364189 ; 0.022896 ; -0.0267023 ; 101.974;
21 ; 11 ; 28 ; -0.00896593 ; 0.0303453 ; -0.0362763 ; 102.508;
22 ; 11 ; 28 ; -0.0161764 ; 0.00505534 ; -0.0395812 ; 102.643;
23 ; 11 ; 28 ; -0.0102126 ; 0.0072852 ; -0.0212631 ; 102.129;
24 ; 11 ; 28 ; -0.00222107 ; 0.00586409 ; -0.0310723 ; 102.587;
25 ; 11 ; 28 ; -0.0140862 ; 0.0121497 ; -0.026677 ; 103.139;
26 ; 11 ; 28 ; -0.0124788 ; 0.0146104 ; -0.0152118 ; 102.879;
27 ; 11 ; 28 ; -0.0139029 ; 0.0203058 ; -0.0143687 ; 102.727;
28 ; 11 ; 28 ; -0.022825 ; 0.0198167 ; -0.0158463 ; 103.073;
29 ; 11 ; 28 ; -0.0117879 ; 0.0163733 ; -0.0160505 ; 102.87;
30 ; 11 ; 28 ; -0.0168742 ; 0.0130404 ; -0.021105 ; 102.427;
31 ; 11 ; 28 ; -0.00827762 ; 0.0102558 ; -0.0128665 ; 102.686;
32 ; 11 ; 28 ; -0.00350825 ; 0.0118897 ; -0.0146799 ; 103.264;
33 ; 11 ; 28 ; 0.0016093 ; 0.00397329 ; -0.028572 ; 103.063;
4 ; 12 ; 28 ; -0.0003198 ; 0.00641767 ; -0.0289434 ; 102.599;
5 ; 12 ; 28 ; -0.00115147 ; 0.00362335 ; -0.0308022 ; 102.373;
6 ; 12 ; 28 ; 0.0138366 ; 0.0108459 ; -0.0165583 ; 102.927;
7 ; 12 ; 28 ; 0.0117304 ; -0.0158807 ; -0.00808975 ; 102.888;
8 ; 12 ; 28 ; 0.0252436 ; 0.000425343 ; -0.0133354 ; 103.018;
9 ; 12 ; 28 ; 0.0120576 ; 0.0103813 ; -0.0111775 ; 102.926;
10 ; 12 ; 28 ; 0.0148644 ; 0.0152949 ; -0.00983336 ; 102.909;
11 ; 12 ; 28 ; 0.0150554 ; 0.00219413 ; -0.0191873 ; 102.875;
12 ; 12 ; 28 ; -0.00547979 ; 0.00343322 ; -0.0222926 ; 102.502;
13 ; 12 ; 28 ; 0.00929187 ; -0.00623171 ; -0.0105631 ; 102.53;
14 ; 12 ; 28 ; -0.000465448 ; 0.00809453 ; -0.0183894 ; 102.477;
15 ; 12 ; 28 ; 0.00811146 ; 0.00394062 ; -0.0153032 ; 102.172;
16 ; 12 ; 28 ; 0.00138997 ; 0.00295194 ; -0.0240559 ; 102.363;
17 ; 12 ; 28 ; -0.00397287 ; 0.0204076 ; -0.0293746 ; 102.102;
18 ; 12 ; 28 ; 0.00697371 ; 0.0152654 ; -0.0244223 ; 102.216;
19 ; 12 ; 28 ; 0.0037515 ; 0.00263635 ; -0.0151646 ; 102.403;
20 ; 12 ; 28 ; -0.00127345 ; 0.0104296 ; -0.0294235 ; 102.235;
21 ; 12 ; 28 ; -0.00518944 ; 0.0178309 ; -0.029658 ; 102.449;
22 ; 12 ; 28 ; -0.0146399 ; 0.00910811 ; -0.0303858 ; 102.202;
23 ; 12 ; 28 ; -0.00280338 ; 0.0102827 ; -0.0325649 ; 102.286;
24 ; 12 ; 28 ; -0.00672708 ; 0.00101249 ; -0.0155096 ; 102.831;
25 ; 12 ; 28 ; -0.01363 ; 0.0288795 ; -0.0348557 ; 102.56;
26 ; 12 ; 28 ; -0.0150057 ; 0.00949171 ; -0.0285511 ; 102.343;
27 ; 12 ; 28 ; -0.018457 ; 0.0144079 ; -0.0324285 ; 102.801;
28 ; 12 ; 28 ; -0.0176142 ; 0.0108005 ; -0.0187125 ; 103.126;
29 ; 12 ; 28 ; -0.0145751 ; -0.005668 ; -0.0236889 ; 103.026;
30 ; 12 ; 28 ; -0.00304446 ; -0.0034694 ; -0.0270513 ; 102.883;
31 ; 12 ; 28 ; -0.00479247 ; -0.00552712 ; -0.0112206 ; 102.782;
32 ; 12 ; 28 ; 6.98588e-05 ; -0.00867717 ; -0.0209036 ; 102.283;
33 ; 12 ; 28 ; 0.000531077 ; 0.0178658 ; -0.0134911 ; 102.802;
4 ; 13 ; 28 ; -0.00120882 ; 0.00445737 ; -0.00764867 ; 103.162;
5 ; 13 ; 28 ; 0.0117224 ; -0.00123326 ; -0.0293223 ; 102.769;
6 ; 13 ; 28 ; 0.0101632 ; -0.00735271 ; -0.0195828 ; 103.216;
7 ; 13 ; 28 ; 0.0118867 ; 0.0187116 ; -0.0116594 ; 102.783;
8 ; 13 ; 28 ; 0.0141128 ; -0.00239005 ; -0.0178277 ; 102.881;
9 ; 13 ; 28 ; 0.0312856 ; 0.000644316 ; -0.0173484 ; 102.468;
10 ; 13 ; 28 ; 0.00824294 ; 0.00431989 ; -0.0125613 ; 102.275;
11 ; 13 ; 28 ; 0.0133973 ; 0.0119819 ; -0.0288201 ; 102.605;
12 ; 13 ; 28 ; 0.014186 ; 0.000101739 ; -0.0235732 ; 102.415;
13 ; 13 ; 28 ; 0.00973109 ; 0.0110217 ; -0.0176913 ; 102.617;
14 ; 13 ; 28 ; 0.0184913 ; 0.0139145 ; -0.031864 ; 102.094;
15 ; 13 ; 28 ; 0.011171 ; 0.0138409 ; -0.0319861 ; 101.92;
16 ; 13 ; 28 ; 0.00993244 ; -0.00170935 ; -0.019762 ; 102.693;
17 ; 13 ; 28 ; -0.00183927 ; 0.012897 ; -0.0277328 ; 101.655;
18 ; 13 ; 28 ; -0.00128651 ; 0.00800656 ; -0.0366004 ; 102.068;
19 ; 13 ; 28 ; 0.00422069 ; 0.0146337 ; -0.0234597 ; 102.412;
20 ; 13 ; 28 ; -0.00714998 ; 0.00566631 ; -0.0353482 ; 102.442;
21 ; 13 ; 28 ; 0.00875447 ; 0.000139196 ; -0.0277219 ; 102.655;
22 ; 13 ; 28 ; -0.0184869 ; 0.00263963 ; -0.0183575 ; 102.298;
23 ; 13 ; 28 ; -0.00848804 ; -0.00182923 ; -0.0215166 ; 102.557;
24 ; 13 ; 28 ; -0.0174951 ; 0.012069 ; -0.0323305 ; 102.221;
25 ; 13 ; 28 ; -0.0227057 ; 0.00793319 ; -0.0164181 ; 102.757;
26 ; 13 ; 28 ; -0.0232728 ; 0.0107583 ; -0.041249 ; 102.777;
27 ; 13 ; 28 ; -0.0338326 ; 0.0188931 ; -0.0118987 ; 102.713;
28 ; 13 ; 28 ; -0.0186004 ; 0.00657985 ; -0.0222902 ; 103.2;
29 ; 13 ; 28 ; -0.0235579 ; -0.00208201 ; -0.014755 ; 102.789;
30 ; 13 ; 28 ; -0.0120504 ; 0.0014011 ; -0.0108665 ; 102.398;
31 ; 13 ; 28 ; -0.0195596 ; 0.000421033 ; -0.0109198 ; 102.9;
32 ; 13 ; 28 ; -0.00589293 ; -0.00654099 ; -0.0125552 ; 102.931;
33 ; 13 ; 28 ; 0.00200803 ; 0.00770393 ; -0.0180659 ; 102.679;
4 ; 14 ; 28 ; 0.00722388 ; -0.00336606 ; -0.0202769 ; 102.287;
5 ; 14 ; 28 ; 0.0184359 ; -0.0128835 ; -0.0112557 ; 102.394;
6 ; 14 ; 28 ; 0.0190307 ; 0.00470414 ; -0.014353 ; 102.841;
7 ; 14 ; 28 ; 0.0150241 ; 0.00745088 ; -0.0257223 ; 102.518;
8 ; 14 ; 28 ; 0.0124022 ; 0.00920076 ; -0.0184833 ; 102.76;
9 ; 14 ; 28 ; 0.0231814 ; 0.0102906 ; -0.0198682 ; 102.445;
10 ; 14 ; 28 ; 0.0124168 ; 0.000128765 ; -0.0148671 ; 102.86;
11 ; 14 ; 28 ; 0.00808583 ; 0.00217304 ; -0.0211358 ; 102.659;
12 ; 14 ; 28 ; 0.00269149 ; 0.0121429 ; -0.0332444 ; 102.379;
13 ; 14 ; 28 ; 0.012578 ; -0.00149958 ; -0.0190614 ; 102.38;
14 ; 14 ; 28 ; 0.00383444 ; 0.00541148 ; -0.0202704 ; 101.968;
15 ; 14 ; 28 ; -0.0112431 ; -0.00517518 ; -0.0283159 ; 101.993;
16 ; 14 ; 28 ; 0.00841309 ; -0.00377515 ; -0.0260025 ; 101.863;
17 ; 14 ; 28 ; -0.00597479 ; -0.00248371 ; -0.0234017 ; 102.085;
18 ; 14 ; 28 ; -0.00349378 ; 0.0102764 ; -0.0292101 ; 102.266;
19 ; 14 ; 28 ; 0.00261601 ; 0.0156832 ; -0.0344128 ; 102.426;
20 ; 14 ; 28 ; -0.00111153 ; -0.0078478 ; -0.0105641 ; 102.003;
21 ; 14 ; 28 ; -0.00833589 ; 0.00103558 ; -0.0178104 ; 102.208;
22 ; 14 ; 28 ; -0.00960254 ; 0.0106717 ; -0.00929136 ; 102.451;
23 ; 14 ; 28 ; -0.00302499 ; 0.00103844 ; -0.0248333 ; 102.276;
24 ; 14 ; 28 ; -0.0223618 ; -0.00428518 ; -0.0234508 ; 102.025;
25 ; 14 ; 28 ; -0.00985441 ; 0.0079603 ; -0.0197215 ; 102.223;
26 ; 14 ; 28 ; -0.0212569 ; -0.00973423 ; -0.0154286 ; 102.422;
27 ; 14 ; 28 ; -0.00926482 ; 0.00577203 ; -0.0130369 ; 102.65;
28 ; 14 ; 28 ; -0.0182899 ; -0.00839636 ; -0.0222377 ; 102.224;
29 ; 14 ; 28 ; -0.00483757 ; 0.0106153 ; -0.0148467 ; 102.985;
30 ; 14 ; 28 ; -0.00719801 ; -0.00304744 ; -0.0117129 ; 102.26;
31 ; 14 ; 28 ; -0.016911 ; 0.000489888 ; -0.0108353 ; 102.718;
32 ; 14 ; 28 ; -0.0021779 ; -0.00104072 ; -0.0191943 ; 102.711;
33 ; 14 ; 28 ; 0.00430535 ; 0.0107503 ; -0.0287386 ; 102.609;
4 ; 15 ; 28 ; 0.0145509 ; -0.0141582 ; -0.0146428 ; 102.409;
5 ; 15 ; 28 ; 0.0136151 ; 0.00512231 ; -0.0196298 ; 102.495;
6 ; 15 ; 28 ; 0.00932254 ; -0.00311677 ; -0.0103512 ; 102.111;
7 ; 15 ; 28 ; 0.0113809 ; 0.00427626 ; -0.018367 ; 102.802;
8 ; 15 ; 28 ; 0.0186333 ; 0.00494282 ; -0.0195652 ; 102.628;
9 ; 15 ; 28 ; 0.00808014 ; 0.00429675 ; -0.0215571 ; 102.552;
10 ; 15 ; 28 ; 0.0201148 ; 0.00616647 ; -0.028866 ; 102.402;
11 ; 15 ; 28 ; 0.0144794 ; 0.00175187 ; -0.0233059 ; 102.74;
12 ; 15 ; 28 ; 0.021378 ; -0.000239081 ; -0.0176502 ; 102.221;
13 ; 15 ; 28 ; 0.0231642 ; -0.00576405 ; -0.0243927 ; 102.113;
14 ; 15 ; 28 ; 0.0109248 ; 0.00579139 ; -0.00812294 ; 102.656;
15 ; 15 ; 28 ; -0.0103217 ; -0.0140107 ; -0.0375822 ; 101.675;
16 ; 15 ; 28 ; -0.0178488 ; -0.00103952 ; -0.0320096 ; 102.095;
17 ; 15 ; 28 ; 0.00234198 ; 0.0100965 ; -0.0175603 ; 102.22;
18 ; 15 ; 28 ; 0.000298847 ; 0.0191529 ; -0.0337871 ; 102.167;
19 ; 15 ; 28 ; 0.00666993 ; 0.00665192 ; -0.0234569 ; 101.961;
20 ; 15 ; 28 ; -0.00340692 ; -7.04919e-05 ; -0.0297332 ; 102.375;
21 ; 15 ; 28 ; -0.00157191 ; 0.0121238 ; -0.0304481 ; 102.064;
22 ; 15 ; 28 ; -0.0123381 ; 0.0120902 ; -0.0264284 ; 102.04;
23 ; 15 ; 28 ; -0.00681494 ; 0.0119643 ; -0.0234469 ; 102.299;
24 ; 15 ; 28 ; -0.00397481 ; 0.00885924 ; -0.014026 ; 102.361;
25 ; 15 ; 28 ; -0.00733115 ; -0.0110832 ; -0.0254745 ; 102.624;
26 ; 15 ; 28 ; -0.021179 ; 0.00415375 ; -0.0311144 ; 102.368;
27 ; 15 ; 28 ; -0.0272275 ; -0.00206068 ; -0.0194744 ; 102.538;
28 ; 15 ; 28 ; -0.0197303 ; 0.0143595 ; -0.0211314 ; 102.587;
29 ; 15 ; 28 ; -0.0130332 ; 0.000703338 ; -0.01144 ; 102.942;
30 ; 15 ; 28 ; -0.0189808 ; -0.00128984 ; -0.00892635 ; 102.538;
31 ; 15 ; 28 ; -0.0110337 ; 0.00889516 ; -0.0246923 ; 102.152;
32 ; 15 ; 28 ; -0.00971299 ; -0.00912703 ; -0.0259369 ; 102.469;
33 ; 15 ; 28 ; -0.00107225 ; 0.00172029 ; -0.0187158 ; 102.5;
4 ; 16 ; 28 ; -0.0153889 ; 0.00288419 ; -0.00551895 ; 102.662;
5 ; 16 ; 28 ; 0.00566521 ; -0.00516307 ; -0.0337059 ; 102.445;
6 ; 16 ; 28 ; 0.00798771 ; 0.0121238 ; -0.0162158 ; 102.644;
7 ; 16 ; 28 ; 0.0177666 ; 0.00543417 ; -0.0109563 ; 102.709;
8 ; 16 ; 28 ; 0.0237671 ; 0.00884423 ; -0.0290095 ; 102.055;
9 ; 16 ; 28 ; 0.0144217 ; 0.0183184 ; -0.0204283 ; 102.256;
10 ; 16 ; 28 ; 0.0240363 ; -0.000274895 ; -0.0240585 ; 102.202;
11 ; 16 ; 28 ; 0.0184367 ; -0.00853167 ; -0.00141939 ; 102.276;
12 ; 16 ; 28 ; 0.00745886 ; 0.000303487 ; -0.0218531 ; 102.543;
13 ; 16 ; 28 ; 0.00993101 ; -0.000611589 ; -0.0287744 ; 102.027;
14 ; 16 ; 28 ; 0.00638167 ; 0.00203705 ; -0.0281958 ; 102.287;
15 ; 16 ; 28 ; 0.00450912 ; -0.0062637 ; -0.0207289 ; 101.998;
16 ; 16 ; 28 ; 0.00558518 ; 0.00896721 ; -0.0178583 ; 101.928;
17 ; 16 ; 28 ; 0.0086717 ; 0.00429926 ; -0.013781 ; 101.57;
18 ; 16 ; 28 ; 0.00117321 ; -0.00418045 ; -0.0316572 ; 102.177;
19 ; 16 ; 28 ; -0.00716039 ; 0.00528621 ; -0.0208989 ; 101.995;
20 ; 16 ; 28 ; 0.00967239 ; -0.0040888 ; -0.034029 ; 102.21;
21 ; 16 ; 28 ; -0.00733791 ; 0.0101242 ; -0.0336508 ; 101.819;
22 ; 16 ; 28 ; 0.00624148 ; 0.00418454 ; -0.0198372 ; 102.467;
23 ; 16 ; 28 ; 0.00517179 ; 0.00770456 ; -0.0244726 ; 102.207;
24 ; 16 ; 28 ; -0.0107158 ; -0.0133991 ; -0.0231543 ; 101.97;
25 ; 16 ; 28 ; -0.00621326 ; 0.00313273 ; -0.0104353 ; 102.317;
26 ; 16 ; 28 ; -0.0285468 ; 0.00188962 ; -0.0273014 ; 101.932;
27 ; 16 ; 28 ; -0.0254922 ; -0.00330706 ; -0.0243043 ; 102.491;
28 ; 16 ; 28 ; -0.0126247 ; -0.00417309 ; -0.0117344 ; 103.078;
29 ; 16 ; 28 ; -0.0402153 ; -0.000182651 ; -0.0276491 ; 102.114;
30 ; 16 ; 28 ; -0.0184914 ; 0.00189527 ; -0.0151355 ; 102.418;
31 ; 16 ; 28 ; -0.0233219 ; -0.0138818 ; -0.0183328 ; 102.538;
32 ; 16 ; 28 ; -0.0131164 ; -0.00899897 ; -0.0231473 ; 102.863;
33 ; 16 ; 28 ; -0.0122158 ; 0.00157811 ; -0.0205772 ; 102.62;
4 ; 17 ; 28 ; -0.0116115 ; -0.00688984 ; -0.00718843 ; 102.22;
5 ; 17 ; 28 ; 0.00897039 ; -0.000765009 ; -0.0197737 ; 102.812;
6 ; 17 ; 28 ; 0.0282798 ; 0.00947579 ; -0.0226036 ; 102.585;
7 ; 17 ; 28 ; 0.016819 ; 0.0126758 ; -0.0226248 ; 102.594;
8 ; 17 ; 28 ; 0.0195454 ; -0.00284947 ; -0.00929772 ; 102.337;
9 ; 17 ; 28 ; 0.00528616 ; 0.00088715 ; -0.0302942 ; 102.309;
10 ; 17 ; 28 ; 0.0127599 ; 0.00220432 ; -0.0287066 ; 102.897;
11 ; 17 ; 28 ; 0.0200924 ; 0.00898951 ; -0.0303258 ; 102.474;
12 ; 17 ; 28 ; 0.0116753 ; -0.015137 ; -0.0180559 ; 102.254;
13 ; 17 ; 28 ; -0.00773676 ; 0.00715728 ; -0.019707 ; 102.114;
14 ; 17 ; 28 ; -0.00238306 ; 0.00236718 ; -0.0212037 ; 102.078;
15 ; 17 ; 28 ; 0.0117666 ; -0.00682822 ; -0.0246611 ; 102.053;
16 ; 17 ; 28 ; 0.00905795 ; -0.000887231 ; -0.0174967 ; 102.16;
17 ; 17 ; 28 ; -0.00753628 ; 0.00321527 ; -0.0310655 ; 102.131;
18 ; 17 ; 28 ; 0.00369748 ; -0.00118464 ; -0.0215842 ; 102.088;
19 ; 17 ; 28 ; 0.00373672 ; -0.00271294 ; -0.0295142 ; 102.731;
20 ; 17 ; 28 ; -0.0184513 ; 0.00548913 ; -0.0250804 ; 102.207;
21 ; 17 ; 28 ; -0.00902117 ; -0.00121466 ; -0.0128534 ; 102.002;
22 ; 17 ; 28 ; -0.000801653 ; -0.00589181 ; -0.0271229 ; 101.996;
23 ; 17 ; 28 ; 0.0108692 ; 0.00694772 ; -0.0402244 ; 101.677;
24 ; 17 ; 28 ; -0.0178456 ; -0.00547137 ; -0.0259178 ; 102.355;
25 ; 17 ; 28 ; -0.027968 ; 0.00175578 ; -0.0280329 ; 102.314;
26 ; 17 ; 28 ; -0.0219186 ; 0.00599595 ; -0.0253533 ; 102.31;
27 ; 17 ; 28 ; -0.0261562 ; -0.00046841 ; -0.0247719 ; 102.251;
28 ; 17 ; 28 ; -0.0190395 ; -0.0126462 ; -0.0263706 ; 102.24;
29 ; 17 ; 28 ; -0.0224207 ; -0.0130075 ; -0.017621 ; 102.748;
30 ; 17 ; 28 ; -0.0158697 ; -0.000291059 ; -0.0232957 ; 102.39;
31 ; 17 ; 28 ; -0.0118524 ; 0.00115953 ; -0.0186935 ; 102.432;
32 ; 17 ; 28 ; -0.0157898 ; 0.00365198 ; -0.0242015 ; 102.564;
33 ; 17 ; 28 ; -0.011518 ; 0.00532139 ; -0.020108 ; 101.939;
4 ; 18 ; 28 ; -0.00433814 ; -0.0118661 ; -0.0105959 ; 102.235;
5 ; 18 ; 28 ; 0.00308954 ; 0.018775 ; -0.0222282 ; 102.219;
6 ; 18 ; 28 ; 0.00726757 ; 0.00057494 ; -0.0192139 ; 102.414;
7 ; 18 ; 28 ; 0.008383 ; 0.00727892 ; -0.0058896 ; 102.497;
8 ; 18 ; 28 ; 0.019557 ; -0.00347121 ; -0.00323512 ; 101.904;
9 ; 18 ; 28 ; 0.024969 ; -0.00374894 ; -0.0230503 ; 102.587;
10 ; 18 ; 28 ; 0.0247377 ; 0.00658244 ; -0.0126617 ; 102.094;
11 ; 18 ; 28 ; 0.0228325 ; -0.0093455 ; -0.0222748 ; 102.313;
12 ; 18 ; 28 ; 0.032437 ; -0.00930283 ; -0.0253209 ; 102.103;
13 ; 18 ; 28 ; 0.0182229 ; -0.015059 ; -0.0159826 ; 101.875;
14 ; 18 ; 28 ; 0.0159322 ; 0.009618 ; -0.0177028 ; 102.242;
15 ; 18 ; 28 ; -0.000500315 ; 0.0025461 ; -0.026322 ; 102.26;
16 ; 18 ; 28 ; 0.00346297 ; -0.010287 ; -0.0143427 ; 102.059;
17 ; 18 ; 28 ; 0.0061566 ; 0.0133129 ; -0.0172082 ; 102.206;
18 ; 18 ; 28 ; 0.00869776 ; 0.00321733 ; -0.0282611 ; 102.1;
19 ; 18 ; 28 ; 0.0124296 ; -0.0068455 ; -0.0084704 ; 101.932;
20 ; 18 ; 28 ; 0.00330843 ; -0.0027738 ; -0.028321 ; 101.797;
21 ; 18 ; 28 ; 0.00990979 ; 0.00638262 ; -0.0306815 ; 101.77;
22 ; 18 ; 28 ; -0.00323902 ; 0.00131373 ; -0.0196919 ; 102.02;
23 ; 18 ; 28 ; 0.00293279 ; -0.00621162 ; -0.0239286 ; 102.308;
24 ; 18 ; 28 ; -0.0082543 ; 0.0106695 ; -0.0228012 ; 102.091;
25 ; 18 ; 28 ; -0.0224465 ; 0.00376115 ; -0.0118467 ; 102.198;
26 ; 18 ; 28 ; -0.0129066 ; -0.00298752 ; -0.0237339 ; 102.441;
27 ; 18 ; 28 ; -0.013061 ; 0.00333581 ; -0.0208753 ; 102.501;
28 ; 18 ; 28 ; -0.0164283 ; -0.00654127 ; -0.0286837 ; 102.244;
29 ; 18 ; 28 ; -0.0087899 ; 0.00658602 ; -0.0202487 ; 102.36;
30 ; 18 ; 28 ; -0.0122384 ; 0.0051042 ; -0.0140536 ; 102.685;
31 ; 18 ; 28 ; -0.0135514 ; 0.00142825 ; -0.04411 ; 102.23;
32 ; 18 ; 28 ; -0.0176013 ; 0.00292843 ; -0.00502714 ; 102.788;
33 ; 18 ; 28 ; -0.0107975 ; 0.00877136 ; -0.0142599 ; 101.617;
4 ; 19 ; 28 ; 0.008 ; -0.00950678 ; -0.0159868 ; 102.409;
5 ; 19 ; 28 ; 0.00764947 ; -0.00348629 ; -0.0265019 ; 102.354;
6 ; 19 ; 28 ; 0.0088071 ; 0.00396215 ; -0.0205659 ; 102.291;
7 ; 19 ; 28 ; 0.0100234 ; 0.00493993 ; -0.017488 ; 102.681;
8 ; 19 ; 28 ; 0.0170699 ; 0.011342 ; -0.0268024 ; 102.793;
9 ; 19 ; 28 ; 0.017898 ; -0.0048481 ; -0.0235501 ; 102.679;
10 ; 19 ; 28 ; 0.0186021 ; 0.0049459 ; -0.0179038 ; 102.53;
11 ; 19 ; 28 ; 0.018337 ; -0.00686489 ; -0.0203042 ; 102.211;
12 ; 19 ; 28 ; 0.0302199 ; 0.000934208 ; -0.0304966 ; 102.05;
13 ; 19 ; 28 ; 0.00346666 ; -0.00621849 ; -0.0184502 ; 102.205;
14 ; 19 ; 28 ; 0.00157413 ; 0.00236252 ; -0.0377064 ; 102.641;
15 ; 19 ; 28 ; 0.00942175 ; -0.000858338 ; -0.0180974 ; 102.485;
16 ; 19 ; 28 ; -0.000355866 ; -0.00712051 ; -0.022509 ; 101.855;
17 ; 19 ; 28 ; -0.000911558 ; -0.0019662 ; -0.0186864 ; 101.492;
18 ; 19 ; 28 ; 0.00173314 ; -0.00443659 ; -0.0353586 ; 102.349;
19 ; 19 ; 28 ; -0.000320358 ; 0.0185518 ; -0.0205843 ; 102.161;
20 ; 19 ; 28 ; 0.00345969 ; 0.00349669 ; -0.0237475 ; 102.327;
21 ; 19 ; 28 ; 0.00166297 ; 0.00652011 ; -0.021209 ; 101.671;
22 ; 19 ; 28 ; -0.0100112 ; 0.00772485 ; -0.0110237 ; 101.952;
23 ; 19 ; 28 ; -0.0150245 ; -0.0153582 ; -0.0315868 ; 102.419;
24 ; 19 ; 28 ; -0.0159435 ; -0.00913924 ; -0.0250424 ; 102.608;
25 ; 19 ; 28 ; -0.0159415 ; -0.00527051 ; -0.0388312 ; 102.347;
26 ; 19 ; 28 ; -0.0139429 ; 0.000335399 ; -0.0199184 ; 101.868;
27 ; 19 ; 28 ; -0.012583 ; -0.0123619 ; -0.0165278 ; 102.698;
28 ; 19 ; 28 ; -0.010947 ; 0.000904204 ; -0.0115768 ; 102.27;
29 ; 19 ; 28 ; -0.0195976 ; 0.00487958 ; -0.0228204 ; 102.198;
30 ; 19 ; 28 ; -0.0361862 ; 0.00746172 ; -0.0280989 ; 102.185;
31 ; 19 ; 28 ; -0.0229705 ; 0.00567948 ; -0.0288064 ; 102.259;
32 ; 19 ; 28 ; -0.0117365 ; -0.00582083 ; -0.026427 ; 102.398;
33 ; 19 ; 28 ; -0.00438373 ; 0.0031805 ; -0.0295035 ; 102.107;
4 ; 20 ; 28 ; 0.00678773 ; -0.00198862 ; -0.010469 ; 102.298;
5 ; 20 ; 28 ; 0.00660089 ; 0.00750772 ; -0.016946 ; 102.472;
6 ; 20 ; 28 ; 0.0232441 ; 0.00906315 ; -0.00831173 ; 102.578;
7 ; 20 ; 28 ; 0.011906 ; -0.00941162 ; -0.0178492 ; 102.771;
8 ; 20 ; 28 ; 0.0190284 ; 0.010976 ; -0.0103437 ; 102.375;
9 ; 20 ; 28 ; 0.0186803 ; -0.0110582 ; -0.00805328 ; 102.423;
10 ; 20 ; 28 ; 0.0153026 ; -0.00517707 ; -0.0126116 ; 102.542;
11 ; 20 ; 28 ; 0.0230852 ; -0.000538019 ; -0.0237441 ; 102.186;
12 ; 20 ; 28 ; -0.00430121 ; -0.00161323 ; -0.0292436 ; 101.976;
13 ; 20 ; 28 ; 0.0136187 ; 0.00102184 ; -0.0258574 ; 101.843;
14 ; 20 ; 28 ; 0.00792192 ; 0.00316476 ; -0.0301748 ; 102.136;
15 ; 20 ; 28 ; 0.011035 ; 0.00825345 ; -0.0234864 ; 102.056;
16 ; 20 ; 28 ; 0.00768134 ; -0.00261417 ; -0.034708 ; 102.167;
17 ; 20 ; 28 ; 0.00924684 ; 0.000957643 ; -0.0412445 ; 102.089;
18 ; 20 ; 28 ; 0.00751501 ; -0.00241213 ; -0.0282791 ; 102.299;
19 ; 20 ; 28 ; 0.0021348 ; 0.00783077 ; -0.0185322 ; 102.062;
20 ; 20 ; 28 ; 0.00408763 ; -0.00688937 ; -0.0299091 ; 102.097;
21 ; 20 ; 28 ; 0.000531379 ; 0.0131578 ; -0.0131909 ; 102.102;
22 ; 20 ; 28 ; 0.013569 ; 0.00443642 ; -0.0236894 ; 101.646;
23 ; 20 ; 28 ; -0.0126503 ; 0.00228427 ; -0.0329517 ; 102.211;
24 ; 20 ; 28 ; -0.00998597 ; -0.00326142 ; -0.0238515 ; 101.814;
25 ; 20 ; 28 ; -0.0192991 ; -8.19284e-05 ; -0.0278042 ; 102.699;
26 ; 20 ; 28 ; -0.0186202 ; -0.0111051 ; -0.017955 ; 102.329;
27 ; 20 ; 28 ; -0.0123397 ; 0.0107286 ; -0.0180263 ; 102.705;
28 ; 20 ; 28 ; -0.0250119 ; -0.00111927 ; -0.0123952 ; 102.294;
29 ; 20 ; 28 ; -0.0117518 ; -0.00109046 ; -0.0216812 ; 102.554;
30 ; 20 ; 28 ; -0.0156797 ; -0.00929106 ; -0.0114706 ; 102.106;
31 ; 20 ; 28 ; -0.0170826 ; -0.01959 ; -0.0233377 ; 102.387;
32 ; 20 ; 28 ; 0.00143993 ; 0.00199179 ; -0.0169151 ; 102.652;
33 ; 20 ; 28 ; -0.0114777 ; 0.00212069 ; -0.028214 ; 102.402;
4 ; 21 ; 28 ; 0.00371748 ; 0.0142866 ; -0.0222711 ; 102.686;
5 ; 21 ; 28 ; 0.00676511 ; 0.00314377 ; -0.0224376 ; 102.488;
6 ; 21 ; 28 ; -0.00157352 ; 0.00621179 ; -0.0118847 ; 102.765;
7 ; 21 ; 28 ; 0.0143285 ; 0.00193376 ; -0.0164261 ; 102.333;
8 ; 21 ; 28 ; 0.010114 ; -0.0114675 ; -0.0101106 ; 102.876;
9 ; 21 ; 28 ; 0.0279112 ; -0.00716923 ; -0.0118115 ; 102.754;
10 ; 21 ; 28 ; 0.0238644 ; 0.00197096 ; -0.032656 ; 102.472;
11 ; 21 ; 28 ; 0.0253534 ; 0.00736677 ; -0.0243927 ; 102.383;
12 ; 21 ; 28 ; 0.0145819 ; 0.0119062 ; -0.0354096 ; 101.824;
13 ; 21 ; 28 ; 0.0080114 ; -0.00377889 ; -0.0188273 ; 102.454;
14 ; 21 ; 28 ; 0.00608381 ; -0.00192876 ; -0.0174456 ; 101.717;
15 ; 21 ; 28 ; -0.00171704 ; -0.0103359 ; -0.0280734 ; 102.012;
16 ; 21 ; 28 ; -0.00534326 ; -0.00949218 ; -0.0360726 ; 101.904;
17 ; 21 ; 28 ; -0.0131077 ; -0.00145079 ; -0.0235059 ; 102.035;
18 ; 21 ; 28 ; 0.00935288 ; -0.0039403 ; -0.0253379 ; 102.104;
19 ; 21 ; 28 ; 0.00178854 ; 0.000148818 ; -0.0228458 ; 102.362;
20 ; 21 ; 28 ; 0.0052824 ; 0.00137625 ; -0.0196656 ; 102.465;
21 ; 21 ; 28 ; -0.000810568 ; -0.00880025 ; -0.0332579 ; 101.974;
22 ; 21 ; 28 ; -0.00152888 ; -0.00289399 ; -0.0163572 ; 102.082;
23 ; 21 ; 28 ; -0.00638135 ; 0.0165132 ; -0.0233905 ; 102.222;
24 ; 21 ; 28 ; 0.00607142 ; -0.00400021 ; -0.0443623 ; 102.192;
25 ; 21 ; 28 ; -0.0221336 ; 0.000518977 ; -0.0387206 ; 102.095;
26 ; 21 ; 28 ; -0.00671411 ; 0.00876283 ; -0.035062 ; 103.064;
27 ; 21 ; 28 ; -0.0213517 ; 0.00564241 ; -0.0204632 ; 102.488;
28 ; 21 ; 28 ; -0.0273735 ; 0.0165644 ; -0.0084588 ; 102.887;
29 ; 21 ; 28 ; -0.0144675 ; 0.011443 ; -0.0235482 ; 102.649;
30 ; 21 ; 28 ; -0.0165764 ; 0.000203445 ; -0.0142302 ; 102.454;
31 ; 21 ; 28 ; -0.00330775 ; -0.00882175 ; -0.0228215 ; 102.256;
32 ; 21 ; 28 ; -0.0126321 ; 0.00108841 ; -0.0210752 ; 102.14;
33 ; 21 ; 28 ; -0.0169109 ; 0.00837176 ; -0.0263516 ; 102.666;
4 ; 22 ; 28 ; 0.00270245 ; 0.00169484 ; -0.0196495 ; 102.442;
5 ; 22 ; 28 ; -0.00500293 ; -0.00753556 ; -0.0125003 ; 102.813;
6 ; 22 ; 28 ; 0.0093404 ; -0.0101004 ; -0.0199136 ; 102.702;
7 ; 22 ; 28 ; 0.0125388 ; -0.00638969 ; -0.0170101 ; 102.334;
8 ; 22 ; 28 ; 0.0205788 ; -0.0152287 ; -0.022922 ; 103.019;
9 ; 22 ; 28 ; 0.0142363 ; 0.00379015 ; -0.0217083 ; 102.308;
10 ; 22 ; 28 ; 0.0153385 ; -0.00779889 ; -0.0244584 ; 102.773;
11 ; 22 ; 28 ; 0.0105034 ; -0.00871708 ; -0.027752 ; 102.558;
12 ; 22 ; 28 ; 0.0177748 ; -0.00124528 ; -0.0224175 ; 102.173;
13 ; 22 ; 28 ; 0.0169721 ; -0.00161608 ; -0.0273462 ; 102.174;
14 ; 22 ; 28 ; 0.00774665 ; -0.000253537 ; -0.0258927 ; 102.039;
15 ; 22 ; 28 ; 0.00178502 ; 0.00613824 ; -0.0319326 ; 102.382;
16 ; 22 ; 28 ; -0.00390314 ; -0.00103568 ; -0.0157052 ; 101.884;
17 ; 22 ; 28 ; 0.00132335 ; -0.0081068 ; -0.0161578 ; 101.622;
18 ; 22 ; 28 ; 0.00190336 ; -0.00557286 ; -0.0210282 ; 102.188;
19 ; 22 ; 28 ; 0.0118322 ; -0.00846831 ; -0.0282099 ; 102.17;
20 ; 22 ; 28 ; 0.00951941 ; -0.00757587 ; -0.0319715 ; 102.307;
21 ; 22 ; 28 ; 0.00360136 ; -0.0100439 ; -0.0250026 ; 102.208;
22 ; 22 ; 28 ; -0.00833033 ; -0.00721262 ; -0.0417338 ; 101.992;
23 ; 22 ; 28 ; 0.00387081 ; 0.00200753 ; -0.026316 ; 101.848;
24 ; 22 ; 28 ; -0.0104214 ; -0.000907233 ; -0.0323153 ; 102.255;
25 ; 22 ; 28 ; -0.00930912 ; 0.00116287 ; -0.0190708 ; 102.363;
26 ; 22 ; 28 ; -0.0193489 ; 0.0024312 ; -0.0416699 ; 102.551;
27 ; 22 ; 28 ; -0.0127074 ; 0.00869994 ; -0.0243855 ; 102.212;
28 ; 22 ; 28 ; -0.0254009 ; 0.00144822 ; -0.00926751 ; 102.883;
29 ; 22 ; 28 ; -0.0119699 ; -0.00377872 ; -0.0112846 ; 102.565;
30 ; 22 ; 28 ; -0.0128443 ; -0.00563976 ; -0.0271499 ; 102.524;
31 ; 22 ; 28 ; -0.00688406 ; -0.00633081 ; -0.0188832 ; 102.929;
32 ; 22 ; 28 ; -0.00508842 ; -0.00446676 ; -0.0146142 ; 103.03;
33 ; 22 ; 28 ; 0.00131572 ; -0.0111889 ; -0.0196756 ; 102.579;
4 ; 23 ; 28 ; -0.00195603 ; -0.0062982 ; -0.00976269 ; 102.448;
5 ; 23 ; 28 ; 0.00691164 ; -0.0110205 ; -0.017651 ; 102.884;
6 ; 23 ; 28 ; 0.0195402 ; -0.0031067 ; -0.0178063 ; 102.768;
7 ; 23 ; 28 ; 0.00807293 ; -0.0126105 ; -0.0151852 ; 102.58;
8 ; 23 ; 28 ; 0.021597 ; -0.00124683 ; -0.0113841 ; 102.759;
9 ; 23 ; 28 ; 0.0108698 ; 0.00740208 ; -0.0146326 ; 102.41;
10 ; 23 ; 28 ; 0.00718371 ; -0.00657296 ; -0.019213 ; 102.594;
11 ; 23 ; 28 ; 0.0161401 ; -0.0209681 ; -0.0190148 ; 102.586;
12 ; 23 ; 28 ; 0.018223 ; -0.00304332 ; -0.0303549 ; 102.689;
13 ; 23 ; 28 ; 0.0192791 ; 0.00214865 ; -0.0306788 ; 102.371;
14 ; 23 ; 28 ; 0.0126462 ; -0.0198236 ; -0.00612867 ; 101.838;
15 ; 23 ; 28 ; 0.00499707 ; -0.00472591 ; -0.0196028 ; 102.156;
16 ; 23 ; 28 ; 0.00714383 ; -0.0116453 ; -0.0138538 ; 102.517;
17 ; 23 ; 28 ; 0.0138863 ; 0.00701335 ; -0.0264274 ; 102.285;
18 ; 23 ; 28 ; 0.000493251 ; -0.0078618 ; -0.030026 ; 102.195;
19 ; 23 ; 28 ; -0.00418022 ; 0.00546513 ; -0.0298475 ; 101.743;
20 ; 23 ; 28 ; -0.000798446 ; -0.0166826 ; -0.0317375 ; 102.631;
21 ; 23 ; 28 ; -0.00763848 ; -0.00684819 ; -0.0378557 ; 102.196;
22 ; 23 ; 28 ; 0.00128554 ; -0.00723984 ; -0.0407746 ; 102.256;
23 ; 23 ; 28 ; -0.0140646 ; -0.0214102 ; -0.0236683 ; 101.803;
24 ; 23 ; 28 ; -0.00612049 ; -0.00414237 ; -0.025279 ; 101.985;
25 ; 23 ; 28 ; -0.0127817 ; -0.00520808 ; -0.0239393 ; 102.875;
26 ; 23 ; 28 ; -0.00639535 ; -0.00548317 ; -0.0163003 ; 102.675;
27 ; 23 ; 28 ; -0.0155327 ; 0.00333801 ; -0.0121691 ; 102.218;
28 ; 23 ; 28 ; -0.00964804 ; -0.00369292 ; -0.0176242 ; 102.553;
29 ; 23 ; 28 ; -0.0321061 ; 0.00540069 ; -0.0157003 ; 102.765;
30 ; 23 ; 28 ; -0.00635946 ; -0.00762841 ; -0.0192334 ; 102.434;
31 ; 23 ; 28 ; -0.00626277 ; -0.00535335 ; -0.0162073 ; 102.218;
32 ; 23 ; 28 ; -0.015598 ; 0.00159799 ; -0.03475 ; 102.544;
33 ; 23 ; 28 ; -0.0188207 ; -0.00149891 ; -0.0165624 ; 102.848;
4 ; 24 ; 28 ; 0.0127101 ; 0.0074113 ; -0.0121748 ; 103.024;
5 ; 24 ; 28 ; 0.00544469 ; 0.00863405 ; -0.0110079 ; 102.797;
6 ; 24 ; 28 ; 0.0110544 ; -0.00212597 ; -0.0258485 ; 102.924;
7 ; 24 ; 28 ; 0.0152862 ; -0.00449066 ; -0.0266577 ; 102.752;
8 ; 24 ; 28 ; 0.00864 ; -0.0164043 ; -0.0110795 ; 102.827;
9 ; 24 ; 28 ; 0.0136154 ; 0.00148171 ; -0.0101192 ; 102.373;
10 ; 24 ; 28 ; 0.0185145 ; -0.005337 ; -0.0228209 ; 102.877;
11 ; 24 ; 28 ; 0.0168888 ; -0.00379363 ; -0.0207999 ; 102.611;
12 ; 24 ; 28 ; 0.00372846 ; -0.0094487 ; -0.0275612 ; 102.688;
13 ; 24 ; 28 ; 0.00759765 ; 0.00159491 ; -0.0170352 ; 102.638;
14 ; 24 ; 28 ; 0.0070299 ; -0.0201865 ; -0.030721 ; 101.999;
15 ; 24 ; 28 ; 0.00313445 ; -0.0120512 ; -0.0180195 ; 101.856;
16 ; 24 ; 28 ; 0.00365341 ; -0.0176969 ; -0.0313581 ; 102.269;
17 ; 24 ; 28 ; 0.0065681 ; -0.00193342 ; -0.0264187 ; 101.916;
18 ; 24 ; 28 ; -0.0162209 ; -0.00194269 ; -0.0188919 ; 101.916;
19 ; 24 ; 28 ; -0.00834518 ; -0.00806418 ; -0.0229522 ; 102.433;
20 ; 24 ; 28 ; 0.00834876 ; -0.00915912 ; -0.0220319 ; 102.342;
21 ; 24 ; 28 ; -0.00622449 ; -0.00657164 ; -0.0405661 ; 101.928;
22 ; 24 ; 28 ; 0.00043837 ; -0.00749648 ; -0.025087 ; 102.527;
23 ; 24 ; 28 ; 0.00942818 ; -0.0160077 ; -0.030353 ; 102.535;
24 ; 24 ; 28 ; -0.0046287 ; -0.0120668 ; -0.0231985 ; 102.038;
25 ; 24 ; 28 ; -0.0105187 ; -0.0168418 ; -0.0299048 ; 102.375;
26 ; 24 ; 28 ; -0.00546569 ; -0.00940666 ; -0.0234827 ; 102.457;
27 ; 24 ; 28 ; -0.00999889 ; -0.00719565 ; -0.0144184 ; 103.037;
28 ; 24 ; 28 ; -0.0226657 ; 0.00128448 ; -0.0224769 ; 102.565;
29 ; 24 ; 28 ; -0.0239374 ; -0.0118968 ; -0.0174211 ; 102.505;
30 ; 24 ; 28 ; -0.0244573 ; -0.00304963 ; -0.0154619 ; 102.884;
31 ; 24 ; 28 ; -0.0203793 ; 9.25207e-06 ; -0.0175221 ; 102.835;
32 ; 24 ; 28 ; -0.00294633 ; -0.0108692 ; -0.0186934 ; 102.373;
33 ; 24 ; 28 ; -0.000837291 ; -0.00106591 ; -0.0225465 ; 102.67;
4 ; 25 ; 28 ; 0.000752401 ; -0.00113711 ; -0.0250083 ; 102.946;
5 ; 25 ; 28 ; -0.000716859 ; -0.00456726 ; -0.0210602 ; 102.78;
6 ; 25 ; 28 ; 0.0238354 ; 0.00683843 ; -0.0157139 ; 102.695;
7 ; 25 ; 28 ; 0.0173583 ; -0.00874761 ; -0.0166195 ; 102.599;
8 ; 25 ; 28 ; 0.0101066 ; -0.00728948 ; -0.0182414 ; 102.605;
9 ; 25 ; 28 ; 0.019115 ; -0.0175952 ; -0.0190202 ; 102.864;
10 ; 25 ; 28 ; 0.00844491 ; -0.0122315 ; -0.0240598 ; 102.423;
11 ; 25 ; 28 ; 0.015699 ; -0.0141784 ; -0.0139223 ; 103.049;
12 ; 25 ; 28 ; 0.0124293 ; -0.00867777 ; -0.0124027 ; 102.242;
13 ; 25 ; 28 ; 0.00749912 ; -0.00447779 ; -0.0182805 ; 103.162;
14 ; 25 ; 28 ; 0.00745374 ; -0.0272157 ; -0.0240926 ; 101.901;
15 ; 25 ; 28 ; 0.00678116 ; -0.0179913 ; -0.0155001 ; 102.601;
16 ; 25 ; 28 ; -0.00453255 ; -0.0146485 ; -0.0338611 ; 102.065;
17 ; 25 ; 28 ; -0.000153481 ; -0.00436553 ; -0.027093 ; 102.044;
18 ; 25 ; 28 ; -0.00876413 ; -0.00948147 ; -0.0178537 ; 102.355;
19 ; 25 ; 28 ; 0.00269977 ; -0.0146374 ; -0.0158161 ; 102.191;
20 ; 25 ; 28 ; -0.0009588 ; -0.0183414 ; -0.0283029 ; 102.657;
21 ; 25 ; 28 ; 0.00361197 ; -0.0164942 ; -0.0165474 ; 102.463;
22 ; 25 ; 28 ; -0.00325996 ; -0.0135907 ; -0.0248104 ; 102.256;
23 ; 25 ; 28 ; 0.00332553 ; -0.00982953 ; -0.019359 ; 102.392;
24 ; 25 ; 28 ; -0.000516924 ; -0.00817691 ; -0.0129429 ; 102.182;
25 ; 25 ; 28 ; -0.0155615 ; -0.0137429 ; -0.0144305 ; 102.596;
26 ; 25 ; 28 ; -0.0193543 ; -0.0081143 ; -0.0211142 ; 102.716;
27 ; 25 ; 28 ; -0.0133161 ; -0.00946743 ; -0.0149089 ; 102.75;
28 ; 25 ; 28 ; -0.017521 ; -0.0117447 ; -0.00922535 ; 102.764;
29 ; 25 ; 28 ; -0.0286297 ; -0.0133823 ; -0.013648 ; 102.728;
30 ; 25 ; 28 ; -0.0141593 ; -0.00494661 ; -0.0207502 ; 102.774;
31 ; 25 ; 28 ; -0.00546242 ; -0.0160751 ; -0.0183244 ; 102.665;
32 ; 25 ; 28 ; -0.00609214 ; -0.00404409 ; -0.0109224 ; 102.262;
33 ; 25 ; 28 ; -0.00907044 ; -0.0106416 ; -0.0110858 ; 102.472;
4 ; 26 ; 28 ; 0.00585484 ; -0.0207877 ; -0.0233057 ; 102.436;
5 ; 26 ; 28 ; 0.00847384 ; -0.00640692 ; -0.0122754 ; 102.639;
6 ; 26 ; 28 ; 0.0211493 ; 5.32928e-06 ; -0.0165531 ; 102.562;
7 ; 26 ; 28 ; 0.00532855 ; -0.00166519 ; -0.0123338 ; 103.077;
8 ; 26 ; 28 ; 0.0128457 ; -0.0105247 ; -0.0158243 ; 102.915;
9 ; 26 ; 28 ; 0.0124367 ; -0.0182076 ; -0.0127396 ; 102.914;
10 ; 26 ; 28 ; 0.0226362 ; -0.00973129 ; -0.0254327 ; 102.884;
11 ; 26 ; 28 ; 0.00578761 ; -0.0253906 ; -0.017147 ; 102.61;
12 ; 26 ; 28 ; 0.0123164 ; -0.00580708 ; -0.0160015 ; 102.959;
13 ; 26 ; 28 ; 0.00876041 ; -0.0233592 ; -0.0262447 ; 102.898;
14 ; 26 ; 28 ; 0.0119235 ; -0.0194909 ; -0.0192952 ; 102.741;
15 ; 26 ; 28 ; -0.00423085 ; -0.0277497 ; -0.0283019 ; 102.578;
16 ; 26 ; 28 ; 0.0146741 ; -0.0158735 ; -0.0338518 ; 102.411;
17 ; 26 ; 28 ; -0.00274971 ; -0.0075471 ; -0.0177329 ; 102.283;
18 ; 26 ; 28 ; -0.0134171 ; -0.0283585 ; -0.0220087 ; 102.261;
19 ; 26 ; 28 ; 0.0022989 ; -0.0271349 ; -0.0264094 ; 102.255;
20 ; 26 ; 28 ; -0.00476744 ; -0.0340971 ; -0.0293482 ; 102.241;
21 ; 26 ; 28 ; -0.00590197 ; -0.00853588 ; -0.0202166 ; 102.261;
22 ; 26 ; 28 ; 0.000867554 ; -0.0245468 ; -0.0232298 ; 102.59;
23 ; 26 ; 28 ; -0.00959871 ; -0.0148324 ; -0.0263195 ; 102.602;
24 ; 26 ; 28 ; 0.000613929 ; -0.0169344 ; -0.0025954 ; 102.664;
25 ; 26 ; 28 ; -0.0126314 ; -0.0226216 ; -0.0301341 ; 102.945;
26 ; 26 ; 28 ; -0.0107108 ; -0.017751 ; -0.00995375 ; 103.055;
27 ; 26 ; 28 ; -0.0101172 ; -0.0190008 ; -0.0186278 ; 102.89;
28 ; 26 ; 28 ; -0.00827591 ; -0.00758918 ; -0.0220172 ; 102.774;
29 ; 26 ; 28 ; -0.0166154 ; -0.00982244 ; -0.0236063 ; 102.691;
30 ; 26 ; 28 ; -0.00541808 ; 0.00419592 ; -0.00247137 ; 102.966;
31 ; 26 ; 28 ; -0.0166079 ; -0.0114152 ; -0.0263971 ; 102.733;
32 ; 26 ; 28 ; -0.00826582 ; -0.00971131 ; -0.0398593 ; 102.52;
33 ; 26 ; 28 ; -0.00264311 ; -0.0116099 ; -0.0147245 ; 102.932;
4 ; 27 ; 28 ; 0.00255143 ; -0.0124053 ; -0.000180608 ; 102.971;
5 ; 27 ; 28 ; 0.00488552 ; -0.0149374 ; -0.00906133 ; 102.989;
6 ; 27 ; 28 ; 0.020094 ; -0.00597587 ; -0.0187097 ; 102.286;
7 ; 27 ; 28 ; 0.00931873 ; -0.00233005 ; -0.00574999 ; 102.455;
8 ; 27 ; 28 ; 0.0164624 ; -0.0110808 ; -0.0224825 ; 102.94;
9 ; 27 ; 28 ; 0.0129153 ; -0.0200303 ; -0.0151668 ; 102.897;
10 ; 27 ; 28 ; 0.0180575 ; -0.00521884 ; -0.0198035 ; 102.728;
11 ; 27 ; 28 ; 0.00746305 ; -0.01386 ; -0.0258304 ; 102.729;
12 ; 27 ; 28 ; 0.0117762 ; -0.00975966 ; -0.0143321 ; 102.724;
13 ; 27 ; 28 ; 0.0178456 ; -0.0195998 ; -0.0209711 ; 102.146;
14 ; 27 ; 28 ; 0.0138169 ; -0.0298495 ; -0.0134868 ; 103.146;
15 ; 27 ; 28 ; 0.0121303 ; -0.0160104 ; -0.0324374 ; 102.366;
16 ; 27 ; 28 ; 0.0114588 ; -0.0197097 ; -0.0199103 ; 102.565;
17 ; 27 ; 28 ; -0.000172363 ; -0.0115055 ; -0.00712924 ; 102.794;
18 ; 27 ; 28 ; 0.00254987 ; -0.0171023 ; -0.0171378 ; 102.188;
19 ; 27 ; 28 ; 0.0158799 ; -0.00858576 ; -0.0252274 ; 102.177;
20 ; 27 ; 28 ; 0.00230018 ; -0.0265343 ; -0.0335057 ; 102.219;
21 ; 27 ; 28 ; -0.00468028 ; -0.0267651 ; -0.0145121 ; 102.468;
22 ; 27 ; 28 ; -0.00697292 ; -0.01886 ; -0.0191411 ; 102.092;
23 ; 27 ; 28 ; -0.018109 ; -0.0214971 ; -0.0170035 ; 102.884;
24 ; 27 ; 28 ; -0.0107695 ; -0.0145909 ; -0.0366469 ; 102.898;
25 ; 27 ; 28 ; -0.0107805 ; -0.0247479 ; -0.0213498 ; 102.483;
26 ; 27 ; 28 ; -0.0111023 ; 0.00162639 ; -0.0153321 ; 103.201;
27 ; 27 ; 28 ; -0.0156298 ; -0.0185256 ; -0.0100966 ; 102.537;
28 ; 27 ; 28 ; 0.00347669 ; -0.00415415 ; -0.0160382 ; 103.189;
29 ; 27 ; 28 ; -0.0188932 ; 8.02275e-05 ; -0.0102167 ; 102.89;
30 ; 27 ; 28 ; -0.0198244 ; -0.00816087 ; 0.003231 ; 102.636;
31 ; 27 ; 28 ; -0.00857871 ; -0.0242045 ; -0.0136015 ; 102.695;
32 ; 27 ; 28 ; -0.00498218 ; -0.0144594 ; -0.0134696 ; 102.847;
33 ; 27 ; 28 ; 0.000105403 ; -0.0174891 ; -0.020637 ; 103.004;
4 ; 28 ; 28 ; -0.0118835 ; -0.00167202 ; -0.0104366 ; 102.875;
5 ; 28 ; 28 ; 0.0100004 ; -0.0172574 ; -0.008835 ; 102.44;
6 ; 28 ; 28 ; 0.00432893 ; -0.0176061 ; -0.0265913 ; 102.858;
7 ; 28 ; 28 ; 0.0155732 ; -0.0159915 ; -0.00671955 ; 102.957;
8 ; 28 ; 28 ; 0.015742 ; 0.000700887 ; -0.0157272 ; 102.991;
9 ; 28 ; 28 ; 0.025664 ; -0.0231067 ; -0.0124181 ; 102.876;
10 ; 28 ; 28 ; 0.010258 ; -0.00444778 ; -0.00800907 ; 102.938;
11 ; 28 ; 28 ; 0.0172601 ; -0.026093 ; -0.00842266 ; 102.658;
12 ; 28 ; 28 ; 0.0058248 ; -0.015847 ; -0.0219942 ; 102.509;
13 ; 28 ; 28 ; 0.0080498 ; -0.0261171 ; -0.00928279 ; 102.882;
14 ; 28 ; 28 ; -0.000706517 ; -0.0210993 ; -0.011732 ; 102.018;
15 ; 28 ; 28 ; -0.00710286 ; -0.0249269 ; -0.0186386 ; 102.727;
16 ; 28 ; 28 ; 0.0108447 ; -0.0335723 ; -0.0181926 ; 102.4;
17 ; 28 ; 28 ; -0.012168 ; -0.0131154 ; -0.0187158 ; 102.757;
18 ; 28 ; 28 ; 0.0087649 ; -0.0230975 ; -0.0223477 ; 102.519;
19 ; 28 ; 28 ; 0.0185875 ; -0.00042886 ; -0.020915 ; 102.045;
20 ; 28 ; 28 ; -0.00113078 ; -0.0294043 ; -0.0158596 ; 102.623;
21 ; 28 ; 28 ; -0.0152691 ; -0.0245203 ; -0.0185926 ; 102.855;
22 ; 28 ; 28 ; -0.00331643 ; -0.0251299 ; -0.0200325 ; 102.787;
23 ; 28 ; 28 ; 0.00629247 ; -0.0158551 ; -0.0090593 ; 102.539;
24 ; 28 ; 28 ; -0.00798266 ; -0.0190392 ; -0.0159878 ; 102.281;
25 ; 28 ; 28 ; -0.00134284 ; -0.0238038 ; -0.018024 ; 102.776;
26 ; 28 ; 28 ; -0.0103257 ; -0.014994 ; -0.020899 ; 102.904;
27 ; 28 ; 28 ; -0.0416596 ; -0.0127499 ; -0.00798173 ; 102.938;
28 ; 28 ; 28 ; -0.0156747 ; -0.0131543 ; -0.0187547 ; 103.332;
29 ; 28 ; 28 ; -0.00824232 ; -0.0133584 ; -0.00629521 ; 103.208;
30 ; 28 ; 28 ; -0.0119938 ; -0.0069633 ; -0.00306307 ; 103.434;
31 ; 28 ; 28 ; 0.00247844 ; -0.0206263 ; -0.0118834 ; 102.594;
32 ; 28 ; 28 ; 0.00174605 ; 0.00291687 ; -0.0208124 ; 103.041;
33 ; 28 ; 28 ; 0.00412398 ; -0.0251628 ; -0.000725077 ; 102.832;
4 ; 29 ; 28 ; 0.00412087 ; -0.0100141 ; 0.00618016 ; 102.624;
5 ; 29 ; 28 ; 0.0215442 ; -0.0203866 ; -0.0116272 ; 102.846;
6 ; 29 ; 28 ; 0.029563 ; -0.0148513 ; -0.00833538 ; 103.07;
7 ; 29 ; 28 ; 0.0035343 ; -0.0109198 ; -0.0297535 ; 102.657;
8 ; 29 ; 28 ; 0.00677305 ; -0.0135833 ; -0.0144962 ; 103.324;
9 ; 29 ; 28 ; 0.00181112 ; -0.000515921 ; -0.0171781 ; 102.91;
10 ; 29 ; 28 ; 0.0125943 ; -0.0221241 ; -0.0221851 ; 102.774;
11 ; 29 ; 28 ; 0.0113266 ; -0.0101949 ; -0.0223527 ; 102.706;
12 ; 29 ; 28 ; 0.0103707 ; -0.0128029 ; -0.0185247 ; 102.325;
13 ; 29 ; 28 ; 0.00570696 ; -0.0250795 ; -0.0135103 ; 102.841;
14 ; 29 ; 28 ; -0.00776162 ; -0.0130622 ; -0.0129173 ; 102.667;
15 ; 29 ; 28 ; -0.00439994 ; -0.0213905 ; -0.0168709 ; 102.758;
16 ; 29 ; 28 ; 0.0115043 ; -0.0291494 ; -0.012461 ; 102.247;
17 ; 29 ; 28 ; 0.00354766 ; -0.0151013 ; -0.0185471 ; 102.787;
18 ; 29 ; 28 ; 0.00633807 ; -0.0253859 ; -0.00866858 ; 102.19;
19 ; 29 ; 28 ; -0.00129653 ; -0.0010795 ; -0.0164369 ; 102.19;
20 ; 29 ; 28 ; -0.000621959 ; -0.0169489 ; -0.0256154 ; 102.225;
21 ; 29 ; 28 ; -0.00722104 ; -0.0314828 ; -0.0239939 ; 102.872;
22 ; 29 ; 28 ; -0.00827247 ; -0.0193711 ; -0.0144539 ; 102.872;
23 ; 29 ; 28 ; 0.00543809 ; -0.000148263 ; -0.0141371 ; 102.493;
24 ; 29 ; 28 ; 0.00565248 ; -0.021996 ; -0.0184952 ; 102.685;
25 ; 29 ; 28 ; 0.00251802 ; -0.00938296 ; -0.0208965 ; 102.252;
26 ; 29 ; 28 ; -0.0171809 ; -0.0207058 ; -0.0195762 ; 103.46;
27 ; 29 ; 28 ; -0.0116193 ; -0.00433603 ; -0.0159841 ; 103.014;
28 ; 29 ; 28 ; -0.0186821 ; -0.0112655 ; -0.0114486 ; 102.882;
29 ; 29 ; 28 ; -0.0049348 ; 0.00224854 ; -0.0270817 ; 103.034;
30 ; 29 ; 28 ; -0.0116982 ; -0.014142 ; 0.00229989 ; 102.888;
31 ; 29 ; 28 ; -0.0147201 ; -0.0227605 ; -0.00528661 ; 102.742;
32 ; 29 ; 28 ; -0.00893432 ; -0.0214942 ; -0.00703726 ; 103.088;
33 ; 29 ; 28 ; 0.00631667 ; -0.0168122 ; -0.00525845 ; 102.748;
4 ; 30 ; 28 ; 0.00380526 ; -0.0152076 ; -0.00880629 ; 102.845;
5 ; 30 ; 28 ; 0.0127834 ; -0.0224795 ; 0.00099574 ; 103.388;
6 ; 30 ; 28 ; 0.0161215 ; -0.00992585 ; -0.0169461 ; 102.626;
7 ; 30 ; 28 ; 0.0107034 ; -0.00176908 ; -0.018569 ; 102.607;
8 ; 30 ; 28 ; 0.0136352 ; -0.0305613 ; -0.0144827 ; 103.183;
9 ; 30 ; 28 ; 0.00322608 ; -0.0108089 ; -0.0192194 ; 103.324;
10 ; 30 ; 28 ; 0.0166314 ; -0.00411248 ; -0.0174613 ; 102.78;
11 ; 30 ; 28 ; 0.0144596 ; -0.0144927 ; -0.0152983 ; 102.773;
12 ; 30 ; 28 ; 0.00529788 ; -0.0198604 ; -0.0119443 ; 102.661;
13 ; 30 ; 28 ; -0.000656352 ; -0.0231146 ; -0.0250449 ; 102.356;
14 ; 30 ; 28 ; -0.011339 ; -0.00845486 ; -0.0106226 ; 102.951;
15 ; 30 ; 28 ; -0.00312946 ; -0.0135159 ; -0.0179949 ; 102.782;
16 ; 30 ; 28 ; 0.00151618 ; -0.0207432 ; -0.0137461 ; 102.546;
17 ; 30 ; 28 ; -0.00684814 ; -0.0229005 ; -0.0265432 ; 102.311;
18 ; 30 ; 28 ; -0.00533927 ; 0.00585648 ; -0.0243254 ; 102.679;
19 ; 30 ; 28 ; 0.00310026 ; -0.0137708 ; -0.0154789 ; 102.529;
20 ; 30 ; 28 ; -0.00482946 ; -0.0149994 ; -0.0219857 ; 102.528;
21 ; 30 ; 28 ; -0.00482781 ; -0.0175476 ; -0.0320999 ; 102.534;
22 ; 30 ; 28 ; -0.00740512 ; -0.0103692 ; -0.0183194 ; 102.645;
23 ; 30 ; 28 ; -0.0098908 ; -0.00911946 ; -0.00644111 ; 102.591;
24 ; 30 ; 28 ; -0.00420285 ; -0.0157085 ; -0.0235215 ; 102.94;
25 ; 30 ; 28 ; -0.0067588 ; -0.000421434 ; -0.0089056 ; 103.153;
26 ; 30 ; 28 ; -0.0316705 ; -0.00713216 ; -0.0143581 ; 103.004;
27 ; 30 ; 28 ; -0.021175 ; -0.00913765 ; -0.0179455 ; 102.59;
28 ; 30 ; 28 ; -0.0189731 ; -0.0163359 ; -0.0228154 ; 103.455;
29 ; 30 ; 28 ; -0.0104476 ; -0.00940253 ; -0.0270602 ; 103.296;
30 ; 30 ; 28 ; -0.00908707 ; -0.025861 ; -0.0147344 ; 102.9;
31 ; 30 ; 28 ; 0.00393499 ; 0.00640904 ; -0.0128889 ; 102.721;
32 ; 30 ; 28 ; -0.00122485 ; -0.0161257 ; -0.00977313 ; 102.728;
33 ; 30 ; 28 ; -0.00146926 ; -0.00287079 ; -0.00216866 ; 103.099;
4 ; 31 ; 28 ; 0.00151939 ; -0.0238028 ; -0.00531587 ; 103.167;
5 ; 31 ; 28 ; 0.0129749 ; -0.0145877 ; -0.00702862 ; 102.989;
6 ; 31 ; 28 ; 0.00688325 ; -0.00806769 ; -0.0149442 ; 103.315;
7 ; 31 ; 28 ; 0.0115688 ; -0.0140716 ; -0.0141567 ; 102.749;
8 ; 31 ; 28 ; 0.00478919 ; -0.0195619 ; -0.0163437 ; 103.015;
9 ; 31 ; 28 ; 0.00438363 ; -0.0082485 ; -0.00956576 ; 103.183;
10 ; 31 ; 28 ; 0.0195868 ; -0.00794702 ; -0.0212926 ; 102.9;
11 ; 31 ; 28 ; 0.00633587 ; -0.0175246 ; -0.00360948 ; 102.624;
12 ; 31 ; 28 ; 0.00820843 ; -0.00629095 ; -0.014019 ; 102.875;
13 ; 31 ; 28 ; 0.00553699 ; -0.0180204 ; -0.0257801 ; 102.653;
14 ; 31 ; 28 ; 0.00896941 ; -0.00921759 ; -0.0224197 ; 102.188;
15 ; 31 ; 28 ; 0.0203606 ; -0.00944357 ; -0.019454 ; 102.139;
16 ; 31 ; 28 ; 0.00389163 ; -0.0220397 ; -0.0222031 ; 102.222;
17 ; 31 ; 28 ; 0.00562051 ; -0.0200039 ; -0.01658 ; 102.559;
18 ; 31 ; 28 ; -0.00483227 ; -0.00830288 ; -0.0178368 ; 102.435;
19 ; 31 ; 28 ; 0.00687422 ; -0.0085816 ; -0.0218841 ; 102.362;
20 ; 31 ; 28 ; -0.0113345 ; -0.005195 ; -0.0299973 ; 102.785;
21 ; 31 ; 28 ; 0.00462438 ; -0.0138743 ; -0.0243577 ; 102.479;
22 ; 31 ; 28 ; 0.0128541 ; -0.0101283 ; -0.0186294 ; 102.212;
23 ; 31 ; 28 ; 0.00676362 ; -0.0197513 ; -0.0106249 ; 102.548;
24 ; 31 ; 28 ; -0.0050186 ; -0.014229 ; -0.0147623 ; 102.37;
25 ; 31 ; 28 ; -0.0162936 ; -0.00795827 ; -0.0297248 ; 102.605;
26 ; 31 ; 28 ; -0.0234716 ; -0.00823465 ; -0.0227297 ; 102.831;
27 ; 31 ; 28 ; 0.00214713 ; -0.00481762 ; -0.0259684 ; 103.055;
28 ; 31 ; 28 ; -0.0168588 ; -0.0166014 ; -0.00406847 ; 102.485;
29 ; 31 ; 28 ; -0.014919 ; -0.00812645 ; -0.0157841 ; 102.885;
30 ; 31 ; 28 ; -0.00563099 ; 0.00610393 ; -0.00222667 ; 102.939;
31 ; 31 ; 28 ; -0.00996635 ; 0.00234044 ; -0.0159875 ; 103.026;
32 ; 31 ; 28 ; 0.00195044 ; -0.00701232 ; -0.0102261 ; 103.53;
33 ; 31 ; 28 ; -0.00421876 ; -0.0141931 ; -0.00477905 ; 102.851;
4 ; 32 ; 28 ; -0.0023044 ; -0.000662527 ; -0.0192075 ; 102.634;
5 ; 32 ; 28 ; 0.00114191 ; -0.0128576 ; 0.00802137 ; 102.882;
6 ; 32 ; 28 ; 0.0103897 ; -0.0069096 ; -0.0159756 ; 102.956;
7 ; 32 ; 28 ; 0.0129173 ; 0.00120931 ; -0.0156941 ; 102.67;
8 ; 32 ; 28 ; -0.00615933 ; -0.0117413 ; -0.019645 ; 103.094;
9 ; 32 ; 28 ; 0.0145898 ; 0.00744737 ; -0.0104054 ; 103.027;
10 ; 32 ; 28 ; 0.0153289 ; -0.0084888 ; -0.0276452 ; 102.93;
11 ; 32 ; 28 ; 0.0289737 ; -0.00189382 ; -0.0307426 ; 102.462;
12 ; 32 ; 28 ; 0.00892936 ; -0.0127373 ; -0.0207646 ; 102.809;
13 ; 32 ; 28 ; 0.0156977 ; -0.0110094 ; -0.0130183 ; 102.598;
14 ; 32 ; 28 ; 0.0114804 ; -0.00950953 ; -0.0126194 ; 102.653;
15 ; 32 ; 28 ; 0.00355529 ; 0.000722043 ; -0.0259519 ; 102.85;
16 ; 32 ; 28 ; 0.000451984 ; -0.00621897 ; -0.0178742 ; 102.159;
17 ; 32 ; 28 ; 0.000979991 ; -0.0260639 ; -0.0287401 ; 102.514;
18 ; 32 ; 28 ; -0.00890568 ; 7.40602e-05 ; -0.0217274 ; 102.726;
19 ; 32 ; 28 ; -0.00298262 ; 0.00417977 ; -0.0321823 ; 102.815;
20 ; 32 ; 28 ; 0.00945558 ; -0.00971309 ; -0.0112369 ; 102.716;
21 ; 32 ; 28 ; 0.0106182 ; -0.00202875 ; -0.0200905 ; 102.387;
22 ; 32 ; 28 ; 0.00460342 ; -0.00263087 ; -0.0254439 ; 102.438;
23 ; 32 ; 28 ; -0.0089998 ; -0.00489705 ; -0.0166721 ; 102.976;
24 ; 32 ; 28 ; -0.00887284 ; 0.0138244 ; -0.0152437 ; 102.681;
25 ; 32 ; 28 ; 0.00898584 ; -0.00989758 ; -0.00966573 ; 102.621;
26 ; 32 ; 28 ; -0.00330653 ; -0.00353165 ; -0.0358835 ; 102.493;
27 ; 32 ; 28 ; -0.00973978 ; 0.00534152 ; -0.015278 ; 102.959;
28 ; 32 ; 28 ; -0.017501 ; -0.0209642 ; -0.0167422 ; 103.184;
29 ; 32 ; 28 ; -0.0107287 ; -0.0174021 ; -0.0119476 ; 103.111;
30 ; 32 ; 28 ; -0.0169037 ; 0.00568717 ; -0.0108276 ; 103.228;
31 ; 32 ; 28 ; -0.0168764 ; 0.000810637 ; -0.00819624 ; 102.973;
32 ; 32 ; 28 ; -0.00261254 ; 0.000172104 ; -0.0182847 ; 102.516;
33 ; 32 ; 28 ; -0.00416176 ; -0.00969269 ; -0.00827166 ; 102.771;
4 ; 33 ; 28 ; 0.00376343 ; 0.0104328 ; -0.0147895 ; 102.652;
5 ; 33 ; 28 ; 0.0052542 ; -0.0113756 ; -0.0195264 ; 102.66;
6 ; 33 ; 28 ; 0.00759812 ; -0.000252899 ; -0.0122178 ; 102.966;
7 ; 33 ; 28 ; 0.018744 ; -0.0107483 ; -0.00977625 ; 103.042;
8 ; 33 ; 28 ; 0.0116541 ; 0.00541438 ; -0.0130712 ; 102.319;
9 ; 33 ; 28 ; 0.00560856 ; 0.00613815 ; -0.0141986 ; 102.995;
10 ; 33 ; 28 ; 0.00923338 ; -0.00514785 ; 0.00242901 ; 103.038;
11 ; 33 ; 28 ; 0.00825016 ; 0.00646111 ; -0.0116387 ; 102.646;
12 ; 33 ; 28 ; 0.014033 ; -0.0166358 ; -0.0131684 ; 102.432;
13 ; 33 ; 28 ; 0.00122661 ; -0.00936575 ; -0.017436 ; 102.53;
14 ; 33 ; 28 ; 0.00681714 ; -0.0148548 ; -0.0196404 ; 102.512;
15 ; 33 ; 28 ; 0.0171738 ; -0.000777505 ; -0.0317485 ; 102.405;
16 ; 33 ; 28 ; -0.00531425 ; -0.00705303 ; -0.0237018 ; 102.592;
17 ; 33 ; 28 ; 5.32445e-05 ; -0.0177878 ; -0.0145084 ; 102.335;
18 ; 33 ; 28 ; -0.00856889 ; 0.00472392 ; -0.014505 ; 102.269;
19 ; 33 ; 28 ; 0.00306273 ; -0.00490569 ; -0.0166032 ; 102.909;
20 ; 33 ; 28 ; -0.00176796 ; -0.00307444 ; -0.00802566 ; 102.546;
21 ; 33 ; 28 ; -0.0127686 ; -0.00141023 ; -0.0146073 ; 102.847;
22 ; 33 ; 28 ; -0.000687494 ; -0.00410242 ; -0.0206567 ; 102.392;
23 ; 33 ; 28 ; 0.00206218 ; -0.00505999 ; -0.0209987 ; 102.059;
24 ; 33 ; 28 ; 0.0043929 ; 0.011428 ; -0.0116632 ; 102.391;
25 ; 33 ; 28 ; -0.00365043 ; 0.00842599 ; -0.0161745 ; 102.769;
26 ; 33 ; 28 ; -0.00400246 ; -0.00666705 ; -0.00982765 ; 102.937;
27 ; 33 ; 28 ; -0.0134901 ; -0.0039599 ; -0.0138276 ; 102.995;
28 ; 33 ; 28 ; -0.00489347 ; -0.000582304 ; 0.00793754 ; 102.642;
29 ; 33 ; 28 ; -0.00589374 ; -0.000473539 ; -0.0107213 ; 102.792;
30 ; 33 ; 28 ; 0.00835018 ; 0.0194787 ; -0.0118097 ; 102.799;
31 ; 33 ; 28 ; -0.0130289 ; 0.00565652 ; -0.0141309 ; 103.015;
32 ; 33 ; 28 ; -0.000679191 ; 0.00170263 ; -0.00644511 ; 103.007;
33 ; 33 ; 28 ; -0.00721342 ; 0.00632797 ; -0.00912585 ; 103.168;
4 ; 4 ; 29 ; -0.00248708 ; 0.00338581 ; -0.00313212 ; 103.185;
5 ; 4 ; 29 ; -0.00176832 ; 0.00863353 ; -0.00617946 ; 102.425;
6 ; 4 ; 29 ; 0.011478 ; 0.00143473 ; -0.0189937 ; 102.771;
7 ; 4 ; 29 ; 0.0153709 ; -0.00869047 ; -4.14427e-05 ; 102.111;
8 ; 4 ; 29 ; 0.0198576 ; -0.00386405 ; -0.0115543 ; 102.71;
9 ; 4 ; 29 ; 0.019019 ; 0.00487314 ; -0.0247757 ; 103.126;
10 ; 4 ; 29 ; 0.00981035 ; -0.00521601 ; -0.0108395 ; 102.829;
11 ; 4 ; 29 ; 0.0103238 ; -0.00213947 ; -0.0122513 ; 102.479;
12 ; 4 ; 29 ; 0.0151667 ; 0.0178499 ; -0.00584441 ; 102.49;
13 ; 4 ; 29 ; 0.00859144 ; 0.000210837 ; -0.00900291 ; 103.271;
14 ; 4 ; 29 ; 0.00956219 ; 0.00492022 ; -0.0188339 ; 102.954;
15 ; 4 ; 29 ; 0.00559171 ; 0.0193259 ; -0.0128146 ; 102.864;
16 ; 4 ; 29 ; 0.0128867 ; 0.00474789 ; -0.0231052 ; 102.534;
17 ; 4 ; 29 ; -0.013745 ; -0.00665978 ; -0.0151123 ; 102.229;
18 ; 4 ; 29 ; 0.00418179 ; 0.00100299 ; -0.00856011 ; 102.747;
19 ; 4 ; 29 ; -0.00647483 ; -0.00043509 ; -0.0303363 ; 102.357;
20 ; 4 ; 29 ; 0.00876717 ; -0.00824144 ; -0.021985 ; 102.458;
21 ; 4 ; 29 ; 0.00198408 ; -0.00884334 ; -0.0183437 ; 102.379;
22 ; 4 ; 29 ; 0.019272 ; 0.0198029 ; 0.000388814 ; 102.847;
23 ; 4 ; 29 ; -0.00150331 ; 0.00914916 ; -0.0252086 ; 102.254;
24 ; 4 ; 29 ; -0.00908622 ; 0.00551873 ; -0.00958568 ; 102.167;
25 ; 4 ; 29 ; -0.00556605 ; 0.00665016 ; -0.0147735 ; 102.233;
26 ; 4 ; 29 ; -0.00388931 ; 0.000199725 ; -0.0102488 ; 103.099;
27 ; 4 ; 29 ; -0.00345976 ; 0.00279487 ; -0.0146482 ; 103.177;
28 ; 4 ; 29 ; -0.00462338 ; -0.004609 ; -0.00976177 ; 103.076;
29 ; 4 ; 29 ; -0.0290737 ; -0.0030509 ; -0.00897887 ; 102.575;
30 ; 4 ; 29 ; -0.0200868 ; -0.00254498 ; 0.00660293 ; 102.635;
31 ; 4 ; 29 ; -0.0175826 ; 0.00300479 ; -0.00845034 ; 102.802;
32 ; 4 ; 29 ; -0.0200639 ; 0.0141083 ; -0.0123879 ; 102.948;
33 ; 4 ; 29 ; 0.0118027 ; 0.00262625 ; -0.0157417 ; 102.923;
4 ; 5 ; 29 ; 0.00112582 ; 0.0100313 ; -0.0269161 ; 102.961;
5 ; 5 ; 29 ; 0.0215262 ; 0.0132845 ; -0.0118892 ; 102.95;
6 ; 5 ; 29 ; 0.0195061 ; 0.00845697 ; -0.010026 ; 103.221;
7 ; 5 ; 29 ; 0.00761497 ; -0.00420176 ; -0.0160517 ; 103.04;
8 ; 5 ; 29 ; 0.0124756 ; -0.0038758 ; -0.00639559 ; 102.858;
9 ; 5 ; 29 ; 0.0180994 ; 0.00876896 ; -0.00929564 ; 102.84;
10 ; 5 ; 29 ; 0.0105115 ; -0.00591167 ; -0.0223232 ; 102.851;
11 ; 5 ; 29 ; 0.0107471 ; 0.0123573 ; -0.02711 ; 102.977;
12 ; 5 ; 29 ; 0.0102226 ; 0.00863832 ; -0.0197454 ; 102.532;
13 ; 5 ; 29 ; -0.0119118 ; 0.00283284 ; -0.0335427 ; 102.404;
14 ; 5 ; 29 ; -0.0233875 ; 0.0167418 ; -0.0205207 ; 102.524;
15 ; 5 ; 29 ; -0.00164309 ; 0.00581032 ; -0.0220383 ; 102.389;
16 ; 5 ; 29 ; -0.00719746 ; 0.0220027 ; -0.0268178 ; 102.477;
17 ; 5 ; 29 ; -0.0013859 ; 0.00659453 ; -0.0197434 ; 102.606;
18 ; 5 ; 29 ; 0.0144878 ; -0.00288348 ; -0.015043 ; 102.663;
19 ; 5 ; 29 ; 0.00147233 ; 0.000569404 ; -0.0214009 ; 102.501;
20 ; 5 ; 29 ; -0.0090519 ; 0.0153994 ; -0.0229267 ; 102.149;
21 ; 5 ; 29 ; -0.00298345 ; -0.000205668 ; -0.0261079 ; 102.848;
22 ; 5 ; 29 ; 0.000988176 ; 0.0124901 ; -0.0204936 ; 102.212;
23 ; 5 ; 29 ; 0.00311584 ; 0.0184673 ; -0.0327689 ; 103.01;
24 ; 5 ; 29 ; -0.00334491 ; 0.000278825 ; -0.019122 ; 102.337;
25 ; 5 ; 29 ; -0.00549932 ; 0.00261269 ; -0.0183871 ; 102.75;
26 ; 5 ; 29 ; -0.014601 ; 0.00957276 ; -0.0312725 ; 102.745;
27 ; 5 ; 29 ; -0.0141243 ; -0.00265347 ; -0.0197192 ; 102.892;
28 ; 5 ; 29 ; -0.00717676 ; -0.00661979 ; -0.0142959 ; 103.159;
29 ; 5 ; 29 ; -0.0203208 ; 0.00858088 ; -0.0141843 ; 102.776;
30 ; 5 ; 29 ; -0.0201105 ; 0.0171115 ; -0.00436287 ; 103.108;
31 ; 5 ; 29 ; -0.020594 ; -0.00209016 ; -0.019204 ; 102.926;
32 ; 5 ; 29 ; -0.00645888 ; 0.0254171 ; -0.0156838 ; 103.195;
33 ; 5 ; 29 ; 0.0048765 ; 0.00147406 ; -0.0175656 ; 102.982;
4 ; 6 ; 29 ; -0.00529188 ; 0.0202219 ; 0.00484735 ; 103.075;
5 ; 6 ; 29 ; 0.00498632 ; -0.00182615 ; -0.00619897 ; 102.943;
6 ; 6 ; 29 ; 0.0125824 ; 0.0155135 ; -0.00240666 ; 103.193;
7 ; 6 ; 29 ; 0.0153825 ; -0.00320333 ; -0.0223026 ; 103.036;
8 ; 6 ; 29 ; 0.0149997 ; -0.00472609 ; -0.0159418 ; 102.626;
9 ; 6 ; 29 ; 0.024339 ; 0.00466784 ; -0.0146029 ; 102.842;
10 ; 6 ; 29 ; 0.00625194 ; 0.0174734 ; -0.0107755 ; 102.874;
11 ; 6 ; 29 ; 0.010352 ; 0.017613 ; -0.0207158 ; 102.589;
12 ; 6 ; 29 ; 0.00407027 ; -0.00116397 ; -0.0195407 ; 102.871;
13 ; 6 ; 29 ; 0.00966135 ; 0.00448374 ; -0.0171699 ; 102.262;
14 ; 6 ; 29 ; -0.002256 ; 0.0182187 ; -0.0247368 ; 102.431;
15 ; 6 ; 29 ; -0.00497825 ; 0.00220569 ; -0.0184297 ; 102.449;
16 ; 6 ; 29 ; -0.00590605 ; 0.0161987 ; -0.0209254 ; 102.486;
17 ; 6 ; 29 ; -0.00934969 ; 0.00809984 ; -0.0188839 ; 102.738;
18 ; 6 ; 29 ; 0.00161579 ; 0.00698452 ; -0.0264832 ; 102.387;
19 ; 6 ; 29 ; 0.000546492 ; 0.000206593 ; -0.0262503 ; 102.341;
20 ; 6 ; 29 ; 0.0110708 ; 0.00652713 ; -0.0266976 ; 102.72;
21 ; 6 ; 29 ; 0.0051445 ; 0.00612016 ; -0.0309707 ; 102.275;
22 ; 6 ; 29 ; -0.0045894 ; 0.00592106 ; -0.0193037 ; 102.403;
23 ; 6 ; 29 ; -0.00793628 ; 0.0272984 ; -0.0203021 ; 102.658;
24 ; 6 ; 29 ; -0.0124697 ; 0.00639695 ; -0.0166126 ; 102.686;
25 ; 6 ; 29 ; -0.00546566 ; 0.00990059 ; -0.018391 ; 102.605;
26 ; 6 ; 29 ; 0.000491958 ; 0.00902424 ; -0.00509803 ; 102.764;
27 ; 6 ; 29 ; -0.00525639 ; -0.00366201 ; -0.0120459 ; 103.165;
28 ; 6 ; 29 ; -0.00870549 ; 0.00747691 ; -0.00503646 ; 102.865;
29 ; 6 ; 29 ; -0.0265784 ; 0.00242371 ; -0.0143426 ; 103.284;
30 ; 6 ; 29 ; -0.0236005 ; 0.00655747 ; -0.0152509 ; 102.547;
31 ; 6 ; 29 ; 0.00331504 ; 0.015864 ; -0.0104285 ; 103.082;
32 ; 6 ; 29 ; -0.00684246 ; 0.00844312 ; -0.0217376 ; 102.948;
33 ; 6 ; 29 ; -0.00818042 ; 0.00378443 ; -0.0116152 ; 103.079;
4 ; 7 ; 29 ; -0.00024658 ; 0.00676421 ; -0.00586304 ; 102.799;
5 ; 7 ; 29 ; 0.00160138 ; -0.00198744 ; -0.0279725 ; 102.798;
6 ; 7 ; 29 ; 0.0106038 ; 0.00867527 ; -0.0074583 ; 102.812;
7 ; 7 ; 29 ; 0.00544504 ; -0.0083758 ; -0.0057258 ; 102.854;
8 ; 7 ; 29 ; 0.00833273 ; -0.000555321 ; -0.00853538 ; 103.106;
9 ; 7 ; 29 ; 0.0142304 ; 0.0111523 ; -0.014634 ; 103.351;
10 ; 7 ; 29 ; -0.00297947 ; 0.0132691 ; -0.0249513 ; 102.942;
11 ; 7 ; 29 ; 0.0166977 ; 0.0184994 ; -0.0231425 ; 102.964;
12 ; 7 ; 29 ; 0.00128955 ; 0.0243779 ; -0.013667 ; 102.758;
13 ; 7 ; 29 ; 0.00813426 ; 0.00902889 ; -0.0120014 ; 102.642;
14 ; 7 ; 29 ; -0.0124255 ; 0.00720411 ; -0.012118 ; 102.624;
15 ; 7 ; 29 ; -0.0160781 ; 0.0142572 ; -0.0232569 ; 102.673;
16 ; 7 ; 29 ; 0.00855842 ; 0.0272936 ; -0.0193125 ; 102.28;
17 ; 7 ; 29 ; 0.00122069 ; 0.0259528 ; -0.0151042 ; 102.824;
18 ; 7 ; 29 ; -0.00594204 ; 0.00254708 ; -0.0171608 ; 102.861;
19 ; 7 ; 29 ; 0.0108632 ; 0.0229117 ; -0.0337193 ; 102.411;
20 ; 7 ; 29 ; 0.00174172 ; 0.0236047 ; -0.0185101 ; 102.544;
21 ; 7 ; 29 ; -0.00699686 ; 0.0173487 ; -0.018841 ; 102.287;
22 ; 7 ; 29 ; 0.00724453 ; 0.0114177 ; -0.014848 ; 102.243;
23 ; 7 ; 29 ; -0.000967302 ; 0.0142306 ; -0.0163623 ; 102.468;
24 ; 7 ; 29 ; -0.00940309 ; 0.0121845 ; -0.0163234 ; 102.275;
25 ; 7 ; 29 ; -0.00877382 ; 0.0109312 ; -0.0236321 ; 102.487;
26 ; 7 ; 29 ; -0.00239115 ; 0.0221439 ; -0.021354 ; 103.202;
27 ; 7 ; 29 ; -0.0109535 ; 0.00654852 ; -0.0048213 ; 102.825;
28 ; 7 ; 29 ; -0.0206336 ; 0.0163835 ; -0.0243809 ; 103.101;
29 ; 7 ; 29 ; -0.0149918 ; -0.000208249 ; -0.0189355 ; 102.726;
30 ; 7 ; 29 ; -0.00100765 ; 0.0159679 ; -0.015686 ; 102.964;
31 ; 7 ; 29 ; -0.00767569 ; 0.0130448 ; -0.0174162 ; 102.76;
32 ; 7 ; 29 ; -0.0128271 ; 0.0195004 ; -0.0154042 ; 102.745;
33 ; 7 ; 29 ; -0.00870811 ; 0.0166613 ; -0.0092453 ; 102.929;
4 ; 8 ; 29 ; -0.00041493 ; 0.0265043 ; -0.00558655 ; 102.995;
5 ; 8 ; 29 ; 0.00362589 ; 0.013352 ; -0.018794 ; 103.087;
6 ; 8 ; 29 ; 0.0146971 ; 0.00573226 ; -0.0204059 ; 102.724;
7 ; 8 ; 29 ; 0.00017893 ; 0.00372634 ; -0.00343448 ; 102.695;
8 ; 8 ; 29 ; 0.00680142 ; -0.0106235 ; -0.0118971 ; 103.195;
9 ; 8 ; 29 ; 0.0086926 ; 0.0130244 ; -0.0185429 ; 102.817;
10 ; 8 ; 29 ; 0.0128468 ; 0.0147897 ; -0.0161368 ; 102.857;
11 ; 8 ; 29 ; 0.0133519 ; 0.00128901 ; -0.0181819 ; 103.219;
12 ; 8 ; 29 ; 0.0023533 ; 0.0217912 ; -0.010568 ; 102.908;
13 ; 8 ; 29 ; 0.0015602 ; 0.00878324 ; -0.0247896 ; 102.781;
14 ; 8 ; 29 ; 0.00489455 ; 0.016204 ; -0.0201418 ; 102.733;
15 ; 8 ; 29 ; 0.00799242 ; 0.0181187 ; -0.00600447 ; 102.535;
16 ; 8 ; 29 ; 0.00400193 ; 0.0182879 ; -0.0283633 ; 102.33;
17 ; 8 ; 29 ; 0.00326279 ; 0.0201982 ; -0.00557629 ; 102.028;
18 ; 8 ; 29 ; 0.00110318 ; 0.0209845 ; -0.0164352 ; 102.355;
19 ; 8 ; 29 ; 0.0168865 ; 0.0205872 ; -0.01336 ; 102.302;
20 ; 8 ; 29 ; -0.00482314 ; 0.0347107 ; -0.0235321 ; 103.01;
21 ; 8 ; 29 ; 0.00291378 ; 0.0218582 ; -0.0198977 ; 102.011;
22 ; 8 ; 29 ; 0.00867147 ; 0.0295343 ; -0.00767498 ; 102.353;
23 ; 8 ; 29 ; 0.00359165 ; 0.00437971 ; -0.020765 ; 102.425;
24 ; 8 ; 29 ; -0.00750829 ; 0.00807049 ; -0.00559047 ; 102.681;
25 ; 8 ; 29 ; -0.00976995 ; 0.0205259 ; -0.0177098 ; 102.435;
26 ; 8 ; 29 ; -0.00301983 ; 0.0138164 ; -0.0219374 ; 102.327;
27 ; 8 ; 29 ; -0.0100187 ; 0.00709742 ; -0.0133734 ; 103.047;
28 ; 8 ; 29 ; -0.00340125 ; 0.0149792 ; -0.00428882 ; 103.053;
29 ; 8 ; 29 ; -0.0100814 ; 0.00642621 ; -0.00710886 ; 103.205;
30 ; 8 ; 29 ; -0.0132461 ; 0.0198144 ; -0.00951153 ; 103.062;
31 ; 8 ; 29 ; -0.0190129 ; 0.00346834 ; -0.0201254 ; 102.751;
32 ; 8 ; 29 ; -0.0095615 ; 0.0119367 ; -0.00091559 ; 103.124;
33 ; 8 ; 29 ; 0.000249435 ; 0.000310696 ; -0.00677792 ; 102.79;
4 ; 9 ; 29 ; -0.00339871 ; 0.0154709 ; -0.0126544 ; 102.631;
5 ; 9 ; 29 ; 0.0135142 ; 0.0187736 ; -0.0201759 ; 102.675;
6 ; 9 ; 29 ; 0.00766559 ; 0.00845559 ; -0.0170926 ; 102.827;
7 ; 9 ; 29 ; 0.0142068 ; 0.0154352 ; -0.00496176 ; 102.91;
8 ; 9 ; 29 ; 0.0188967 ; 0.0190727 ; -0.0170808 ; 103.023;
9 ; 9 ; 29 ; 0.0115998 ; 0.00894109 ; -0.017434 ; 102.555;
10 ; 9 ; 29 ; 0.0261824 ; 0.0107064 ; -0.0158442 ; 102.789;
11 ; 9 ; 29 ; 0.0194938 ; 0.00904576 ; -0.0228645 ; 103.114;
12 ; 9 ; 29 ; 0.00907474 ; 0.0250318 ; -0.0120997 ; 102.82;
13 ; 9 ; 29 ; 0.00632317 ; 0.0186457 ; -0.00744135 ; 102.763;
14 ; 9 ; 29 ; 0.016811 ; 0.0266527 ; -0.0129305 ; 102.602;
15 ; 9 ; 29 ; -0.00877838 ; 0.0223151 ; -0.0254552 ; 102.32;
16 ; 9 ; 29 ; -0.0068138 ; 0.0193507 ; -0.00813475 ; 102.685;
17 ; 9 ; 29 ; -0.0109283 ; 0.0124629 ; -0.0158186 ; 102.504;
18 ; 9 ; 29 ; -0.00634346 ; 0.0120855 ; -0.0100838 ; 102.667;
19 ; 9 ; 29 ; 0.00263237 ; 0.0140643 ; -0.0207915 ; 102.424;
20 ; 9 ; 29 ; -0.00028649 ; 0.0146367 ; -0.0154297 ; 102.297;
21 ; 9 ; 29 ; 0.00137076 ; 0.0215865 ; -0.0177319 ; 102.183;
22 ; 9 ; 29 ; -0.008971 ; 0.0152804 ; -0.0232516 ; 102.683;
23 ; 9 ; 29 ; -0.00563004 ; 0.0202112 ; -0.0105578 ; 102.152;
24 ; 9 ; 29 ; -0.0181459 ; 0.0137336 ; -0.0100546 ; 102.649;
25 ; 9 ; 29 ; -0.00948913 ; 0.00551261 ; -0.0228414 ; 102.882;
26 ; 9 ; 29 ; -0.00502189 ; 0.0232483 ; -0.033952 ; 102.977;
27 ; 9 ; 29 ; -0.0186898 ; 0.0175546 ; -0.0139932 ; 102.616;
28 ; 9 ; 29 ; -0.0116332 ; -0.00234482 ; -0.0160475 ; 103.205;
29 ; 9 ; 29 ; -0.00965751 ; 0.000251667 ; -0.0122498 ; 102.78;
30 ; 9 ; 29 ; -0.00910906 ; 0.018437 ; -0.0156651 ; 102.81;
31 ; 9 ; 29 ; 0.000163188 ; 0.0169983 ; -0.0183887 ; 102.982;
32 ; 9 ; 29 ; 0.00238744 ; 0.0114194 ; -0.025156 ; 103.182;
33 ; 9 ; 29 ; 0.00203207 ; 0.00752696 ; -0.00887753 ; 102.976;
4 ; 10 ; 29 ; 0.0142814 ; 0.0132748 ; -0.0319404 ; 102.431;
5 ; 10 ; 29 ; -0.0101102 ; 0.000382464 ; -0.0184526 ; 103.024;
6 ; 10 ; 29 ; 0.0084709 ; 0.0228078 ; -0.0215064 ; 102.833;
7 ; 10 ; 29 ; 0.0226135 ; 0.0114878 ; -0.0225761 ; 103.084;
8 ; 10 ; 29 ; 0.0163735 ; -0.00358326 ; 0.00490204 ; 102.543;
9 ; 10 ; 29 ; 0.00512864 ; 0.00720181 ; -0.0109615 ; 102.865;
10 ; 10 ; 29 ; 0.0123881 ; -0.00121535 ; -0.0184487 ; 103.132;
11 ; 10 ; 29 ; 0.0103845 ; 0.00990917 ; -0.0268808 ; 102.898;
12 ; 10 ; 29 ; 0.00932734 ; 0.00851946 ; -0.0230353 ; 102.29;
13 ; 10 ; 29 ; -0.00635516 ; 0.00566473 ; -0.00308064 ; 102.33;
14 ; 10 ; 29 ; -7.28359e-05 ; 0.0365333 ; -0.0145513 ; 102.612;
15 ; 10 ; 29 ; 0.0106976 ; 0.0116506 ; -0.0234599 ; 102.227;
16 ; 10 ; 29 ; 0.00298818 ; 0.0214469 ; -0.0122195 ; 102.585;
17 ; 10 ; 29 ; -0.00441605 ; 0.0191853 ; -0.0178082 ; 102.679;
18 ; 10 ; 29 ; -0.00245367 ; 0.0225069 ; -0.0268246 ; 101.759;
19 ; 10 ; 29 ; -0.00749912 ; 0.0200159 ; -0.0181806 ; 102.517;
20 ; 10 ; 29 ; 6.71746e-05 ; 0.00465871 ; -0.0265264 ; 102.21;
21 ; 10 ; 29 ; -0.00152378 ; 0.0111471 ; -0.027114 ; 102.458;
22 ; 10 ; 29 ; -0.0143691 ; 0.0254721 ; -0.0103348 ; 102.629;
23 ; 10 ; 29 ; -0.00805213 ; 0.0101666 ; -0.0222795 ; 102.591;
24 ; 10 ; 29 ; -0.0211567 ; 0.0229414 ; -0.00963688 ; 102.433;
25 ; 10 ; 29 ; -0.00863501 ; 0.0137825 ; -0.0142856 ; 102.374;
26 ; 10 ; 29 ; -0.00637247 ; 0.00847905 ; -0.0210971 ; 102.655;
27 ; 10 ; 29 ; -0.0219143 ; 0.0115399 ; -0.0127345 ; 102.989;
28 ; 10 ; 29 ; -0.00959251 ; 0.0135982 ; -0.00535299 ; 102.541;
29 ; 10 ; 29 ; -0.0128603 ; 0.0045009 ; -0.0182368 ; 103.097;
30 ; 10 ; 29 ; -0.00964204 ; 0.0230206 ; -0.0133898 ; 102.63;
31 ; 10 ; 29 ; -0.00782366 ; 0.010136 ; -0.0138165 ; 102.603;
32 ; 10 ; 29 ; -0.0117627 ; 0.00935344 ; -0.0228233 ; 102.778;
33 ; 10 ; 29 ; 0.000645089 ; 0.019022 ; -0.0137439 ; 103.233;
4 ; 11 ; 29 ; 0.0130975 ; 0.00370784 ; -0.0173112 ; 102.636;
5 ; 11 ; 29 ; 0.0121659 ; 0.00240364 ; -0.0102538 ; 102.928;
6 ; 11 ; 29 ; 0.0113668 ; 0.00706142 ; -0.0148366 ; 102.955;
7 ; 11 ; 29 ; 0.0201543 ; 0.00337273 ; -0.0105842 ; 102.723;
8 ; 11 ; 29 ; 0.0208284 ; -0.000617239 ; -0.014801 ; 102.851;
9 ; 11 ; 29 ; 0.0151403 ; 0.00497565 ; -0.0155095 ; 102.954;
10 ; 11 ; 29 ; 0.0110334 ; 0.0173372 ; -0.00114515 ; 102.869;
11 ; 11 ; 29 ; 0.0152177 ; 0.0176159 ; -0.0124785 ; 102.488;
12 ; 11 ; 29 ; -0.00133499 ; 0.00432615 ; -0.0248323 ; 102.872;
13 ; 11 ; 29 ; -0.00396521 ; 0.0109136 ; -0.0225137 ; 102.311;
14 ; 11 ; 29 ; 0.00328644 ; 0.0139617 ; -0.0244555 ; 102.513;
15 ; 11 ; 29 ; 0.00168344 ; 0.0185893 ; -0.0230014 ; 103.123;
16 ; 11 ; 29 ; 0.00681047 ; 0.0186035 ; -0.0105048 ; 102.238;
17 ; 11 ; 29 ; 0.00318083 ; 0.0226174 ; -0.0189653 ; 102.256;
18 ; 11 ; 29 ; 0.0138165 ; 0.0108078 ; -0.031454 ; 102.669;
19 ; 11 ; 29 ; 0.00848299 ; 0.0225314 ; -0.0163972 ; 101.965;
20 ; 11 ; 29 ; 0.00905869 ; 0.0150289 ; -0.0161638 ; 102.885;
21 ; 11 ; 29 ; 0.00332258 ; 0.00656122 ; -0.0191964 ; 102.396;
22 ; 11 ; 29 ; 0.00259229 ; 0.0274515 ; -0.0448687 ; 102.616;
23 ; 11 ; 29 ; -0.00932569 ; 0.0150884 ; -0.0302886 ; 102.8;
24 ; 11 ; 29 ; -0.00960975 ; 0.0177599 ; -0.017798 ; 102.751;
25 ; 11 ; 29 ; -0.0046465 ; 0.00759596 ; -0.0166515 ; 102.489;
26 ; 11 ; 29 ; -0.0131602 ; 0.0147867 ; -0.00788918 ; 102.933;
27 ; 11 ; 29 ; -0.022322 ; 0.00278881 ; -0.02907 ; 102.556;
28 ; 11 ; 29 ; -0.0179891 ; 0.0100644 ; -0.017681 ; 103.067;
29 ; 11 ; 29 ; -0.0101481 ; -0.00393979 ; -0.00986168 ; 102.58;
30 ; 11 ; 29 ; -0.0101002 ; 0.0164025 ; -0.00596368 ; 103.15;
31 ; 11 ; 29 ; -0.0047765 ; 0.00757766 ; -0.00770919 ; 102.603;
32 ; 11 ; 29 ; 0.0120705 ; 0.00927245 ; -0.0132595 ; 102.731;
33 ; 11 ; 29 ; 0.0021343 ; 0.0128177 ; -0.00310528 ; 102.77;
4 ; 12 ; 29 ; -6.5933e-05 ; 0.00990795 ; -0.0130215 ; 102.695;
5 ; 12 ; 29 ; 0.00727218 ; 0.00399752 ; -0.0177347 ; 102.565;
6 ; 12 ; 29 ; 0.00615253 ; 0.00702779 ; -0.0140182 ; 103.025;
7 ; 12 ; 29 ; 0.0105391 ; 0.00929972 ; -0.0115662 ; 102.48;
8 ; 12 ; 29 ; 0.0118583 ; 0.0055395 ; -0.00240995 ; 102.893;
9 ; 12 ; 29 ; 0.0133242 ; 0.000327711 ; -0.0139699 ; 102.828;
10 ; 12 ; 29 ; 0.0151905 ; 0.02415 ; -0.0271937 ; 102.918;
11 ; 12 ; 29 ; 0.018432 ; 0.00943923 ; -0.019352 ; 102.787;
12 ; 12 ; 29 ; 0.0102143 ; 0.00685142 ; -0.0255583 ; 102.498;
13 ; 12 ; 29 ; -0.00660732 ; 0.00922019 ; -0.0232201 ; 102.748;
14 ; 12 ; 29 ; -0.00875735 ; 0.0162604 ; -0.0408023 ; 102.498;
15 ; 12 ; 29 ; 0.00235612 ; 0.0207683 ; -0.0198092 ; 102.215;
16 ; 12 ; 29 ; 0.00370485 ; 0.0141956 ; -0.0220794 ; 102.397;
17 ; 12 ; 29 ; 0.00280904 ; 0.00179449 ; -0.018008 ; 102.218;
18 ; 12 ; 29 ; 0.0146789 ; 0.00906973 ; -0.0281577 ; 102.249;
19 ; 12 ; 29 ; 0.00244013 ; 0.0136251 ; -0.0227433 ; 102.093;
20 ; 12 ; 29 ; 0.0106061 ; 0.0140915 ; -0.0215804 ; 102.155;
21 ; 12 ; 29 ; 0.0143669 ; 0.0122432 ; -0.024276 ; 102.394;
22 ; 12 ; 29 ; 0.00838375 ; -0.001383 ; -0.0208559 ; 102.5;
23 ; 12 ; 29 ; -0.0125256 ; 0.0243156 ; -0.0330013 ; 102.236;
24 ; 12 ; 29 ; -0.00687018 ; 0.00591222 ; -0.0285748 ; 102.802;
25 ; 12 ; 29 ; -0.0250816 ; 0.00134811 ; -0.021014 ; 102.631;
26 ; 12 ; 29 ; -0.0172465 ; 0.00813089 ; -0.0220184 ; 102.797;
27 ; 12 ; 29 ; -0.0183324 ; -0.00467096 ; -0.0224415 ; 102.794;
28 ; 12 ; 29 ; -0.0175681 ; 0.00936602 ; -0.0194693 ; 102.75;
29 ; 12 ; 29 ; -0.012272 ; -0.00292948 ; -0.0241512 ; 102.907;
30 ; 12 ; 29 ; -0.0145073 ; 0.00790526 ; -0.0145637 ; 102.458;
31 ; 12 ; 29 ; -0.00457637 ; 0.00876983 ; -0.0176841 ; 102.353;
32 ; 12 ; 29 ; -0.0135995 ; 0.0133006 ; -0.0258551 ; 102.578;
33 ; 12 ; 29 ; -0.00282849 ; 0.0139166 ; -0.0216959 ; 102.285;
4 ; 13 ; 29 ; -0.00149017 ; -0.00446606 ; -0.00900888 ; 102.725;
5 ; 13 ; 29 ; -0.003305 ; 0.00570146 ; -0.0321146 ; 102.819;
6 ; 13 ; 29 ; 0.0036283 ; -0.00150741 ; -0.0295321 ; 102.824;
7 ; 13 ; 29 ; 0.0103127 ; 0.00602706 ; -0.0100416 ; 102.726;
8 ; 13 ; 29 ; 0.002644 ; 0.00999583 ; -0.0217365 ; 102.344;
9 ; 13 ; 29 ; 0.024014 ; 0.0060241 ; 0.00680093 ; 102.65;
10 ; 13 ; 29 ; 0.0260057 ; -0.00966918 ; -0.0139031 ; 102.449;
11 ; 13 ; 29 ; 0.00771535 ; 0.00529879 ; -0.0215975 ; 102.729;
12 ; 13 ; 29 ; 0.000617827 ; -0.00415774 ; -0.0245924 ; 102.385;
13 ; 13 ; 29 ; 0.0125808 ; -0.000144101 ; -0.0217234 ; 102.641;
14 ; 13 ; 29 ; -0.00412165 ; 0.00573708 ; -0.0384347 ; 102.353;
15 ; 13 ; 29 ; 0.00259229 ; 0.00788521 ; -0.0377228 ; 102.204;
16 ; 13 ; 29 ; -0.0135887 ; 0.0109175 ; -0.0163924 ; 102.4;
17 ; 13 ; 29 ; -0.00775217 ; 0.000650847 ; -0.0261212 ; 102.343;
18 ; 13 ; 29 ; -0.000452956 ; 0.0015558 ; -0.0221402 ; 102.113;
19 ; 13 ; 29 ; 0.00191177 ; -0.00132081 ; -0.0345251 ; 102.357;
20 ; 13 ; 29 ; -0.00494995 ; 0.0107144 ; -0.0313938 ; 102.467;
21 ; 13 ; 29 ; 0.00828938 ; 0.00581573 ; -0.0254906 ; 102.33;
22 ; 13 ; 29 ; 0.0100337 ; 0.00836773 ; -0.00893557 ; 101.632;
23 ; 13 ; 29 ; -0.00574132 ; 0.0125125 ; -0.019149 ; 102.494;
24 ; 13 ; 29 ; -0.0136336 ; -0.000709456 ; -0.0276076 ; 102.23;
25 ; 13 ; 29 ; -0.0185583 ; 0.00760855 ; -0.017327 ; 102.13;
26 ; 13 ; 29 ; -0.02204 ; -0.00643644 ; -0.0276469 ; 102.921;
27 ; 13 ; 29 ; -0.00183667 ; -0.000402292 ; -0.0191661 ; 102.773;
28 ; 13 ; 29 ; -0.014752 ; -0.00220785 ; -0.0306152 ; 102.885;
29 ; 13 ; 29 ; -0.00102783 ; -0.00448267 ; -0.0033322 ; 103.123;
30 ; 13 ; 29 ; -0.0126074 ; -0.00101979 ; -0.0186272 ; 102.576;
31 ; 13 ; 29 ; -0.0095956 ; 0.0088138 ; -0.0089638 ; 102.727;
32 ; 13 ; 29 ; -0.00975127 ; 0.00957201 ; -0.0172309 ; 102.747;
33 ; 13 ; 29 ; 0.00852391 ; 0.0051884 ; -0.0102791 ; 102.825;
4 ; 14 ; 29 ; 0.00138687 ; -0.00396795 ; -0.00701571 ; 102.949;
5 ; 14 ; 29 ; 0.0198141 ; -0.00996869 ; -0.024398 ; 102.558;
6 ; 14 ; 29 ; 0.0123013 ; -0.00490904 ; -0.00966332 ; 102.286;
7 ; 14 ; 29 ; 0.00403932 ; 0.00169246 ; -0.0233728 ; 102.419;
8 ; 14 ; 29 ; 0.0143352 ; -0.00291672 ; -0.0191541 ; 102.472;
9 ; 14 ; 29 ; 0.0122819 ; 0.00402424 ; -0.0154283 ; 102.707;
10 ; 14 ; 29 ; 0.0229917 ; 0.00549875 ; -0.0172707 ; 102.442;
11 ; 14 ; 29 ; 0.0122962 ; 0.000871984 ; -0.0121399 ; 102.579;
12 ; 14 ; 29 ; 0.0176414 ; 0.00569464 ; -0.0304138 ; 102.376;
13 ; 14 ; 29 ; 0.0148268 ; 0.00188542 ; -0.0229694 ; 102.454;
14 ; 14 ; 29 ; 0.0052871 ; 0.00502717 ; -0.0333799 ; 102.603;
15 ; 14 ; 29 ; 0.00656227 ; 0.0107541 ; -0.0303631 ; 102.597;
16 ; 14 ; 29 ; -0.00561304 ; -0.0121753 ; -0.0390224 ; 102.121;
17 ; 14 ; 29 ; 0.000190844 ; -0.00361249 ; -0.0426002 ; 102.242;
18 ; 14 ; 29 ; 0.00790311 ; 0.00553953 ; -0.0198119 ; 101.808;
19 ; 14 ; 29 ; -0.00881223 ; -0.00869838 ; -0.0157383 ; 102.492;
20 ; 14 ; 29 ; -0.00126494 ; 0.00737526 ; -0.0247782 ; 102.031;
21 ; 14 ; 29 ; 0.00440647 ; 0.00072314 ; -0.0264116 ; 102.061;
22 ; 14 ; 29 ; 0.000317313 ; -0.00116101 ; -0.0175912 ; 102.437;
23 ; 14 ; 29 ; 0.0073019 ; 0.000878756 ; -0.0191468 ; 102.317;
24 ; 14 ; 29 ; -0.00653066 ; -0.00205109 ; -0.0270645 ; 102.404;
25 ; 14 ; 29 ; -0.0197081 ; -0.00182231 ; -0.018948 ; 102.178;
26 ; 14 ; 29 ; -0.00868985 ; -0.0173756 ; -0.0168638 ; 102.464;
27 ; 14 ; 29 ; -0.0232804 ; 0.00147818 ; -0.0142196 ; 102.667;
28 ; 14 ; 29 ; -0.020302 ; 0.0118222 ; -0.0276896 ; 102.372;
29 ; 14 ; 29 ; -0.0151298 ; -0.0185841 ; -0.00422657 ; 102.675;
30 ; 14 ; 29 ; -0.0157185 ; -0.00675622 ; -0.0175519 ; 102.158;
31 ; 14 ; 29 ; -0.0115793 ; -0.00840316 ; -0.0148729 ; 102.754;
32 ; 14 ; 29 ; -0.00779375 ; -0.00601894 ; -0.0240787 ; 102.412;
33 ; 14 ; 29 ; -0.00190839 ; 0.00580846 ; -0.0205519 ; 102.577;
4 ; 15 ; 29 ; 0.00235295 ; -0.00868548 ; -0.0228401 ; 102.593;
5 ; 15 ; 29 ; 0.0161679 ; -0.00661878 ; -0.0206589 ; 102.236;
6 ; 15 ; 29 ; 0.022684 ; 0.000898914 ; -0.0257293 ; 102.801;
7 ; 15 ; 29 ; 0.00995097 ; -0.00534447 ; -0.0262893 ; 102.451;
8 ; 15 ; 29 ; 0.0130395 ; -0.00273369 ; -0.0126305 ; 102.14;
9 ; 15 ; 29 ; 0.0124305 ; 0.00371284 ; -0.0205767 ; 102.642;
10 ; 15 ; 29 ; 0.0106876 ; 0.005236 ; -0.0290814 ; 102.682;
11 ; 15 ; 29 ; 0.0187101 ; 0.00331359 ; -0.0222087 ; 102.841;
12 ; 15 ; 29 ; 0.0118573 ; 0.000268723 ; -0.0154252 ; 102.581;
13 ; 15 ; 29 ; 0.00755325 ; -0.00033103 ; -0.0319879 ; 102.191;
14 ; 15 ; 29 ; 0.000467591 ; 0.0134965 ; -0.0205664 ; 102.01;
15 ; 15 ; 29 ; 0.000560768 ; -0.000210897 ; -0.0102724 ; 101.969;
16 ; 15 ; 29 ; 0.004817 ; 0.00456667 ; -0.0380219 ; 101.886;
17 ; 15 ; 29 ; 0.00118416 ; -0.00325098 ; -0.0250478 ; 102.033;
18 ; 15 ; 29 ; -0.0040021 ; -0.00545712 ; -0.0155201 ; 101.748;
19 ; 15 ; 29 ; -0.00393908 ; -0.000926904 ; -0.0241205 ; 101.988;
20 ; 15 ; 29 ; -0.00734692 ; 0.00920011 ; -0.020732 ; 102.303;
21 ; 15 ; 29 ; -0.00370515 ; 0.00224274 ; -0.0221016 ; 102.011;
22 ; 15 ; 29 ; 7.57274e-05 ; 0.0143963 ; -0.0307771 ; 102.723;
23 ; 15 ; 29 ; 0.00348118 ; 0.00221073 ; -0.0183163 ; 102.475;
24 ; 15 ; 29 ; -0.00671207 ; 0.00539238 ; -0.0105136 ; 101.665;
25 ; 15 ; 29 ; -0.00300812 ; -0.00405919 ; -0.0265665 ; 102.405;
26 ; 15 ; 29 ; -0.0105556 ; -0.00533303 ; -0.0259094 ; 101.929;
27 ; 15 ; 29 ; -0.0207318 ; -0.00201915 ; -0.0226421 ; 102.234;
28 ; 15 ; 29 ; -0.0205695 ; 0.000840512 ; -0.0199877 ; 102.68;
29 ; 15 ; 29 ; -0.0118932 ; -0.00789845 ; -0.00494493 ; 102.631;
30 ; 15 ; 29 ; -0.00176707 ; 0.0106214 ; -0.0166662 ; 102.87;
31 ; 15 ; 29 ; -0.0119488 ; 0.00306635 ; -0.0262553 ; 102.39;
32 ; 15 ; 29 ; -0.00442371 ; -0.00178538 ; -0.032667 ; 102.517;
33 ; 15 ; 29 ; 0.0116994 ; -0.00201868 ; -0.0193309 ; 102.065;
4 ; 16 ; 29 ; -0.00328003 ; -0.0026426 ; -0.0100945 ; 102.221;
5 ; 16 ; 29 ; 0.00896521 ; 0.00405577 ; -0.0277963 ; 102.592;
6 ; 16 ; 29 ; 0.024333 ; 0.00408494 ; -0.0210323 ; 102.649;
7 ; 16 ; 29 ; 0.00525275 ; -0.00356024 ; -0.0259489 ; 102.369;
8 ; 16 ; 29 ; 0.0131376 ; 0.00481882 ; -0.0213134 ; 102.474;
9 ; 16 ; 29 ; 0.0169105 ; -0.00210182 ; -0.0181308 ; 102.274;
10 ; 16 ; 29 ; 0.0181078 ; -0.00382712 ; -0.0232633 ; 102.547;
11 ; 16 ; 29 ; 0.0192777 ; -0.00562391 ; -0.0120242 ; 102.14;
12 ; 16 ; 29 ; 0.0174685 ; 0.012944 ; -0.0247238 ; 102.142;
13 ; 16 ; 29 ; 0.00904058 ; -0.000226825 ; -0.0206065 ; 102.43;
14 ; 16 ; 29 ; 0.00825744 ; -0.00492535 ; -0.0376962 ; 101.84;
15 ; 16 ; 29 ; 0.0293375 ; 0.00788349 ; -0.0297606 ; 101.608;
16 ; 16 ; 29 ; 0.00982745 ; -0.00820976 ; -0.0238209 ; 102.129;
17 ; 16 ; 29 ; 0.00751593 ; -0.00430933 ; -0.023745 ; 102.078;
18 ; 16 ; 29 ; -0.00213449 ; 0.00908009 ; -0.0298015 ; 101.936;
19 ; 16 ; 29 ; 0.00626982 ; -0.00449365 ; -0.0149572 ; 102.614;
20 ; 16 ; 29 ; 0.00107972 ; -0.0186979 ; -0.00943095 ; 101.544;
21 ; 16 ; 29 ; -0.00160922 ; 0.0123052 ; -0.0151003 ; 102.178;
22 ; 16 ; 29 ; 0.00103013 ; 0.00560899 ; -0.0256555 ; 102.43;
23 ; 16 ; 29 ; -0.012438 ; -0.00483913 ; -0.0216192 ; 102.062;
24 ; 16 ; 29 ; -0.0223455 ; 0.00572634 ; -0.0225001 ; 102.337;
25 ; 16 ; 29 ; -0.0183417 ; 0.00258929 ; -0.0236324 ; 102.153;
26 ; 16 ; 29 ; -0.0119085 ; -0.000235109 ; -0.0233429 ; 102.544;
27 ; 16 ; 29 ; -0.0184124 ; -0.00493668 ; -0.014359 ; 102.274;
28 ; 16 ; 29 ; -0.0116129 ; 0.00362959 ; -0.0159189 ; 102.62;
29 ; 16 ; 29 ; -0.0154099 ; 0.00234075 ; -0.0300348 ; 102.583;
30 ; 16 ; 29 ; -0.0124814 ; -0.00255632 ; -0.0374129 ; 102.263;
31 ; 16 ; 29 ; -0.00490009 ; 0.00357932 ; -0.0331664 ; 101.998;
32 ; 16 ; 29 ; 0.000725306 ; 0.00617236 ; -0.0275826 ; 102.715;
33 ; 16 ; 29 ; -0.000474252 ; 0.00552544 ; -0.0191251 ; 102.345;
4 ; 17 ; 29 ; -0.00251692 ; 0.0022849 ; -0.0165396 ; 102.281;
5 ; 17 ; 29 ; 0.00702124 ; -0.0034726 ; -0.029847 ; 102.252;
6 ; 17 ; 29 ; 0.0228593 ; -0.0064285 ; -0.0214709 ; 102.825;
7 ; 17 ; 29 ; 0.0136755 ; 0.00443422 ; -0.0214271 ; 102.488;
8 ; 17 ; 29 ; 0.0170456 ; -0.00891115 ; -0.0135292 ; 102.607;
9 ; 17 ; 29 ; 0.0178076 ; 0.00406325 ; -0.0218586 ; 102.786;
10 ; 17 ; 29 ; 0.0161616 ; -0.0142023 ; -0.0249894 ; 102.31;
11 ; 17 ; 29 ; 0.0186525 ; 0.00484147 ; -0.0257831 ; 102.682;
12 ; 17 ; 29 ; 0.0216387 ; -0.0221381 ; -0.0218589 ; 102.282;
13 ; 17 ; 29 ; -0.00240204 ; -1.03903e-05 ; -0.0260388 ; 101.868;
14 ; 17 ; 29 ; 0.00503611 ; -0.00191106 ; -0.0258187 ; 102.18;
15 ; 17 ; 29 ; 0.00784369 ; 0.00513671 ; -0.033676 ; 102.154;
16 ; 17 ; 29 ; -0.0147605 ; -0.0016709 ; -0.0380401 ; 101.981;
17 ; 17 ; 29 ; 0.00346265 ; -0.00709788 ; -0.0394963 ; 102.02;
18 ; 17 ; 29 ; -0.0112737 ; 0.0074951 ; -0.0218098 ; 101.972;
19 ; 17 ; 29 ; 0.00776743 ; -0.00684725 ; -0.0415983 ; 101.988;
20 ; 17 ; 29 ; -0.024102 ; -0.00736934 ; -0.0347447 ; 101.56;
21 ; 17 ; 29 ; -0.000862564 ; 0.0285453 ; -0.0339788 ; 102.111;
22 ; 17 ; 29 ; -0.00768163 ; 0.0103415 ; -0.0205437 ; 102.152;
23 ; 17 ; 29 ; -0.00959141 ; -0.0096673 ; -0.0234475 ; 102.212;
24 ; 17 ; 29 ; -0.0128902 ; -0.0127488 ; -0.0283783 ; 102.452;
25 ; 17 ; 29 ; -0.0156456 ; 0.0074332 ; -0.0151142 ; 101.918;
26 ; 17 ; 29 ; -0.0116672 ; -0.000847884 ; -0.033567 ; 102.103;
27 ; 17 ; 29 ; -0.0246535 ; 0.00161831 ; -0.0197978 ; 102.505;
28 ; 17 ; 29 ; -0.0164117 ; -0.00726229 ; -0.0229399 ; 102.094;
29 ; 17 ; 29 ; -0.01591 ; -0.00325735 ; -0.0177477 ; 102.563;
30 ; 17 ; 29 ; -0.0277306 ; -0.00787312 ; -0.00516853 ; 102.088;
31 ; 17 ; 29 ; -0.0225766 ; 0.000542409 ; -0.00780227 ; 102.842;
32 ; 17 ; 29 ; -0.00940244 ; -0.00985994 ; -0.0205747 ; 102.646;
33 ; 17 ; 29 ; 0.00672178 ; -0.00648746 ; -0.017212 ; 102.26;
4 ; 18 ; 29 ; 0.0200397 ; 0.0137933 ; -0.0186075 ; 102.671;
5 ; 18 ; 29 ; 0.00799752 ; -0.00233689 ; -0.0258492 ; 102.517;
6 ; 18 ; 29 ; 0.0100902 ; 1.15942e-05 ; -0.0273488 ; 102.172;
7 ; 18 ; 29 ; 0.0194555 ; 0.00782833 ; -0.0231027 ; 102.122;
8 ; 18 ; 29 ; 0.0159523 ; -0.00326337 ; -0.022173 ; 102.647;
9 ; 18 ; 29 ; 0.0130858 ; -0.00569971 ; -0.0147268 ; 103.235;
10 ; 18 ; 29 ; 0.0165094 ; 0.00396591 ; -0.0172205 ; 102.023;
11 ; 18 ; 29 ; 0.0125176 ; -0.0102824 ; -0.0244051 ; 102.42;
12 ; 18 ; 29 ; 0.0115757 ; 0.00389412 ; -0.0236547 ; 102.059;
13 ; 18 ; 29 ; 0.0134798 ; -0.00832752 ; -0.026503 ; 102.272;
14 ; 18 ; 29 ; -0.0122692 ; -0.00565223 ; -0.0207498 ; 102.001;
15 ; 18 ; 29 ; -0.00403234 ; 0.00570997 ; -0.0235652 ; 101.851;
16 ; 18 ; 29 ; 9.47427e-05 ; -0.00336631 ; -0.0232836 ; 101.85;
17 ; 18 ; 29 ; 0.00915216 ; -0.000222527 ; -0.0302495 ; 101.85;
18 ; 18 ; 29 ; 0.0164319 ; 0.00733038 ; -0.0287337 ; 102.015;
19 ; 18 ; 29 ; -0.00654736 ; 0.00164431 ; -0.0270666 ; 102.298;
20 ; 18 ; 29 ; 0.000416843 ; -0.00248262 ; -0.0186181 ; 101.725;
21 ; 18 ; 29 ; 0.00241272 ; 0.00266106 ; -0.0262596 ; 102.081;
22 ; 18 ; 29 ; -0.0103522 ; -0.0116586 ; -0.0164453 ; 102.128;
23 ; 18 ; 29 ; -0.00669979 ; 0.00376021 ; -0.0153128 ; 102.299;
24 ; 18 ; 29 ; -0.013484 ; 0.00427718 ; -0.0187293 ; 102.06;
25 ; 18 ; 29 ; -0.0183211 ; -0.00512812 ; -0.026296 ; 102.171;
26 ; 18 ; 29 ; -0.0114771 ; 0.0123846 ; -0.0233838 ; 102.308;
27 ; 18 ; 29 ; -0.0200225 ; 0.00788511 ; -0.0316469 ; 102.361;
28 ; 18 ; 29 ; -0.00994001 ; 0.000825564 ; -0.00843704 ; 102.656;
29 ; 18 ; 29 ; -0.0111986 ; -0.0102522 ; -0.0104236 ; 102.22;
30 ; 18 ; 29 ; -0.00462306 ; 0.00261803 ; -0.00969298 ; 102.702;
31 ; 18 ; 29 ; -0.0165413 ; 0.0137851 ; -0.0263238 ; 102.364;
32 ; 18 ; 29 ; -0.00764106 ; 0.000841848 ; -0.0295738 ; 102.577;
33 ; 18 ; 29 ; -0.0127377 ; 0.0031427 ; -0.0251439 ; 102.735;
4 ; 19 ; 29 ; 0.0155444 ; 0.000887104 ; -0.0162397 ; 102.157;
5 ; 19 ; 29 ; 0.0102431 ; 0.011379 ; -0.0234823 ; 102.874;
6 ; 19 ; 29 ; 0.00759014 ; 0.00390109 ; -0.0300561 ; 102.608;
7 ; 19 ; 29 ; 0.0107768 ; 0.00277484 ; -0.0117615 ; 102.729;
8 ; 19 ; 29 ; 0.0028384 ; 0.00671119 ; -0.0310102 ; 102.093;
9 ; 19 ; 29 ; 0.0184431 ; 0.00365403 ; -0.028317 ; 102.639;
10 ; 19 ; 29 ; 0.0202042 ; 0.00336033 ; -0.0234056 ; 102.394;
11 ; 19 ; 29 ; 0.0112349 ; -0.00145252 ; -0.0207425 ; 101.691;
12 ; 19 ; 29 ; 0.00624548 ; 0.00705253 ; -0.013403 ; 102.232;
13 ; 19 ; 29 ; 0.0153799 ; 0.0108606 ; -0.0193543 ; 102.232;
14 ; 19 ; 29 ; 0.00498981 ; -0.00347639 ; -0.0345743 ; 102.228;
15 ; 19 ; 29 ; 0.000766898 ; 0.00619578 ; -0.00930158 ; 102.228;
16 ; 19 ; 29 ; -0.00475699 ; -0.00439748 ; -0.0141678 ; 101.916;
17 ; 19 ; 29 ; -0.0147803 ; -0.000955885 ; -0.0256627 ; 102.034;
18 ; 19 ; 29 ; -0.00159058 ; -0.00486519 ; -0.0320729 ; 102.051;
19 ; 19 ; 29 ; -0.00588068 ; 0.00845762 ; -0.0256224 ; 101.922;
20 ; 19 ; 29 ; 0.00836794 ; -0.00219237 ; -0.0315415 ; 101.709;
21 ; 19 ; 29 ; 0.00239544 ; 0.00479517 ; -0.0196981 ; 101.74;
22 ; 19 ; 29 ; 0.00267519 ; 0.00864218 ; -0.0268863 ; 101.688;
23 ; 19 ; 29 ; -0.00230234 ; 0.0100079 ; -0.0250668 ; 101.929;
24 ; 19 ; 29 ; -0.0155556 ; -0.00553885 ; -0.0305705 ; 102.398;
25 ; 19 ; 29 ; -0.0175824 ; -0.00445076 ; -0.0330098 ; 102.013;
26 ; 19 ; 29 ; -0.00941568 ; 0.00247212 ; -0.0180262 ; 102.395;
27 ; 19 ; 29 ; -0.0177409 ; -0.00222385 ; -0.0275969 ; 102.259;
28 ; 19 ; 29 ; 0.00248817 ; 0.0135674 ; -0.0117724 ; 102.695;
29 ; 19 ; 29 ; -0.0119158 ; -0.00950256 ; -0.0157237 ; 102.401;
30 ; 19 ; 29 ; -0.00984095 ; -0.011741 ; -0.0164818 ; 102.56;
31 ; 19 ; 29 ; -0.0114353 ; 0.00521419 ; -0.0265069 ; 102.348;
32 ; 19 ; 29 ; -0.0133657 ; -0.00768361 ; -0.0411457 ; 102.397;
33 ; 19 ; 29 ; -0.00605338 ; 0.00665377 ; -0.0241355 ; 102.194;
4 ; 20 ; 29 ; 0.00555484 ; -0.0108783 ; -0.0181286 ; 102.2;
5 ; 20 ; 29 ; 0.00938734 ; -0.00640483 ; -0.0210961 ; 102.445;
6 ; 20 ; 29 ; -0.00189478 ; -0.00129839 ; -0.0190301 ; 101.964;
7 ; 20 ; 29 ; 0.00711181 ; -0.0173458 ; -0.0402405 ; 102.692;
8 ; 20 ; 29 ; 0.0159959 ; -0.00880564 ; -0.0269882 ; 102.341;
9 ; 20 ; 29 ; 0.0168396 ; -0.0145377 ; -0.0242899 ; 102.759;
10 ; 20 ; 29 ; 0.0181369 ; 0.00383945 ; -0.0133432 ; 102.103;
11 ; 20 ; 29 ; 0.0315052 ; 0.00119331 ; -0.0162 ; 102.437;
12 ; 20 ; 29 ; 0.0152749 ; 0.00421111 ; -0.0230382 ; 102.488;
13 ; 20 ; 29 ; 0.0104288 ; -0.0059527 ; -0.0158244 ; 101.481;
14 ; 20 ; 29 ; 0.0197639 ; -0.00272496 ; -0.0211505 ; 102.19;
15 ; 20 ; 29 ; 0.00714496 ; 0.000860868 ; -0.0263323 ; 101.787;
16 ; 20 ; 29 ; 0.0133301 ; -0.00443707 ; -0.0376022 ; 102.313;
17 ; 20 ; 29 ; 0.0170114 ; 0.0041838 ; -0.0321939 ; 102.14;
18 ; 20 ; 29 ; 0.0077073 ; 0.012493 ; -0.0304752 ; 102.345;
19 ; 20 ; 29 ; -0.00268947 ; 0.00546927 ; -0.0133253 ; 101.563;
20 ; 20 ; 29 ; 0.00711794 ; 0.000691003 ; -0.0184178 ; 101.815;
21 ; 20 ; 29 ; 0.00111841 ; 0.0035734 ; -0.0329872 ; 102.079;
22 ; 20 ; 29 ; 0.000705613 ; -0.00920097 ; -0.0220716 ; 101.916;
23 ; 20 ; 29 ; -0.00815249 ; 0.00793237 ; -0.0390978 ; 102.17;
24 ; 20 ; 29 ; -0.0093051 ; -0.00112475 ; -0.0275484 ; 102.284;
25 ; 20 ; 29 ; -0.0234572 ; -0.00646309 ; -0.0263687 ; 102.455;
26 ; 20 ; 29 ; -0.010821 ; -8.59901e-05 ; -0.0263976 ; 101.794;
27 ; 20 ; 29 ; -0.0130618 ; 0.00280879 ; -0.0202698 ; 102.293;
28 ; 20 ; 29 ; -0.0236343 ; 0.0176358 ; -0.0187832 ; 102.235;
29 ; 20 ; 29 ; -0.00509994 ; 0.00914237 ; -0.0266358 ; 102.559;
30 ; 20 ; 29 ; -0.017756 ; 0.0030949 ; -0.0107556 ; 102.331;
31 ; 20 ; 29 ; -0.018929 ; -0.00493619 ; -0.0171686 ; 102.571;
32 ; 20 ; 29 ; 0.00135137 ; -0.013935 ; -0.0112352 ; 102.498;
33 ; 20 ; 29 ; -0.000980351 ; 0.00141842 ; -0.0134192 ; 102.752;
4 ; 21 ; 29 ; 0.00484984 ; -0.0162988 ; -0.0160013 ; 102.401;
5 ; 21 ; 29 ; 0.00825227 ; 0.000800952 ; -0.0188118 ; 102.439;
6 ; 21 ; 29 ; 0.0102005 ; 0.00410314 ; -0.0193024 ; 102.831;
7 ; 21 ; 29 ; 0.011058 ; -0.00788678 ; -0.023486 ; 102.663;
8 ; 21 ; 29 ; 0.0188125 ; -0.0073187 ; -0.0156506 ; 102.581;
9 ; 21 ; 29 ; 0.00808975 ; -0.000390107 ; -0.0182539 ; 102.304;
10 ; 21 ; 29 ; 0.0150897 ; -0.00552503 ; -0.0163811 ; 102.654;
11 ; 21 ; 29 ; 0.0156951 ; -0.0150741 ; -0.0200282 ; 102.521;
12 ; 21 ; 29 ; 0.00605194 ; 0.00513129 ; -0.0437995 ; 102.33;
13 ; 21 ; 29 ; -0.00155017 ; -0.00331297 ; -0.0304306 ; 102.185;
14 ; 21 ; 29 ; 0.00202768 ; 0.00393446 ; -0.0238305 ; 101.991;
15 ; 21 ; 29 ; -0.000578436 ; 0.00341088 ; -0.0236586 ; 102.097;
16 ; 21 ; 29 ; 0.00342868 ; -0.00561541 ; -0.0361899 ; 101.679;
17 ; 21 ; 29 ; -0.00914973 ; -0.0151436 ; -0.0326635 ; 101.691;
18 ; 21 ; 29 ; -0.000755917 ; -0.00929878 ; -0.022326 ; 101.47;
19 ; 21 ; 29 ; -0.00812145 ; 0.00379174 ; -0.0329712 ; 101.957;
20 ; 21 ; 29 ; 0.00833526 ; 0.00493463 ; -0.0257035 ; 102.021;
21 ; 21 ; 29 ; -0.00325584 ; -0.0074241 ; -0.0386432 ; 101.825;
22 ; 21 ; 29 ; 0.0144957 ; -0.00477923 ; -0.0244533 ; 102.437;
23 ; 21 ; 29 ; -0.00308877 ; -0.00146503 ; -0.0319959 ; 102.68;
24 ; 21 ; 29 ; 0.00136317 ; -0.000987166 ; -0.0261763 ; 102.479;
25 ; 21 ; 29 ; -0.0230299 ; 0.00523191 ; -0.0281494 ; 102.086;
26 ; 21 ; 29 ; -0.0115243 ; -0.00506279 ; -0.0209285 ; 102.32;
27 ; 21 ; 29 ; -0.0289317 ; -0.00346338 ; -0.0222532 ; 102.674;
28 ; 21 ; 29 ; -0.0293769 ; 0.00907201 ; -0.0240712 ; 103.127;
29 ; 21 ; 29 ; -0.0181725 ; -0.00303316 ; -0.0266386 ; 102.218;
30 ; 21 ; 29 ; -0.0058564 ; -0.00449288 ; -0.0230619 ; 102.303;
31 ; 21 ; 29 ; 0.00134018 ; -0.00527829 ; -0.0106401 ; 102.739;
32 ; 21 ; 29 ; -0.00381674 ; 0.000630962 ; -0.0209204 ; 102.264;
33 ; 21 ; 29 ; -0.000768139 ; -0.000397922 ; -0.0113985 ; 102.395;
4 ; 22 ; 29 ; -0.00588419 ; 0.00381145 ; -0.00538716 ; 102.729;
5 ; 22 ; 29 ; 0.0128929 ; -0.00105617 ; -0.0213179 ; 102.135;
6 ; 22 ; 29 ; 0.00440535 ; -0.00311719 ; -0.0116891 ; 102.793;
7 ; 22 ; 29 ; 0.00120249 ; -0.0128506 ; -0.0215653 ; 102.868;
8 ; 22 ; 29 ; 0.019394 ; -0.0104029 ; -0.0267649 ; 102.774;
9 ; 22 ; 29 ; 0.0146022 ; 0.00505523 ; -0.0155387 ; 102.54;
10 ; 22 ; 29 ; 0.0143543 ; -0.00144593 ; -0.020033 ; 102.512;
11 ; 22 ; 29 ; 0.00585889 ; 0.00461601 ; -0.0214394 ; 102.599;
12 ; 22 ; 29 ; 0.0053583 ; -0.00428049 ; -0.0174497 ; 101.933;
13 ; 22 ; 29 ; 0.0102187 ; -0.00207415 ; -0.0195377 ; 102.59;
14 ; 22 ; 29 ; 0.00461209 ; -0.000555274 ; -0.0254723 ; 102.598;
15 ; 22 ; 29 ; -0.00500927 ; -0.00249839 ; -0.0172529 ; 102.021;
16 ; 22 ; 29 ; 0.00502402 ; -0.00597156 ; -0.0276156 ; 102.335;
17 ; 22 ; 29 ; 0.00135785 ; -0.00119393 ; -0.015304 ; 102.085;
18 ; 22 ; 29 ; 0.00838338 ; -0.00349635 ; -0.0162157 ; 101.55;
19 ; 22 ; 29 ; -0.00165018 ; -0.00927447 ; -0.0275595 ; 102.386;
20 ; 22 ; 29 ; 0.00873806 ; -0.00919902 ; -0.0247977 ; 102.119;
21 ; 22 ; 29 ; -0.00634353 ; -0.0185389 ; -0.0239973 ; 101.78;
22 ; 22 ; 29 ; -0.0118593 ; -0.00454341 ; -0.0263032 ; 102.476;
23 ; 22 ; 29 ; -0.0246192 ; -0.00880432 ; -0.0318471 ; 102.737;
24 ; 22 ; 29 ; -0.00293581 ; 0.00536272 ; -0.0246547 ; 102.44;
25 ; 22 ; 29 ; -0.00857489 ; -0.00435436 ; -0.0280992 ; 102.688;
26 ; 22 ; 29 ; -0.0150991 ; 0.00754759 ; -0.038129 ; 102.805;
27 ; 22 ; 29 ; -0.0144867 ; -0.00709854 ; -0.0301475 ; 102.281;
28 ; 22 ; 29 ; -0.0156661 ; 0.00675605 ; -0.0165353 ; 102.254;
29 ; 22 ; 29 ; -0.0110956 ; -0.00440391 ; -0.0240127 ; 102.442;
30 ; 22 ; 29 ; -0.0203904 ; -0.00191193 ; -0.0207941 ; 102.468;
31 ; 22 ; 29 ; -0.00217712 ; 0.00366851 ; -0.0276276 ; 102.89;
32 ; 22 ; 29 ; -0.00841537 ; 0.0114194 ; -0.0221084 ; 102.927;
33 ; 22 ; 29 ; -0.0113117 ; -0.002768 ; -0.0204872 ; 103.113;
4 ; 23 ; 29 ; 0.0114445 ; -0.00458472 ; -0.0254874 ; 102.487;
5 ; 23 ; 29 ; 0.019808 ; -0.00203047 ; -0.0179959 ; 102.391;
6 ; 23 ; 29 ; 0.00913526 ; -0.0119462 ; -0.0110468 ; 102.894;
7 ; 23 ; 29 ; 0.00988243 ; 0.000509333 ; -0.0252529 ; 102.666;
8 ; 23 ; 29 ; 0.0261107 ; -0.008956 ; -0.0197318 ; 102.375;
9 ; 23 ; 29 ; 0.0253592 ; -0.0117903 ; -0.00964241 ; 102.369;
10 ; 23 ; 29 ; 0.0214428 ; -9.89817e-05 ; -0.0222421 ; 102.527;
11 ; 23 ; 29 ; 0.0203795 ; 0.0054993 ; -0.0234859 ; 102.406;
12 ; 23 ; 29 ; 0.0200629 ; -0.00541631 ; -0.0275346 ; 102.564;
13 ; 23 ; 29 ; 0.00842899 ; -0.00338625 ; -0.0309435 ; 101.77;
14 ; 23 ; 29 ; 0.00476252 ; 0.00847836 ; -0.0200582 ; 102.163;
15 ; 23 ; 29 ; 0.00459781 ; 0.00725736 ; -0.0264992 ; 101.958;
16 ; 23 ; 29 ; -0.00392135 ; -0.0033084 ; -0.0302315 ; 102.394;
17 ; 23 ; 29 ; 0.000432522 ; 0.00639971 ; -0.02517 ; 102.271;
18 ; 23 ; 29 ; -0.00593669 ; -0.0103918 ; -0.0278778 ; 102.02;
19 ; 23 ; 29 ; 0.00528492 ; -0.0185548 ; -0.0256863 ; 101.906;
20 ; 23 ; 29 ; -0.0125918 ; -0.0179346 ; -0.0253293 ; 101.745;
21 ; 23 ; 29 ; -0.011614 ; -0.0134351 ; -0.0365034 ; 102.301;
22 ; 23 ; 29 ; 0.00301903 ; -0.0193402 ; -0.0243369 ; 102.094;
23 ; 23 ; 29 ; -0.00395403 ; -0.0109223 ; -0.0311217 ; 102.076;
24 ; 23 ; 29 ; -0.00340026 ; -0.0094165 ; -0.0191067 ; 102.322;
25 ; 23 ; 29 ; -0.0163435 ; -0.0102059 ; -0.0174117 ; 102.604;
26 ; 23 ; 29 ; -0.0109132 ; -0.00229059 ; -0.0201327 ; 102.305;
27 ; 23 ; 29 ; -0.0294717 ; 0.0127807 ; -0.0290264 ; 102.533;
28 ; 23 ; 29 ; -0.0159813 ; -0.0068988 ; -0.0185989 ; 102.632;
29 ; 23 ; 29 ; -0.0234368 ; -0.0106402 ; -0.0200734 ; 102.888;
30 ; 23 ; 29 ; -0.0148931 ; -0.00202085 ; -0.0251007 ; 102.656;
31 ; 23 ; 29 ; -0.00735201 ; 0.00614318 ; -0.0158667 ; 102.537;
32 ; 23 ; 29 ; -0.012002 ; 0.0037041 ; -0.00557947 ; 102.579;
33 ; 23 ; 29 ; 0.00659917 ; 0.000327725 ; -0.00678825 ; 102.207;
4 ; 24 ; 29 ; 0.00605841 ; 0.0012037 ; -0.0168799 ; 102.163;
5 ; 24 ; 29 ; 0.000697952 ; -0.00711828 ; -0.0303929 ; 102.616;
6 ; 24 ; 29 ; 0.00391389 ; -0.00798796 ; -0.0160515 ; 102.332;
7 ; 24 ; 29 ; 0.0322522 ; -0.00308987 ; -0.0199081 ; 102.846;
8 ; 24 ; 29 ; 0.0198236 ; -0.00951818 ; -0.0197022 ; 102.946;
9 ; 24 ; 29 ; 0.0127339 ; 0.0012277 ; -0.0107494 ; 103.006;
10 ; 24 ; 29 ; 0.00737716 ; -0.00903668 ; -0.0148586 ; 102.631;
11 ; 24 ; 29 ; 0.0176766 ; -0.00854331 ; -0.0211763 ; 102.384;
12 ; 24 ; 29 ; 0.0061535 ; -0.012151 ; -0.0289357 ; 102.469;
13 ; 24 ; 29 ; 0.0101106 ; -0.00524576 ; -0.0166636 ; 102.291;
14 ; 24 ; 29 ; -0.000156037 ; -0.00441131 ; -0.0274017 ; 102.516;
15 ; 24 ; 29 ; 0.00554791 ; -0.0112091 ; -0.0202449 ; 101.969;
16 ; 24 ; 29 ; 0.00214976 ; -0.00623037 ; -0.0257587 ; 102.259;
17 ; 24 ; 29 ; -0.00173223 ; -0.0067585 ; -0.01346 ; 102.248;
18 ; 24 ; 29 ; 0.000926292 ; -0.00776008 ; -0.0239526 ; 102.191;
19 ; 24 ; 29 ; 0.00412926 ; -0.00354849 ; -0.034591 ; 102.182;
20 ; 24 ; 29 ; -0.000743572 ; -0.0269687 ; -0.0331035 ; 102.046;
21 ; 24 ; 29 ; 0.000591476 ; -0.0128215 ; -0.0197418 ; 101.924;
22 ; 24 ; 29 ; 0.0057319 ; -0.0127135 ; -0.0112365 ; 102.154;
23 ; 24 ; 29 ; -0.00613626 ; -0.00645853 ; -0.0233352 ; 102.406;
24 ; 24 ; 29 ; -0.0185381 ; -0.0256114 ; -0.0253858 ; 102.568;
25 ; 24 ; 29 ; 0.00146468 ; -0.00448004 ; -0.0156696 ; 102.031;
26 ; 24 ; 29 ; -0.0100456 ; -0.00444876 ; -0.00725859 ; 102.705;
27 ; 24 ; 29 ; -0.0133696 ; 0.00142807 ; -0.0185538 ; 102.485;
28 ; 24 ; 29 ; -0.0119704 ; -0.00330345 ; -0.00496874 ; 103.082;
29 ; 24 ; 29 ; -0.0196475 ; -0.0106891 ; -0.0164107 ; 102.454;
30 ; 24 ; 29 ; -0.0103116 ; -0.00907807 ; -0.0168102 ; 102.733;
31 ; 24 ; 29 ; -0.0223729 ; 0.00502573 ; -0.0251212 ; 102.612;
32 ; 24 ; 29 ; -0.00396845 ; -0.00481304 ; -0.0164366 ; 102.666;
33 ; 24 ; 29 ; 0.00352166 ; 0.00528208 ; -0.0208992 ; 102.815;
4 ; 25 ; 29 ; 0.00113576 ; 0.00190613 ; -0.0149981 ; 103.16;
5 ; 25 ; 29 ; 0.0110201 ; 0.00258248 ; -0.010949 ; 102.714;
6 ; 25 ; 29 ; 0.00956433 ; -0.00352534 ; -0.0107997 ; 102.888;
7 ; 25 ; 29 ; 0.0211884 ; -0.00647672 ; -0.00802816 ; 102.735;
8 ; 25 ; 29 ; 0.0184327 ; -0.0115609 ; -0.00802111 ; 102.651;
9 ; 25 ; 29 ; 0.0211828 ; -0.0113165 ; -0.0199248 ; 102.937;
10 ; 25 ; 29 ; 0.0211173 ; -0.00683882 ; -0.0114117 ; 102.746;
11 ; 25 ; 29 ; 0.0141056 ; -0.0116714 ; -0.02162 ; 102.438;
12 ; 25 ; 29 ; 0.00475578 ; -0.0104653 ; -0.0201784 ; 102.589;
13 ; 25 ; 29 ; 0.00738735 ; -0.0125839 ; -0.0155962 ; 102.496;
14 ; 25 ; 29 ; -0.0105423 ; -0.00718804 ; -0.0139557 ; 102.518;
15 ; 25 ; 29 ; -0.00373134 ; -0.00685227 ; -0.0412291 ; 102.078;
16 ; 25 ; 29 ; -0.0059938 ; -0.00848042 ; -0.0154307 ; 102.554;
17 ; 25 ; 29 ; 0.00548839 ; -0.0217194 ; -0.0313712 ; 102.524;
18 ; 25 ; 29 ; -0.00363617 ; -0.00232301 ; -0.0237544 ; 102.57;
19 ; 25 ; 29 ; -0.010837 ; -0.0218273 ; -0.020915 ; 101.87;
20 ; 25 ; 29 ; 0.000294047 ; -0.0188916 ; -0.0423784 ; 102.423;
21 ; 25 ; 29 ; -0.0095378 ; -0.00520121 ; -0.0347603 ; 102.33;
22 ; 25 ; 29 ; -0.00258675 ; -0.0158634 ; -0.0125665 ; 102.107;
23 ; 25 ; 29 ; -0.00394585 ; -0.00924533 ; -0.0244733 ; 102.42;
24 ; 25 ; 29 ; -0.00231038 ; -0.00711596 ; -0.0209697 ; 102.711;
25 ; 25 ; 29 ; -0.00519091 ; -0.0142162 ; -0.0220867 ; 102.707;
26 ; 25 ; 29 ; -0.0136528 ; -0.0098857 ; -0.0239885 ; 102.469;
27 ; 25 ; 29 ; -0.0161061 ; -0.00334266 ; -0.0278163 ; 102.681;
28 ; 25 ; 29 ; -0.01524 ; -0.00845164 ; -0.0205796 ; 103.247;
29 ; 25 ; 29 ; 0.00439464 ; -0.0102389 ; -0.0201092 ; 102.789;
30 ; 25 ; 29 ; -0.0111751 ; -0.0170287 ; -0.0296977 ; 102.886;
31 ; 25 ; 29 ; 0.0069647 ; -0.0090306 ; -0.0262104 ; 102.77;
32 ; 25 ; 29 ; -0.00640083 ; -0.0185139 ; -0.0231662 ; 102.858;
33 ; 25 ; 29 ; -0.015315 ; -0.01982 ; -0.0210735 ; 102.454;
4 ; 26 ; 29 ; -0.00833101 ; -0.0122587 ; -0.0183655 ; 102.739;
5 ; 26 ; 29 ; 0.00233843 ; -0.00508026 ; 0.000203356 ; 102.92;
6 ; 26 ; 29 ; 0.0204635 ; -0.0297543 ; -0.0210225 ; 102.596;
7 ; 26 ; 29 ; 0.00909708 ; -0.0124202 ; -0.016395 ; 102.912;
8 ; 26 ; 29 ; 0.0254701 ; -0.0129971 ; -0.016587 ; 102.484;
9 ; 26 ; 29 ; 0.0170681 ; -0.0142796 ; -0.00828655 ; 103.393;
10 ; 26 ; 29 ; 0.0202605 ; -0.0103451 ; -0.031445 ; 103.014;
11 ; 26 ; 29 ; 0.00673221 ; -0.0031941 ; -0.0229341 ; 102.189;
12 ; 26 ; 29 ; 0.0254659 ; -0.0206783 ; -0.0244085 ; 102.601;
13 ; 26 ; 29 ; 0.00186966 ; -0.0217604 ; -0.0238214 ; 102.308;
14 ; 26 ; 29 ; -0.0064814 ; -0.00752443 ; -0.0261155 ; 102.758;
15 ; 26 ; 29 ; 0.00425059 ; -0.0022048 ; -0.0316184 ; 102.966;
16 ; 26 ; 29 ; 0.0152669 ; -0.00429929 ; -0.0145243 ; 102.406;
17 ; 26 ; 29 ; -0.00470002 ; -0.0264323 ; -0.0164706 ; 102.442;
18 ; 26 ; 29 ; -0.0119371 ; -0.0146434 ; -0.0233793 ; 102.198;
19 ; 26 ; 29 ; 0.00205948 ; -0.0115789 ; -0.0257989 ; 102.275;
20 ; 26 ; 29 ; 0.00924062 ; -0.0263206 ; -0.0260939 ; 102.305;
21 ; 26 ; 29 ; -0.00421567 ; -0.00889194 ; -0.0250106 ; 102.451;
22 ; 26 ; 29 ; 0.00285363 ; -0.0255066 ; -0.0231528 ; 102.431;
23 ; 26 ; 29 ; -0.0163607 ; -0.023158 ; -0.00389339 ; 102.116;
24 ; 26 ; 29 ; -0.00857182 ; -0.0092563 ; -0.0171222 ; 102.734;
25 ; 26 ; 29 ; -0.00641818 ; -0.0211123 ; -0.0192597 ; 102.542;
26 ; 26 ; 29 ; -0.0209512 ; -0.0134225 ; -0.0165927 ; 102.555;
27 ; 26 ; 29 ; -0.0163647 ; -0.00700803 ; -0.0280959 ; 102.79;
28 ; 26 ; 29 ; -0.0267914 ; -0.00803599 ; -0.0201556 ; 103.155;
29 ; 26 ; 29 ; -0.0073933 ; 0.00547149 ; -0.0123253 ; 103.136;
30 ; 26 ; 29 ; -0.0164716 ; -0.00562816 ; -0.00859195 ; 102.756;
31 ; 26 ; 29 ; -0.0154384 ; -0.0153777 ; -0.0126835 ; 103.01;
32 ; 26 ; 29 ; -0.00685923 ; -0.00749808 ; -0.0310545 ; 102.979;
33 ; 26 ; 29 ; 0.00348825 ; -0.0140139 ; -0.0166649 ; 102.656;
4 ; 27 ; 29 ; -0.00300636 ; 0.00704156 ; -0.00312215 ; 102.975;
5 ; 27 ; 29 ; 0.00117987 ; 0.000138245 ; -0.0173434 ; 103.299;
6 ; 27 ; 29 ; 0.00503946 ; -0.00743251 ; -0.0174178 ; 102.516;
7 ; 27 ; 29 ; 0.0169379 ; 0.00107345 ; -0.0298854 ; 102.411;
8 ; 27 ; 29 ; 0.00292774 ; -0.00677397 ; -0.00838237 ; 102.854;
9 ; 27 ; 29 ; 0.0221895 ; -0.00735561 ; -0.00148229 ; 103.024;
10 ; 27 ; 29 ; 0.0203716 ; -0.0247243 ; -0.0226631 ; 102.678;
11 ; 27 ; 29 ; 0.0142954 ; -0.0175902 ; -0.0254476 ; 103.233;
12 ; 27 ; 29 ; 0.0103763 ; -0.00154689 ; -0.015978 ; 102.55;
13 ; 27 ; 29 ; -0.0191585 ; 0.00120616 ; -0.0197774 ; 102.907;
14 ; 27 ; 29 ; 0.0161954 ; -0.014116 ; -0.01695 ; 101.999;
15 ; 27 ; 29 ; -0.0037349 ; -0.00597049 ; -0.0262673 ; 102.535;
16 ; 27 ; 29 ; 0.0114703 ; -0.0159637 ; -0.0178853 ; 102.224;
17 ; 27 ; 29 ; -0.00571837 ; -0.0225193 ; -0.00438142 ; 102.497;
18 ; 27 ; 29 ; -0.0036015 ; -0.00944373 ; -0.025582 ; 102.393;
19 ; 27 ; 29 ; -0.00303626 ; -0.0242538 ; -0.016129 ; 102.34;
20 ; 27 ; 29 ; 0.0166818 ; -0.0256589 ; -0.0343496 ; 102.828;
21 ; 27 ; 29 ; 0.0110252 ; -0.00930825 ; -0.0179787 ; 102.607;
22 ; 27 ; 29 ; -0.00659745 ; -0.0175741 ; -0.0117191 ; 102.694;
23 ; 27 ; 29 ; 0.00100619 ; -0.00659375 ; -0.0194297 ; 102.225;
24 ; 27 ; 29 ; 0.00857444 ; -0.0262044 ; -0.0267866 ; 102.636;
25 ; 27 ; 29 ; 0.00858622 ; -0.0222064 ; -0.019475 ; 102.774;
26 ; 27 ; 29 ; -0.00442628 ; -0.0127151 ; -0.0155476 ; 103.204;
27 ; 27 ; 29 ; -0.0211722 ; -0.0113263 ; -0.0135089 ; 103.212;
28 ; 27 ; 29 ; -0.00718351 ; -0.0200785 ; -0.021008 ; 103.149;
29 ; 27 ; 29 ; -1.19563e-05 ; -0.00328132 ; -0.0142032 ; 102.251;
30 ; 27 ; 29 ; -0.00914918 ; -0.0037328 ; -0.0192669 ; 102.525;
31 ; 27 ; 29 ; -0.00765768 ; -0.0149836 ; -0.0111881 ; 102.751;
32 ; 27 ; 29 ; -0.0108298 ; -0.0239259 ; -0.0232074 ; 102.837;
33 ; 27 ; 29 ; -0.0109723 ; -0.00820676 ; -0.0142277 ; 102.919;
4 ; 28 ; 29 ; -0.00648813 ; -0.0202598 ; -0.0136802 ; 102.779;
5 ; 28 ; 29 ; 0.00208762 ; -0.016222 ; -0.0210565 ; 103.138;
6 ; 28 ; 29 ; 3.72507e-05 ; -0.0210823 ; -0.0298658 ; 102.734;
7 ; 28 ; 29 ; 0.00613773 ; -0.0129457 ; -0.0028058 ; 102.636;
8 ; 28 ; 29 ; 0.00277946 ; -0.0150912 ; -0.00220587 ; 103.053;
9 ; 28 ; 29 ; 0.00548819 ; -0.0200141 ; 0.000605184 ; 102.696;
10 ; 28 ; 29 ; 0.00728963 ; -0.0188988 ; -0.0184009 ; 102.763;
11 ; 28 ; 29 ; 0.00167124 ; -0.0236024 ; -0.000583658 ; 102.771;
12 ; 28 ; 29 ; 0.00688345 ; -0.0249709 ; -0.0365385 ; 103.082;
13 ; 28 ; 29 ; 0.00213876 ; -0.0187055 ; -0.0263916 ; 102.331;
14 ; 28 ; 29 ; 0.00159762 ; -0.0216787 ; -0.0249011 ; 102.43;
15 ; 28 ; 29 ; 0.00715993 ; -0.0186089 ; -0.0150325 ; 102.562;
16 ; 28 ; 29 ; -0.0209488 ; -0.0191326 ; -0.0254888 ; 102.516;
17 ; 28 ; 29 ; -0.00262506 ; -0.0134409 ; -0.0262947 ; 102.688;
18 ; 28 ; 29 ; -0.00778276 ; -0.0180743 ; -0.0276496 ; 102.275;
19 ; 28 ; 29 ; 0.00551802 ; -0.0393004 ; -0.0299558 ; 102.207;
20 ; 28 ; 29 ; 0.000626498 ; -0.0206528 ; -0.015295 ; 102.23;
21 ; 28 ; 29 ; -0.00611994 ; -0.0219 ; 0.0023658 ; 102.034;
22 ; 28 ; 29 ; -0.00818947 ; -0.0255157 ; -0.0131594 ; 102.293;
23 ; 28 ; 29 ; 0.0130719 ; -0.0205876 ; -0.00698127 ; 102.386;
24 ; 28 ; 29 ; 0.019654 ; -0.0212603 ; 0.000858547 ; 103.449;
25 ; 28 ; 29 ; 0.00173874 ; -0.0376811 ; -0.016742 ; 102.844;
26 ; 28 ; 29 ; -0.0143428 ; -0.0166716 ; -0.0102284 ; 102.387;
27 ; 28 ; 29 ; -0.000719997 ; -0.0156814 ; -0.0246224 ; 102.756;
28 ; 28 ; 29 ; -0.0201779 ; -0.0246974 ; -0.00142322 ; 102.801;
29 ; 28 ; 29 ; -0.00494186 ; -0.019341 ; -0.00654674 ; 103.207;
30 ; 28 ; 29 ; -0.0168261 ; -0.00811187 ; -0.0172452 ; 102.473;
31 ; 28 ; 29 ; -0.00885077 ; -0.0257334 ; -0.0125591 ; 102.724;
32 ; 28 ; 29 ; -0.0112874 ; -0.0221429 ; -0.008872 ; 103.065;
33 ; 28 ; 29 ; -0.000794513 ; -0.0190951 ; -0.0117197 ; 102.786;
4 ; 29 ; 29 ; 0.00558539 ; -0.0206067 ; -0.0171486 ; 102.715;
5 ; 29 ; 29 ; 0.000862899 ; -0.0120858 ; -0.0289213 ; 102.995;
6 ; 29 ; 29 ; 0.0136277 ; -0.0235511 ; -0.0204602 ; 103.09;
7 ; 29 ; 29 ; 0.00749745 ; -0.00349088 ; 0.00269631 ; 103.169;
8 ; 29 ; 29 ; 0.0113512 ; -0.0161357 ; 0.00404795 ; 102.765;
9 ; 29 ; 29 ; 0.00593519 ; -0.0131398 ; -0.00539087 ; 103.293;
10 ; 29 ; 29 ; 0.000153407 ; -0.0163871 ; -0.0205814 ; 103.115;
11 ; 29 ; 29 ; 0.0155412 ; -0.0228297 ; -0.00478509 ; 102.667;
12 ; 29 ; 29 ; 0.00359375 ; -0.00648043 ; -0.0240474 ; 102.815;
13 ; 29 ; 29 ; -0.0045666 ; -0.0191415 ; -0.0123442 ; 102.89;
14 ; 29 ; 29 ; -0.0129255 ; -0.029238 ; -0.0205596 ; 102.513;
15 ; 29 ; 29 ; 0.00593321 ; -0.0251274 ; -0.0270767 ; 102.529;
16 ; 29 ; 29 ; 0.00751375 ; -0.0112453 ; -0.0187982 ; 102.771;
17 ; 29 ; 29 ; 0.000408326 ; -0.0150476 ; -0.0114112 ; 102.837;
18 ; 29 ; 29 ; 0.00132039 ; -0.0165402 ; -0.00655479 ; 102.518;
19 ; 29 ; 29 ; -0.00791917 ; -0.0227929 ; -0.0248839 ; 102.524;
20 ; 29 ; 29 ; 0.00524409 ; -0.0230464 ; -0.0113803 ; 102.731;
21 ; 29 ; 29 ; -0.00568486 ; -0.0210257 ; -0.0175184 ; 102.295;
22 ; 29 ; 29 ; 0.00741564 ; -0.0120923 ; -0.00809411 ; 102.706;
23 ; 29 ; 29 ; 0.00885293 ; -0.00587867 ; -0.0147339 ; 102.376;
24 ; 29 ; 29 ; 0.00127964 ; -0.0337015 ; -0.0252595 ; 102.606;
25 ; 29 ; 29 ; -0.0109799 ; -0.0189086 ; -0.0172553 ; 102.883;
26 ; 29 ; 29 ; -0.0204718 ; -0.00718038 ; -0.0266751 ; 102.989;
27 ; 29 ; 29 ; -0.00586643 ; -0.0149062 ; -0.0149193 ; 102.611;
28 ; 29 ; 29 ; -0.00886292 ; -0.0196279 ; -0.00192094 ; 103.095;
29 ; 29 ; 29 ; -0.00230912 ; -0.0110328 ; -0.0140346 ; 102.515;
30 ; 29 ; 29 ; -0.00953206 ; -0.00876954 ; 0.00353533 ; 103.104;
31 ; 29 ; 29 ; -0.0058303 ; -0.00700656 ; 0.00808757 ; 102.145;
32 ; 29 ; 29 ; -0.000957668 ; -0.0046246 ; -0.0166043 ; 102.814;
33 ; 29 ; 29 ; -0.00294589 ; -0.0227431 ; -0.0072022 ; 103.191;
4 ; 30 ; 29 ; -0.00510307 ; -0.0229325 ; -0.0176747 ; 103.027;
5 ; 30 ; 29 ; 0.00957715 ; -0.0138225 ; -0.0241256 ; 102.794;
6 ; 30 ; 29 ; 0.00752913 ; -0.0170208 ; -0.0173076 ; 103.226;
7 ; 30 ; 29 ; 0.0106041 ; 0.00496901 ; -0.0168582 ; 102.64;
8 ; 30 ; 29 ; 0.00934839 ; -0.0155805 ; -0.0149433 ; 103.095;
9 ; 30 ; 29 ; 0.022345 ; -0.00559885 ; -4.37088e-05 ; 102.608;
10 ; 30 ; 29 ; 0.00784362 ; -0.00600019 ; -0.0182392 ; 103.008;
11 ; 30 ; 29 ; 0.0164681 ; -0.0129464 ; -0.00833301 ; 102.41;
12 ; 30 ; 29 ; 0.00586886 ; -0.0145269 ; -0.0275111 ; 102.675;
13 ; 30 ; 29 ; 0.000275418 ; -0.0209629 ; -0.0220228 ; 102.856;
14 ; 30 ; 29 ; 0.00555102 ; -0.0209338 ; -0.0213505 ; 102.81;
15 ; 30 ; 29 ; -0.0109903 ; -0.0116451 ; -0.017572 ; 102.721;
16 ; 30 ; 29 ; 0.0104008 ; -0.0275731 ; -0.0174401 ; 102.279;
17 ; 30 ; 29 ; 0.000304564 ; -0.0203548 ; -0.00577612 ; 102.332;
18 ; 30 ; 29 ; -0.0013613 ; -0.0211573 ; -0.0110035 ; 102.811;
19 ; 30 ; 29 ; 0.00658107 ; -0.0148148 ; -0.0188717 ; 102.64;
20 ; 30 ; 29 ; 0.00175481 ; -0.0292428 ; -0.0154813 ; 102.427;
21 ; 30 ; 29 ; 0.00337138 ; -0.0261454 ; -0.00994469 ; 102.564;
22 ; 30 ; 29 ; 0.00873031 ; -0.00828814 ; -0.0212625 ; 102.342;
23 ; 30 ; 29 ; 0.00595611 ; -0.00613573 ; -0.0227163 ; 102.762;
24 ; 30 ; 29 ; 0.0125117 ; 0.00286033 ; -0.0300651 ; 102.368;
25 ; 30 ; 29 ; -0.00470286 ; -0.0119415 ; -0.0158173 ; 102.971;
26 ; 30 ; 29 ; -0.0190345 ; -0.0155015 ; -0.00862131 ; 102.381;
27 ; 30 ; 29 ; -0.0214111 ; -0.0175688 ; -0.0130026 ; 103.096;
28 ; 30 ; 29 ; -0.0185359 ; -0.00508669 ; -0.000852917 ; 102.794;
29 ; 30 ; 29 ; -0.0154419 ; -0.0144454 ; -0.0148056 ; 103.104;
30 ; 30 ; 29 ; 0.00125108 ; -0.0154221 ; -0.0180783 ; 103.328;
31 ; 30 ; 29 ; 0.00341891 ; -0.00995199 ; -0.00507443 ; 103.214;
32 ; 30 ; 29 ; 0.00814704 ; 0.00475007 ; -0.0153616 ; 102.959;
33 ; 30 ; 29 ; -0.00757767 ; -0.0132286 ; -0.0141714 ; 103.038;
4 ; 31 ; 29 ; 0.00180422 ; -0.014335 ; -0.0188254 ; 102.956;
5 ; 31 ; 29 ; 0.0176398 ; -0.00945087 ; -0.0148747 ; 102.6;
6 ; 31 ; 29 ; 0.0125934 ; -0.00713804 ; -0.00562318 ; 102.394;
7 ; 31 ; 29 ; 0.0240409 ; -0.0168852 ; -0.0291246 ; 102.954;
8 ; 31 ; 29 ; 0.00842689 ; -0.00470573 ; -0.0252081 ; 102.523;
9 ; 31 ; 29 ; 0.0151423 ; -0.0106473 ; -0.0199097 ; 103.041;
10 ; 31 ; 29 ; 0.0184203 ; 0.00257605 ; -0.0292126 ; 102.564;
11 ; 31 ; 29 ; 0.0130097 ; -0.00328072 ; -0.0127673 ; 102.976;
12 ; 31 ; 29 ; 0.0057136 ; -0.0179682 ; -0.0146836 ; 102.805;
13 ; 31 ; 29 ; -0.0146917 ; -0.0114693 ; -0.034444 ; 102.556;
14 ; 31 ; 29 ; 0.000371417 ; -0.0136662 ; -0.00543669 ; 102.783;
15 ; 31 ; 29 ; -0.000596797 ; -0.00329131 ; -0.0131577 ; 102.857;
16 ; 31 ; 29 ; -0.0178157 ; -0.0154743 ; -0.022592 ; 102.379;
17 ; 31 ; 29 ; -0.00548918 ; -0.0238792 ; -0.0126288 ; 102.426;
18 ; 31 ; 29 ; -0.00501974 ; -0.0155929 ; -0.0285241 ; 101.888;
19 ; 31 ; 29 ; -0.0119726 ; -0.00263028 ; -0.0287984 ; 102.579;
20 ; 31 ; 29 ; -0.00240167 ; -0.0016739 ; -0.0251189 ; 102.558;
21 ; 31 ; 29 ; 0.00154335 ; -0.0148545 ; -0.0198939 ; 102.508;
22 ; 31 ; 29 ; 0.00751722 ; -0.0186066 ; 0.0017871 ; 102.576;
23 ; 31 ; 29 ; -0.002677 ; -0.00716957 ; -0.025585 ; 102.359;
24 ; 31 ; 29 ; 0.000240987 ; -0.0156023 ; -0.0119061 ; 103.123;
25 ; 31 ; 29 ; -0.000636747 ; -0.0183751 ; -0.0184008 ; 102.715;
26 ; 31 ; 29 ; -0.0116101 ; -0.0199245 ; -0.00521577 ; 102.357;
27 ; 31 ; 29 ; -0.031152 ; 0.0103065 ; -0.0238495 ; 102.86;
28 ; 31 ; 29 ; -0.0130203 ; -0.00694029 ; -0.0111237 ; 103.141;
29 ; 31 ; 29 ; -0.0111166 ; -0.0124788 ; -0.00796515 ; 102.83;
30 ; 31 ; 29 ; -0.0024769 ; -0.000445581 ; -0.0115427 ; 103.26;
31 ; 31 ; 29 ; -0.00922662 ; -0.00927298 ; -0.0130234 ; 102.664;
32 ; 31 ; 29 ; -0.00418484 ; 0.00236579 ; -0.0127748 ; 102.919;
33 ; 31 ; 29 ; 0.00356362 ; -0.00602109 ; -0.00836082 ; 102.846;
4 ; 32 ; 29 ; 0.00265046 ; -0.00267438 ; 0.00154081 ; 102.814;
5 ; 32 ; 29 ; -0.00549656 ; -0.00137676 ; -0.000343229 ; 102.652;
6 ; 32 ; 29 ; 0.00526104 ; -0.00753957 ; -0.0193627 ; 102.686;
7 ; 32 ; 29 ; 0.0101734 ; -0.00131812 ; -0.0127631 ; 102.765;
8 ; 32 ; 29 ; 0.0140592 ; -0.0197553 ; -0.012236 ; 102.692;
9 ; 32 ; 29 ; 0.0171809 ; -0.010582 ; -0.025157 ; 102.861;
10 ; 32 ; 29 ; 0.0183961 ; -0.013756 ; -0.0124747 ; 102.768;
11 ; 32 ; 29 ; 0.0161673 ; -0.00779211 ; -0.0439545 ; 102.756;
12 ; 32 ; 29 ; 0.012128 ; -0.00347008 ; -0.0157954 ; 102.353;
13 ; 32 ; 29 ; -0.0059151 ; -0.000804976 ; -0.0341123 ; 102.643;
14 ; 32 ; 29 ; -0.00147508 ; -0.0108613 ; -0.0112275 ; 102.111;
15 ; 32 ; 29 ; -0.00210073 ; -0.0088393 ; -0.0180502 ; 102.143;
16 ; 32 ; 29 ; -0.00806402 ; -0.0188343 ; -0.0219187 ; 102.838;
17 ; 32 ; 29 ; -0.0161977 ; -0.00748337 ; -0.0215732 ; 102.532;
18 ; 32 ; 29 ; -0.0017647 ; -0.0150717 ; -0.0280126 ; 102.46;
19 ; 32 ; 29 ; -0.0123227 ; -0.00608835 ; -0.0112723 ; 102.276;
20 ; 32 ; 29 ; 0.00143299 ; -0.0047128 ; -0.0255887 ; 102.477;
21 ; 32 ; 29 ; 0.00966812 ; -0.0110313 ; -0.0274725 ; 102.659;
22 ; 32 ; 29 ; 0.00923854 ; -0.00503486 ; -0.00891552 ; 102.859;
23 ; 32 ; 29 ; 0.00557456 ; -0.00146277 ; -0.0312577 ; 102.471;
24 ; 32 ; 29 ; -0.00826656 ; 0.00366337 ; -0.0252964 ; 102.546;
25 ; 32 ; 29 ; -0.00139001 ; -0.00462457 ; -0.0213611 ; 102.803;
26 ; 32 ; 29 ; 0.00134814 ; -0.0100602 ; -0.0248497 ; 103.032;
27 ; 32 ; 29 ; -0.0153225 ; -0.0117476 ; -0.00440366 ; 102.546;
28 ; 32 ; 29 ; -0.0124444 ; -0.00136084 ; -0.0210852 ; 102.909;
29 ; 32 ; 29 ; -0.022165 ; -0.0058597 ; -0.00831422 ; 102.769;
30 ; 32 ; 29 ; -0.0156818 ; -0.00260854 ; -0.0138298 ; 103;
31 ; 32 ; 29 ; -0.0134895 ; 0.00481299 ; -0.00818435 ; 102.655;
32 ; 32 ; 29 ; -0.00388446 ; 0.00178017 ; -0.019208 ; 103.37;
33 ; 32 ; 29 ; -0.0117439 ; -0.00390575 ; -0.0113593 ; 102.939;
4 ; 33 ; 29 ; 0.0137027 ; -0.0140347 ; -0.00325317 ; 102.947;
5 ; 33 ; 29 ; 0.00536331 ; -0.00696612 ; -0.0145396 ; 103.17;
6 ; 33 ; 29 ; 0.0133397 ; 0.00340955 ; -0.015847 ; 102.904;
7 ; 33 ; 29 ; 0.00871579 ; 0.00155538 ; -0.0167539 ; 102.927;
8 ; 33 ; 29 ; 0.0150042 ; 0.00086269 ; -0.0211917 ; 103.09;
9 ; 33 ; 29 ; 0.0032588 ; -0.00890265 ; -0.00177022 ; 102.729;
10 ; 33 ; 29 ; -0.00203381 ; -0.00641598 ; -0.0181107 ; 102.623;
11 ; 33 ; 29 ; -0.00281697 ; -0.0150927 ; -0.0149844 ; 102.563;
12 ; 33 ; 29 ; 0.00821057 ; -0.0106395 ; -0.0188844 ; 102.309;
13 ; 33 ; 29 ; 0.00604764 ; -0.0101607 ; -0.0017628 ; 102.44;
14 ; 33 ; 29 ; -0.00725744 ; 0.00208729 ; -0.0145027 ; 102.71;
15 ; 33 ; 29 ; -0.00492476 ; -0.00899042 ; -0.0174458 ; 102.684;
16 ; 33 ; 29 ; -0.00441802 ; 0.00589026 ; -0.0203271 ; 102.456;
17 ; 33 ; 29 ; -0.00466564 ; -0.00944811 ; -0.00525474 ; 102.236;
18 ; 33 ; 29 ; -0.00696989 ; 0.00428665 ; -0.012486 ; 102.505;
19 ; 33 ; 29 ; 0.00113974 ; -0.00603741 ; -0.0261338 ; 102.434;
20 ; 33 ; 29 ; 0.00876481 ; -0.0114225 ; -0.00195896 ; 102.896;
21 ; 33 ; 29 ; 0.00720902 ; 0.00369282 ; -0.0253101 ; 102.168;
22 ; 33 ; 29 ; -0.0088633 ; -0.026733 ; -0.0149832 ; 102.502;
23 ; 33 ; 29 ; -0.0170422 ; -0.0081836 ; -0.0224421 ; 102.949;
24 ; 33 ; 29 ; -0.0055731 ; 0.00145317 ; -0.0132964 ; 102.758;
25 ; 33 ; 29 ; -0.00913166 ; -0.00297686 ; -0.0180316 ; 103.225;
26 ; 33 ; 29 ; 0.0117385 ; -0.0152791 ; -0.0105431 ; 102.825;
27 ; 33 ; 29 ; -0.0108039 ; -0.0132505 ; -0.00848427 ; 102.882;
28 ; 33 ; 29 ; -0.016197 ; 0.00426955 ; -0.0165135 ; 102.86;
29 ; 33 ; 29 ; -0.0257474 ; 0.00377182 ; -0.0108841 ; 103;
30 ; 33 ; 29 ; -0.0184488 ; -0.000337918 ; -0.0226478 ; 102.577;
31 ; 33 ; 29 ; -0.0216856 ; -0.00815036 ; -0.00295722 ; 103.1;
32 ; 33 ; 29 ; -0.00575791 ; -0.00655902 ; 0.000121257 ; 103.098;
33 ; 33 ; 29 ; 0.00235867 ; -0.00386295 ; 0.00560671 ; 103.269;
4 ; 4 ; 30 ; -0.00432631 ; 0.0164434 ; -0.00403805 ; 103.125;
5 ; 4 ; 30 ; 0.00509351 ; 0.00460485 ; -0.00855596 ; 102.64;
6 ; 4 ; 30 ; 0.00151837 ; -0.0101658 ; -0.00707975 ; 103.117;
7 ; 4 ; 30 ; 0.0166505 ; -0.00712292 ; -0.00470859 ; 102.983;
8 ; 4 ; 30 ; 0.015777 ; 0.00322745 ; -0.00529213 ; 103.645;
9 ; 4 ; 30 ; 0.0211054 ; 0.00856897 ; -0.0186778 ; 102.868;
10 ; 4 ; 30 ; -0.00858874 ; -0.00344367 ; -0.0177307 ; 103.115;
11 ; 4 ; 30 ; 0.000170276 ; 0.0100352 ; -0.0227078 ; 102.813;
12 ; 4 ; 30 ; 0.00522837 ; 0.0059338 ; -0.0138651 ; 102.764;
13 ; 4 ; 30 ; -0.000980389 ; 0.0109348 ; -0.0219126 ; 102.545;
14 ; 4 ; 30 ; 0.0144084 ; 0.00518278 ; -0.00973036 ; 102.586;
15 ; 4 ; 30 ; 0.00166368 ; 0.00962359 ; -0.0200317 ; 102.62;
16 ; 4 ; 30 ; -0.00699473 ; 0.0172044 ; -0.00835867 ; 102.253;
17 ; 4 ; 30 ; -0.00160491 ; 0.00601085 ; 0.00244464 ; 102.859;
18 ; 4 ; 30 ; -0.00237428 ; 0.00162053 ; -0.017277 ; 103.149;
19 ; 4 ; 30 ; -0.00988788 ; -0.00513303 ; -0.0232075 ; 102.655;
20 ; 4 ; 30 ; -0.00909875 ; -0.00675134 ; -0.0149484 ; 101.93;
21 ; 4 ; 30 ; -0.00224659 ; 0.00193499 ; -0.0217055 ; 102.616;
22 ; 4 ; 30 ; 0.00756234 ; 0.00223874 ; -0.0112109 ; 102.406;
23 ; 4 ; 30 ; -0.00331045 ; 0.00700502 ; -0.013077 ; 102.602;
24 ; 4 ; 30 ; 0.0172798 ; 0.0113437 ; -0.0154433 ; 103.322;
25 ; 4 ; 30 ; -0.0117727 ; -0.00106369 ; -0.00799878 ; 102.677;
26 ; 4 ; 30 ; -0.0228735 ; 0.00653267 ; -0.00806615 ; 102.577;
27 ; 4 ; 30 ; -0.00403561 ; 0.0108123 ; -0.0119693 ; 102.753;
28 ; 4 ; 30 ; -0.00726358 ; -0.00592034 ; -0.0176814 ; 102.401;
29 ; 4 ; 30 ; -0.0143019 ; 0.00921892 ; -0.0301362 ; 103.056;
30 ; 4 ; 30 ; -0.000243329 ; -0.00287199 ; -0.0172487 ; 102.798;
31 ; 4 ; 30 ; -0.00620561 ; 0.0133234 ; -0.0166883 ; 102.863;
32 ; 4 ; 30 ; -0.00994387 ; -0.0111925 ; -0.0168 ; 103.286;
33 ; 4 ; 30 ; -0.00108606 ; -0.000388506 ; -0.00870662 ; 103.103;
4 ; 5 ; 30 ; 0.012256 ; -0.00121185 ; -0.0122748 ; 102.688;
5 ; 5 ; 30 ; 0.0149578 ; 0.00753138 ; -0.00530592 ; 103.417;
6 ; 5 ; 30 ; 0.00567637 ; 0.00590425 ; -0.0128746 ; 103.036;
7 ; 5 ; 30 ; 0.0179349 ; 0.0103701 ; -0.0216166 ; 103.212;
8 ; 5 ; 30 ; 0.0208637 ; -0.0105088 ; -0.0183623 ; 102.727;
9 ; 5 ; 30 ; 0.015789 ; 0.00032728 ; -0.0116806 ; 103.05;
10 ; 5 ; 30 ; 0.00927761 ; -9.67638e-07 ; -0.00827955 ; 102.834;
11 ; 5 ; 30 ; 0.00249814 ; 0.00684199 ; -0.0145669 ; 102.729;
12 ; 5 ; 30 ; 0.00417311 ; 0.0103972 ; -0.022578 ; 102.68;
13 ; 5 ; 30 ; 0.00119806 ; 0.0126528 ; -0.0199276 ; 102.64;
14 ; 5 ; 30 ; 0.00721369 ; 0.0149821 ; -0.0192895 ; 102.764;
15 ; 5 ; 30 ; 0.00572903 ; 0.0175734 ; -0.0282403 ; 102.474;
16 ; 5 ; 30 ; -0.00380203 ; 0.0114116 ; -0.0238528 ; 102.651;
17 ; 5 ; 30 ; -0.00264241 ; 0.014594 ; -0.00256789 ; 102.878;
18 ; 5 ; 30 ; 0.000578132 ; 0.0215122 ; -0.0273437 ; 102.735;
19 ; 5 ; 30 ; -0.00758692 ; -0.00547037 ; -0.0205019 ; 102.363;
20 ; 5 ; 30 ; -0.00903301 ; -0.00834285 ; -0.0110158 ; 102.32;
21 ; 5 ; 30 ; -0.00805038 ; 0.00117047 ; -0.0190208 ; 102.797;
22 ; 5 ; 30 ; -0.00154318 ; 0.0174328 ; -0.0100109 ; 102.564;
23 ; 5 ; 30 ; 0.00427421 ; 0.0193225 ; -0.0261759 ; 102.304;
24 ; 5 ; 30 ; 0.00547685 ; 0.0174964 ; -0.000883978 ; 102.741;
25 ; 5 ; 30 ; -0.0102817 ; 0.0155901 ; -0.033419 ; 102.627;
26 ; 5 ; 30 ; -0.0184717 ; 0.0212182 ; -0.0194336 ; 102.64;
27 ; 5 ; 30 ; -0.0146829 ; 0.0117514 ; -0.011155 ; 103.252;
28 ; 5 ; 30 ; -0.0156872 ; 0.0047813 ; -0.0158051 ; 102.829;
29 ; 5 ; 30 ; -0.0178785 ; 0.0133454 ; -0.00450806 ; 102.592;
30 ; 5 ; 30 ; -0.0196417 ; 0.00855869 ; -0.00495298 ; 102.995;
31 ; 5 ; 30 ; -0.021588 ; 0.0174169 ; -0.0142045 ; 102.979;
32 ; 5 ; 30 ; -0.000725043 ; 0.00784909 ; -0.0107025 ; 102.975;
33 ; 5 ; 30 ; -0.000678453 ; 0.0122146 ; -0.00896736 ; 102.739;
4 ; 6 ; 30 ; 0.00960825 ; 0.00736252 ; -0.00991902 ; 102.945;
5 ; 6 ; 30 ; 0.00650325 ; 0.0133563 ; -0.015525 ; 102.626;
6 ; 6 ; 30 ; 0.00569984 ; 0.010926 ; -0.0125475 ; 102.693;
7 ; 6 ; 30 ; 0.00983899 ; 0.0162866 ; -0.00712226 ; 102.898;
8 ; 6 ; 30 ; 0.0203134 ; 0.0102681 ; -0.0112825 ; 103.036;
9 ; 6 ; 30 ; 0.0213461 ; 0.0160984 ; -0.0191695 ; 103.018;
10 ; 6 ; 30 ; 0.0170123 ; 0.0149611 ; -0.00843888 ; 102.646;
11 ; 6 ; 30 ; 0.0111528 ; 0.0122168 ; -0.0174775 ; 103.861;
12 ; 6 ; 30 ; 0.00225531 ; 0.0120983 ; -0.022599 ; 102.698;
13 ; 6 ; 30 ; 0.0120208 ; 0.00969062 ; -0.0272405 ; 102.218;
14 ; 6 ; 30 ; -0.00352978 ; 0.0153216 ; -0.0139294 ; 103.117;
15 ; 6 ; 30 ; -0.00799202 ; 0.00991591 ; -0.00620198 ; 102.535;
16 ; 6 ; 30 ; 0.00339628 ; 0.0163522 ; -0.0295239 ; 102.628;
17 ; 6 ; 30 ; 0.00867757 ; 0.0298352 ; -0.0334014 ; 102.611;
18 ; 6 ; 30 ; 0.012122 ; 0.0292129 ; -0.0168419 ; 102.429;
19 ; 6 ; 30 ; -0.000684412 ; 0.0122777 ; -0.0166317 ; 102.573;
20 ; 6 ; 30 ; 0.00382212 ; 0.0167129 ; -0.0268051 ; 102.469;
21 ; 6 ; 30 ; 0.00210423 ; 0.0163734 ; -0.0173727 ; 102.506;
22 ; 6 ; 30 ; 0.00604804 ; 0.014134 ; -0.0191872 ; 102.085;
23 ; 6 ; 30 ; 0.00483961 ; 0.0195151 ; -0.0134345 ; 102.867;
24 ; 6 ; 30 ; -0.00483941 ; 0.0107567 ; -0.00950568 ; 102.727;
25 ; 6 ; 30 ; -0.014824 ; 0.00454663 ; -0.0172267 ; 103.006;
26 ; 6 ; 30 ; -0.0133681 ; 0.0150943 ; -0.0138316 ; 102.887;
27 ; 6 ; 30 ; -0.00582535 ; 0.000976144 ; -0.000284129 ; 102.945;
28 ; 6 ; 30 ; -0.0163012 ; 0.00564008 ; -0.00165756 ; 102.516;
29 ; 6 ; 30 ; -0.0167006 ; 0.00808963 ; -0.00696488 ; 103.392;
30 ; 6 ; 30 ; 0.000210052 ; 0.00588134 ; -0.000496612 ; 103.193;
31 ; 6 ; 30 ; -0.0109654 ; 0.0138512 ; -0.00286122 ; 102.81;
32 ; 6 ; 30 ; -0.0228266 ; 0.00830503 ; -0.0232013 ; 103.353;
33 ; 6 ; 30 ; -0.0104064 ; 0.0187677 ; -0.00677876 ; 103.128;
4 ; 7 ; 30 ; -0.00187317 ; 0.0227248 ; -0.000437267 ; 103.053;
5 ; 7 ; 30 ; 0.00592325 ; -0.000960175 ; -0.0104604 ; 102.822;
6 ; 7 ; 30 ; -0.00109855 ; 0.00817155 ; -0.0144255 ; 102.761;
7 ; 7 ; 30 ; 0.00350227 ; 0.00583439 ; -0.0121577 ; 102.967;
8 ; 7 ; 30 ; 0.0146527 ; 0.00638097 ; -0.00890487 ; 102.941;
9 ; 7 ; 30 ; 0.00875993 ; 0.000650866 ; -0.0193132 ; 103.516;
10 ; 7 ; 30 ; 0.00735776 ; 0.0107204 ; -0.00896012 ; 102.722;
11 ; 7 ; 30 ; -0.000166947 ; 0.0206051 ; -0.00543376 ; 102.98;
12 ; 7 ; 30 ; 0.000130875 ; 0.0169315 ; -0.0186094 ; 102.569;
13 ; 7 ; 30 ; 0.00628311 ; 0.0168222 ; -0.0168192 ; 102.367;
14 ; 7 ; 30 ; -0.00399776 ; 0.0217553 ; -0.0255913 ; 102.438;
15 ; 7 ; 30 ; 0.0029094 ; 0.00201827 ; -0.00233007 ; 102.586;
16 ; 7 ; 30 ; -0.000458378 ; 0.01192 ; -0.02015 ; 102.472;
17 ; 7 ; 30 ; -0.00167525 ; 0.0253482 ; -0.0203414 ; 102.466;
18 ; 7 ; 30 ; 0.0203032 ; 0.0255713 ; -0.0105769 ; 102.639;
19 ; 7 ; 30 ; -0.00622231 ; 0.015555 ; -0.00289113 ; 102.793;
20 ; 7 ; 30 ; -0.000305773 ; 0.0132026 ; -0.024043 ; 102.565;
21 ; 7 ; 30 ; 0.0056931 ; 0.0127701 ; -0.0167597 ; 103.126;
22 ; 7 ; 30 ; -8.59896e-05 ; 0.0108885 ; -0.0108844 ; 103.004;
23 ; 7 ; 30 ; 0.0046329 ; 0.0209247 ; -0.0107431 ; 102.562;
24 ; 7 ; 30 ; 0.0113476 ; 0.016769 ; -0.020586 ; 102.811;
25 ; 7 ; 30 ; -0.0145603 ; 0.0162085 ; -0.0248761 ; 102.609;
26 ; 7 ; 30 ; -0.0109458 ; 0.00767545 ; -0.017399 ; 103.099;
27 ; 7 ; 30 ; 0.00331851 ; 0.00255702 ; -0.00666889 ; 102.79;
28 ; 7 ; 30 ; -0.00477134 ; 0.0160084 ; -0.00386045 ; 102.685;
29 ; 7 ; 30 ; -0.0174198 ; 0.000890327 ; -0.00267605 ; 103.128;
30 ; 7 ; 30 ; -0.0172016 ; 0.00474403 ; -0.00822097 ; 102.493;
31 ; 7 ; 30 ; -0.0069249 ; 0.0182123 ; -0.018104 ; 102.73;
32 ; 7 ; 30 ; -0.000422923 ; 0.00272563 ; -0.00838214 ; 102.886;
33 ; 7 ; 30 ; -0.00473546 ; 0.00487846 ; -0.00950842 ; 102.798;
4 ; 8 ; 30 ; -0.00292535 ; 0.0217056 ; -0.00867673 ; 102.872;
5 ; 8 ; 30 ; 0.0162091 ; 0.0192158 ; -0.0276076 ; 102.882;
6 ; 8 ; 30 ; 0.020738 ; 0.00732695 ; -0.0197743 ; 103.197;
7 ; 8 ; 30 ; -0.00465458 ; 0.0156162 ; -0.0114721 ; 102.227;
8 ; 8 ; 30 ; 0.0152348 ; 0.0021781 ; -0.00458671 ; 103.142;
9 ; 8 ; 30 ; 0.016516 ; 0.00574964 ; -0.000171889 ; 102.885;
10 ; 8 ; 30 ; 0.0113041 ; 0.00547886 ; 6.97252e-05 ; 103.035;
11 ; 8 ; 30 ; 0.00892467 ; 0.0102954 ; -0.00671304 ; 102.696;
12 ; 8 ; 30 ; 0.00895863 ; 0.0168902 ; -0.0185167 ; 102.459;
13 ; 8 ; 30 ; 0.00607777 ; 0.00824024 ; -0.0181957 ; 102.313;
14 ; 8 ; 30 ; -0.011301 ; 0.0170878 ; -0.0112764 ; 102.915;
15 ; 8 ; 30 ; 0.00642046 ; 0.0130416 ; -0.0102375 ; 102.523;
16 ; 8 ; 30 ; 0.00293426 ; 0.0187462 ; -0.0221171 ; 102.696;
17 ; 8 ; 30 ; -0.0142504 ; 0.0186768 ; -0.0191623 ; 102.304;
18 ; 8 ; 30 ; -0.0052802 ; 0.00694422 ; -0.0310173 ; 102.599;
19 ; 8 ; 30 ; -0.00358551 ; 0.0213793 ; -0.0155331 ; 102.388;
20 ; 8 ; 30 ; -0.00164716 ; 0.0293011 ; -0.0115628 ; 103.162;
21 ; 8 ; 30 ; 0.00473721 ; 0.0171881 ; -0.0139047 ; 102.675;
22 ; 8 ; 30 ; 0.00641059 ; 0.0106788 ; -0.0193727 ; 103.179;
23 ; 8 ; 30 ; -0.0075345 ; 0.0246412 ; -0.0214458 ; 102.434;
24 ; 8 ; 30 ; -0.00664674 ; 0.0234486 ; -0.0122506 ; 102.659;
25 ; 8 ; 30 ; -0.00742434 ; 0.0221871 ; -0.0182961 ; 102.747;
26 ; 8 ; 30 ; -0.00847522 ; 0.0185168 ; -0.0109026 ; 102.82;
27 ; 8 ; 30 ; -0.0138306 ; 0.0165524 ; -0.00896349 ; 103.272;
28 ; 8 ; 30 ; -0.0182352 ; 0.00921028 ; -0.0211336 ; 103.116;
29 ; 8 ; 30 ; -0.0179307 ; 0.0134333 ; 0.000328344 ; 102.941;
30 ; 8 ; 30 ; -0.0102874 ; 0.00515884 ; -0.000637731 ; 102.885;
31 ; 8 ; 30 ; -0.00489837 ; 0.011326 ; -0.0210921 ; 103.004;
32 ; 8 ; 30 ; 0.00680871 ; 0.0215745 ; -0.00942646 ; 102.723;
33 ; 8 ; 30 ; 0.00802616 ; 0.0218696 ; -0.0081862 ; 102.626;
4 ; 9 ; 30 ; 0.0176663 ; 0.00307403 ; -0.0117753 ; 103.072;
5 ; 9 ; 30 ; 0.0021167 ; 0.0107013 ; -0.012198 ; 102.77;
6 ; 9 ; 30 ; 0.00584228 ; 0.00618912 ; -0.00155623 ; 102.651;
7 ; 9 ; 30 ; 0.0078752 ; 0.0115736 ; -0.0002092 ; 103.187;
8 ; 9 ; 30 ; 0.0151215 ; 0.0122377 ; -0.0118249 ; 102.989;
9 ; 9 ; 30 ; 0.00467908 ; 0.0163926 ; -0.0114416 ; 102.725;
10 ; 9 ; 30 ; 0.00698089 ; 0.0152035 ; -0.0055078 ; 102.939;
11 ; 9 ; 30 ; 0.00440227 ; 0.0198046 ; -0.0156208 ; 103.153;
12 ; 9 ; 30 ; 0.00762387 ; 0.022868 ; -0.00773768 ; 102.573;
13 ; 9 ; 30 ; 0.00837181 ; 0.0209458 ; -0.0215669 ; 102.625;
14 ; 9 ; 30 ; -0.0020004 ; 0.0259003 ; -0.0226736 ; 102.308;
15 ; 9 ; 30 ; 0.00648723 ; 0.0180309 ; -0.00982296 ; 102.599;
16 ; 9 ; 30 ; 0.00247763 ; 0.027688 ; -0.0161972 ; 102.378;
17 ; 9 ; 30 ; 0.00844351 ; 0.0255429 ; -0.0206943 ; 101.977;
18 ; 9 ; 30 ; 0.00402622 ; 0.0203342 ; -0.0177751 ; 102.197;
19 ; 9 ; 30 ; 0.00924496 ; 0.0178073 ; -0.0114648 ; 102.815;
20 ; 9 ; 30 ; -0.01141 ; 0.0068566 ; -0.029369 ; 102.081;
21 ; 9 ; 30 ; 0.00790991 ; 0.0226651 ; -0.0208728 ; 101.862;
22 ; 9 ; 30 ; -0.000867961 ; 0.0136749 ; -0.0136633 ; 102.491;
23 ; 9 ; 30 ; -0.00160261 ; 0.0149397 ; -0.0206386 ; 102.24;
24 ; 9 ; 30 ; -0.0114936 ; 0.0161102 ; -0.017851 ; 102.518;
25 ; 9 ; 30 ; -0.0153515 ; 0.0242802 ; -0.0284399 ; 102.948;
26 ; 9 ; 30 ; -0.0151886 ; 0.0182033 ; -0.0137101 ; 103.318;
27 ; 9 ; 30 ; -0.00596203 ; 0.0142448 ; -0.00980806 ; 102.775;
28 ; 9 ; 30 ; -0.00372255 ; 0.0105593 ; -0.0131209 ; 102.882;
29 ; 9 ; 30 ; -0.00573536 ; 0.0152708 ; 0.00087539 ; 103.009;
30 ; 9 ; 30 ; -0.00771484 ; 0.0216757 ; -0.0153021 ; 102.901;
31 ; 9 ; 30 ; -0.0161162 ; 0.0147487 ; -0.0118735 ; 103.28;
32 ; 9 ; 30 ; -0.00846621 ; 0.0103541 ; -0.0129409 ; 102.444;
33 ; 9 ; 30 ; 0.00620222 ; 0.00706791 ; -0.0110668 ; 102.998;
4 ; 10 ; 30 ; 0.00155269 ; -0.00340913 ; -0.00542656 ; 102.594;
5 ; 10 ; 30 ; 0.014259 ; 0.00182123 ; -0.00906691 ; 102.867;
6 ; 10 ; 30 ; 0.0210643 ; 0.0143501 ; -0.0109159 ; 102.64;
7 ; 10 ; 30 ; 0.0198332 ; 0.00981499 ; -0.0150195 ; 102.803;
8 ; 10 ; 30 ; 0.00639963 ; 0.0119533 ; -0.0115312 ; 103.174;
9 ; 10 ; 30 ; 0.00535037 ; 0.0122259 ; -0.0196443 ; 102.714;
10 ; 10 ; 30 ; 0.0083462 ; 0.010046 ; -0.0151613 ; 102.759;
11 ; 10 ; 30 ; 0.0168375 ; 0.00545688 ; -0.00609415 ; 102.549;
12 ; 10 ; 30 ; 0.00896749 ; 0.0203672 ; -0.00448771 ; 102.78;
13 ; 10 ; 30 ; 0.017431 ; 0.0159724 ; -0.0176137 ; 102.621;
14 ; 10 ; 30 ; 0.013986 ; 0.0176726 ; -0.0153438 ; 102.734;
15 ; 10 ; 30 ; -0.0104716 ; -0.00394266 ; -0.0135207 ; 102.46;
16 ; 10 ; 30 ; -0.00162568 ; 0.019763 ; -0.0161943 ; 102.693;
17 ; 10 ; 30 ; -0.0107662 ; 0.0186682 ; -0.0110307 ; 102.65;
18 ; 10 ; 30 ; 0.0106615 ; 0.0164787 ; -0.0139437 ; 102.445;
19 ; 10 ; 30 ; 0.0105135 ; 0.0192958 ; -0.0231368 ; 102.474;
20 ; 10 ; 30 ; 0.00264776 ; 0.0118898 ; -0.0214324 ; 102.094;
21 ; 10 ; 30 ; -0.00558892 ; 0.0204882 ; -0.0221175 ; 102.472;
22 ; 10 ; 30 ; 0.00307092 ; 0.00802062 ; -0.020829 ; 102.662;
23 ; 10 ; 30 ; -0.00964499 ; 0.0138544 ; -0.0147645 ; 102.343;
24 ; 10 ; 30 ; -0.0171103 ; 0.0213046 ; -0.00562523 ; 102.985;
25 ; 10 ; 30 ; -0.0120203 ; 0.0201276 ; -0.0131336 ; 102.028;
26 ; 10 ; 30 ; -0.00900035 ; 0.00322111 ; -0.00737303 ; 102.958;
27 ; 10 ; 30 ; -0.0073108 ; 0.0150438 ; -0.00649566 ; 102.869;
28 ; 10 ; 30 ; -0.0200383 ; 0.0108238 ; -0.00504499 ; 102.885;
29 ; 10 ; 30 ; -0.00648933 ; 0.0109015 ; -0.0149337 ; 103.139;
30 ; 10 ; 30 ; -0.00793749 ; 0.00859203 ; -0.0004523 ; 102.895;
31 ; 10 ; 30 ; -0.0164762 ; 0.00863815 ; -0.0142355 ; 102.658;
32 ; 10 ; 30 ; 0.00728674 ; 0.00186039 ; -0.00650869 ; 103.063;
33 ; 10 ; 30 ; -0.00724867 ; -0.00891294 ; -0.0150167 ; 102.889;
4 ; 11 ; 30 ; 0.0135181 ; 0.0179613 ; -0.0184989 ; 102.599;
5 ; 11 ; 30 ; 0.00297482 ; 0.0111643 ; -0.00934038 ; 102.725;
6 ; 11 ; 30 ; 0.00184289 ; 0.00269063 ; -0.022512 ; 102.846;
7 ; 11 ; 30 ; 0.0111577 ; -0.00263919 ; -0.0234538 ; 102.896;
8 ; 11 ; 30 ; 0.0106488 ; 0.0136 ; -0.00842067 ; 102.803;
9 ; 11 ; 30 ; 0.0104297 ; 0.0143266 ; -0.0153888 ; 103.205;
10 ; 11 ; 30 ; 0.0108598 ; 0.00975204 ; -0.00755214 ; 102.801;
11 ; 11 ; 30 ; 0.0108561 ; 0.0249103 ; -0.0232808 ; 102.22;
12 ; 11 ; 30 ; 0.00874385 ; 0.027293 ; -0.0308766 ; 102.532;
13 ; 11 ; 30 ; 0.00926398 ; -0.00532966 ; -0.0234792 ; 102.868;
14 ; 11 ; 30 ; 0.00840196 ; 0.0195916 ; -0.0209452 ; 102.535;
15 ; 11 ; 30 ; 0.00279998 ; 0.02661 ; -0.0131275 ; 102.547;
16 ; 11 ; 30 ; -0.00739059 ; 0.0166128 ; -0.0257102 ; 101.848;
17 ; 11 ; 30 ; 0.00516617 ; 0.0172186 ; -0.0219657 ; 101.93;
18 ; 11 ; 30 ; 0.00219332 ; 0.0126614 ; -0.0193613 ; 103.064;
19 ; 11 ; 30 ; -0.00407085 ; 0.0183261 ; -0.0177391 ; 102.886;
20 ; 11 ; 30 ; 0.0052922 ; 0.0217553 ; -0.0258529 ; 102.307;
21 ; 11 ; 30 ; 0.0102747 ; 0.00453345 ; -0.0272695 ; 102.968;
22 ; 11 ; 30 ; 0.0013463 ; 0.014304 ; -0.0192387 ; 102.231;
23 ; 11 ; 30 ; -0.0117449 ; 0.00256807 ; -0.0209309 ; 102.405;
24 ; 11 ; 30 ; 0.000650079 ; 0.0220581 ; -0.021442 ; 102.597;
25 ; 11 ; 30 ; -0.00100824 ; 0.0240186 ; -0.0195455 ; 102.658;
26 ; 11 ; 30 ; -0.0133242 ; 0.00780979 ; -0.00795845 ; 102.774;
27 ; 11 ; 30 ; -0.0157037 ; 0.0154992 ; -0.0288504 ; 102.811;
28 ; 11 ; 30 ; -0.0241115 ; 0.0248704 ; -0.00220404 ; 102.889;
29 ; 11 ; 30 ; -0.0232546 ; 0.011782 ; -5.48709e-05 ; 102.804;
30 ; 11 ; 30 ; -0.00993739 ; 0.016198 ; -0.0180144 ; 102.932;
31 ; 11 ; 30 ; -0.0209576 ; -0.00105451 ; -0.0159562 ; 102.816;
32 ; 11 ; 30 ; -0.013439 ; 0.0151819 ; -0.023714 ; 103.106;
33 ; 11 ; 30 ; 0.000432288 ; -0.00663786 ; -0.0123341 ; 102.397;
4 ; 12 ; 30 ; 0.0136442 ; 0.00526561 ; -0.00988493 ; 101.985;
5 ; 12 ; 30 ; 0.00868862 ; 0.00457914 ; -0.0290558 ; 102.758;
6 ; 12 ; 30 ; 0.012713 ; 0.0158053 ; -0.0167855 ; 103.111;
7 ; 12 ; 30 ; 0.0141442 ; 0.0123753 ; -0.0187363 ; 102.645;
8 ; 12 ; 30 ; 0.012106 ; 0.00945569 ; -0.0181204 ; 102.695;
9 ; 12 ; 30 ; 0.00754517 ; 0.0128157 ; -0.0175447 ; 102.546;
10 ; 12 ; 30 ; 0.00432553 ; 0.00791257 ; -0.0179795 ; 103.06;
11 ; 12 ; 30 ; 0.020564 ; 0.00392372 ; -0.04205 ; 102.713;
12 ; 12 ; 30 ; 0.0142473 ; 0.0193708 ; -0.0153627 ; 102.684;
13 ; 12 ; 30 ; 0.0127204 ; 0.0121675 ; -0.0166597 ; 102.634;
14 ; 12 ; 30 ; -0.00477039 ; -0.00345592 ; -0.0232194 ; 102.733;
15 ; 12 ; 30 ; 0.00481344 ; 0.00830056 ; -0.0299323 ; 102.404;
16 ; 12 ; 30 ; -0.00543849 ; 0.0139161 ; -0.023799 ; 102.627;
17 ; 12 ; 30 ; -0.00575168 ; 0.010938 ; -0.0286758 ; 102.443;
18 ; 12 ; 30 ; -0.00379489 ; 0.0132451 ; -0.0261906 ; 102.201;
19 ; 12 ; 30 ; -0.00270957 ; -0.000269947 ; -0.0287592 ; 101.685;
20 ; 12 ; 30 ; -0.00293341 ; 0.0150796 ; -0.0339473 ; 101.883;
21 ; 12 ; 30 ; -0.00194182 ; 0.0171078 ; -0.0300653 ; 102.551;
22 ; 12 ; 30 ; -0.00959934 ; 0.0101189 ; -0.0220147 ; 102.516;
23 ; 12 ; 30 ; -0.00181429 ; -0.00406636 ; -0.0237671 ; 102.955;
24 ; 12 ; 30 ; -0.00509379 ; 0.0126811 ; -0.00927526 ; 102.445;
25 ; 12 ; 30 ; -0.00833983 ; 0.00928048 ; -0.0221254 ; 102.207;
26 ; 12 ; 30 ; -0.00375021 ; 0.00699625 ; -0.0164723 ; 102.703;
27 ; 12 ; 30 ; -0.0183955 ; 0.0136658 ; -0.0254157 ; 102.327;
28 ; 12 ; 30 ; -0.00907595 ; 0.012145 ; 0.00115704 ; 102.865;
29 ; 12 ; 30 ; -0.0338522 ; 0.0180554 ; -0.0163256 ; 102.999;
30 ; 12 ; 30 ; -0.0161373 ; 0.00848307 ; -0.00127214 ; 102.802;
31 ; 12 ; 30 ; -0.0189953 ; 0.00166779 ; -0.0105525 ; 103.378;
32 ; 12 ; 30 ; -0.00438979 ; 0.0130019 ; -0.0290438 ; 102.705;
33 ; 12 ; 30 ; 0.000903441 ; 0.00571595 ; -0.0103764 ; 102.964;
4 ; 13 ; 30 ; 0.00594342 ; -0.0159583 ; -0.0250193 ; 102.546;
5 ; 13 ; 30 ; 0.00306852 ; 0.0150245 ; -0.0306702 ; 102.442;
6 ; 13 ; 30 ; 0.00672409 ; -0.0052704 ; -0.0154524 ; 102.612;
7 ; 13 ; 30 ; 0.00466109 ; 0.0148034 ; -0.00913035 ; 102.718;
8 ; 13 ; 30 ; 0.0278329 ; 0.0012172 ; -0.0160605 ; 102.991;
9 ; 13 ; 30 ; 0.0141714 ; 0.0245462 ; -0.00553794 ; 103.133;
10 ; 13 ; 30 ; 0.00452036 ; 0.00214349 ; -0.0229905 ; 102.612;
11 ; 13 ; 30 ; 0.00332716 ; -0.00369191 ; -0.0132632 ; 102.638;
12 ; 13 ; 30 ; 0.00552195 ; -0.00488547 ; -0.02038 ; 102.246;
13 ; 13 ; 30 ; 0.00268548 ; -0.000297355 ; -0.00837194 ; 102.729;
14 ; 13 ; 30 ; -0.000576075 ; 0.0128449 ; -0.0311553 ; 102.581;
15 ; 13 ; 30 ; 7.62307e-05 ; -0.0136926 ; -0.0336159 ; 102.4;
16 ; 13 ; 30 ; -0.00249313 ; 0.00859529 ; -0.0192241 ; 102.308;
17 ; 13 ; 30 ; -0.00137352 ; 0.0179675 ; -0.0212516 ; 102.121;
18 ; 13 ; 30 ; -0.00843488 ; 0.0106469 ; -0.00398244 ; 101.936;
19 ; 13 ; 30 ; -0.00757444 ; -0.00967444 ; -0.0105523 ; 102.374;
20 ; 13 ; 30 ; -0.0105955 ; 0.0061712 ; -0.035543 ; 101.911;
21 ; 13 ; 30 ; -0.00679742 ; -0.00767238 ; -0.0204944 ; 102.08;
22 ; 13 ; 30 ; 0.00224646 ; -9.18051e-05 ; -0.0126934 ; 101.868;
23 ; 13 ; 30 ; -0.00809101 ; 0.00592945 ; 0.000386163 ; 102.442;
24 ; 13 ; 30 ; -0.00762128 ; 0.000226909 ; -0.0166138 ; 102.294;
25 ; 13 ; 30 ; -0.0154089 ; 0.000265662 ; -0.0180542 ; 102.624;
26 ; 13 ; 30 ; -0.0230489 ; 0.0111463 ; -0.0171915 ; 102.892;
27 ; 13 ; 30 ; -0.0244386 ; 0.0206521 ; -0.0188508 ; 102.367;
28 ; 13 ; 30 ; -0.0210771 ; 0.00290257 ; -0.0034776 ; 102.846;
29 ; 13 ; 30 ; -0.0211727 ; 0.00836028 ; -0.0307655 ; 102.918;
30 ; 13 ; 30 ; -0.0259826 ; 0.00685283 ; -0.0142419 ; 102.921;
31 ; 13 ; 30 ; -0.0181769 ; -0.0133504 ; -0.00684986 ; 102.505;
32 ; 13 ; 30 ; -0.010646 ; -0.00765081 ; -0.00975761 ; 102.952;
33 ; 13 ; 30 ; 0.00904179 ; 0.0012178 ; -0.0171802 ; 102.662;
4 ; 14 ; 30 ; 0.00109215 ; -0.00371244 ; -0.00474841 ; 102.704;
5 ; 14 ; 30 ; 0.0138695 ; -0.00642497 ; -0.0194725 ; 102.869;
6 ; 14 ; 30 ; 0.0121328 ; 0.00726247 ; -0.0157454 ; 102.948;
7 ; 14 ; 30 ; 0.0157491 ; -0.00354081 ; -0.011757 ; 103.025;
8 ; 14 ; 30 ; 0.0192544 ; 0.00698212 ; -0.0124506 ; 102.34;
9 ; 14 ; 30 ; 0.0101222 ; 0.00571817 ; -0.0172844 ; 102.78;
10 ; 14 ; 30 ; 0.00473331 ; -1.34516e-05 ; -0.0232084 ; 102.783;
11 ; 14 ; 30 ; 0.0136815 ; -0.00142326 ; -0.0145795 ; 102.379;
12 ; 14 ; 30 ; 0.0126962 ; -0.000479025 ; -0.0232331 ; 102.439;
13 ; 14 ; 30 ; 0.011169 ; 0.0152163 ; -0.017569 ; 102.353;
14 ; 14 ; 30 ; 0.0129199 ; 0.0129726 ; -0.0235686 ; 102.156;
15 ; 14 ; 30 ; 0.00237007 ; 0.0151845 ; -0.02039 ; 102.215;
16 ; 14 ; 30 ; -0.000118893 ; 0.0118139 ; -0.0346657 ; 102.255;
17 ; 14 ; 30 ; 0.00767293 ; 0.0220759 ; -0.0209629 ; 102.327;
18 ; 14 ; 30 ; -0.010271 ; 0.0157403 ; -0.0339604 ; 102.172;
19 ; 14 ; 30 ; -0.00230865 ; 0.00841108 ; -0.0181159 ; 101.816;
20 ; 14 ; 30 ; -0.00468873 ; 0.00357961 ; -0.0273907 ; 102.512;
21 ; 14 ; 30 ; 0.00541519 ; 0.011083 ; -0.0189672 ; 101.91;
22 ; 14 ; 30 ; 0.00540037 ; 0.00872626 ; -0.0176063 ; 102.5;
23 ; 14 ; 30 ; -0.0178141 ; 0.0123497 ; -0.0132563 ; 102.485;
24 ; 14 ; 30 ; -0.0145468 ; 0.00564639 ; -0.018796 ; 103.022;
25 ; 14 ; 30 ; 0.00344886 ; -0.00609408 ; -0.019763 ; 102.272;
26 ; 14 ; 30 ; -0.00493894 ; 0.00238423 ; -0.0159605 ; 102.831;
27 ; 14 ; 30 ; -0.00634454 ; -0.00466002 ; -0.0165256 ; 102.409;
28 ; 14 ; 30 ; -0.0181576 ; -0.00562695 ; -0.0202857 ; 102.386;
29 ; 14 ; 30 ; -0.0197335 ; -0.00951116 ; -0.0169803 ; 102.78;
30 ; 14 ; 30 ; -0.0175933 ; 0.00824972 ; -0.00484975 ; 102.238;
31 ; 14 ; 30 ; -0.0149699 ; -0.0032544 ; -0.0125318 ; 102.807;
32 ; 14 ; 30 ; -0.0139395 ; 0.00348172 ; -0.0227316 ; 102.685;
33 ; 14 ; 30 ; 0.0036414 ; -0.00683279 ; -0.0250565 ; 102.564;
4 ; 15 ; 30 ; -0.00749734 ; -0.00421605 ; -0.00768087 ; 102.711;
5 ; 15 ; 30 ; 0.011868 ; -0.00447306 ; -0.0193201 ; 102.815;
6 ; 15 ; 30 ; 0.00788958 ; -0.00735412 ; -0.0207802 ; 102.852;
7 ; 15 ; 30 ; 0.0100266 ; 0.000834894 ; -0.00743584 ; 102.539;
8 ; 15 ; 30 ; 0.00280121 ; 0.0113591 ; -0.019633 ; 102.883;
9 ; 15 ; 30 ; 0.00488373 ; 0.00449671 ; -0.0152004 ; 102.618;
10 ; 15 ; 30 ; 0.00502736 ; -0.00663412 ; -0.0102 ; 102.227;
11 ; 15 ; 30 ; 0.00954787 ; -7.55968e-05 ; -0.0142109 ; 102.596;
12 ; 15 ; 30 ; 0.00710147 ; -0.00194417 ; -0.0162375 ; 102.595;
13 ; 15 ; 30 ; 0.00122257 ; -0.00681054 ; -0.0330482 ; 102.29;
14 ; 15 ; 30 ; 0.00453592 ; -0.0132291 ; -0.0168703 ; 102.238;
15 ; 15 ; 30 ; 0.001116 ; -0.0027515 ; -0.0313326 ; 102.472;
16 ; 15 ; 30 ; 0.00714553 ; -0.00150229 ; -0.03794 ; 102.101;
17 ; 15 ; 30 ; -0.000607048 ; -0.00402311 ; -0.020667 ; 102.027;
18 ; 15 ; 30 ; -0.0145462 ; 0.0044882 ; -0.0193503 ; 101.819;
19 ; 15 ; 30 ; 0.00140186 ; 0.00675811 ; -0.0286659 ; 101.757;
20 ; 15 ; 30 ; 0.000268481 ; -0.00197992 ; -0.0197128 ; 101.73;
21 ; 15 ; 30 ; 0.00622696 ; 0.0105119 ; -0.0245771 ; 102.331;
22 ; 15 ; 30 ; 0.00937375 ; 0.00445942 ; -0.0293712 ; 101.47;
23 ; 15 ; 30 ; 0.00923858 ; 0.0187891 ; -0.0182643 ; 102.085;
24 ; 15 ; 30 ; -0.00770314 ; -0.00930573 ; -0.0120391 ; 102.291;
25 ; 15 ; 30 ; -0.0153836 ; -0.00659991 ; -0.0231939 ; 102.831;
26 ; 15 ; 30 ; -0.0117651 ; -0.00592019 ; -0.0267871 ; 102.632;
27 ; 15 ; 30 ; -0.0267811 ; -0.00544722 ; -0.0210158 ; 103.007;
28 ; 15 ; 30 ; -0.00988065 ; -0.004573 ; -0.0176073 ; 102.604;
29 ; 15 ; 30 ; -0.00813911 ; -0.00335822 ; -0.0111324 ; 102.498;
30 ; 15 ; 30 ; -0.000737968 ; -0.00148522 ; -0.0147202 ; 102.279;
31 ; 15 ; 30 ; -0.00857925 ; -2.78148e-05 ; -0.0222121 ; 102.714;
32 ; 15 ; 30 ; -0.00757322 ; -0.00605003 ; -0.0267221 ; 102.623;
33 ; 15 ; 30 ; -0.0195605 ; -0.0110199 ; -0.0178134 ; 102.509;
4 ; 16 ; 30 ; -0.000714048 ; -0.00771493 ; -0.00651914 ; 102.532;
5 ; 16 ; 30 ; 0.00317142 ; 0.000196559 ; -0.0156572 ; 102.583;
6 ; 16 ; 30 ; 0.0163471 ; -0.0088018 ; -0.0193306 ; 102.489;
7 ; 16 ; 30 ; 0.00483579 ; -0.0059025 ; -0.00719607 ; 102.675;
8 ; 16 ; 30 ; 0.0106315 ; 0.000764542 ; -0.015145 ; 102.478;
9 ; 16 ; 30 ; 0.0144391 ; 0.00185863 ; -0.0160965 ; 102.465;
10 ; 16 ; 30 ; 0.012006 ; -0.00566014 ; -0.0277629 ; 102.113;
11 ; 16 ; 30 ; 0.00467065 ; 0.00605883 ; -0.0137233 ; 102.487;
12 ; 16 ; 30 ; 0.0181138 ; 0.00583654 ; -0.0232187 ; 102.53;
13 ; 16 ; 30 ; 0.00108664 ; 0.0114102 ; -0.0184235 ; 101.779;
14 ; 16 ; 30 ; -0.00440317 ; -0.00569794 ; -0.0242492 ; 102.228;
15 ; 16 ; 30 ; 0.00681285 ; 0.00431234 ; -0.0266499 ; 102.222;
16 ; 16 ; 30 ; -0.0122144 ; 0.00580259 ; -0.0202922 ; 101.9;
17 ; 16 ; 30 ; 0.00960629 ; 0.00423845 ; -0.00478621 ; 101.802;
18 ; 16 ; 30 ; -0.00249934 ; -0.000151072 ; -0.0219976 ; 101.952;
19 ; 16 ; 30 ; -0.00616264 ; -0.00151647 ; -0.0402252 ; 101.925;
20 ; 16 ; 30 ; -0.0109839 ; 0.00210127 ; -0.0272062 ; 101.654;
21 ; 16 ; 30 ; -0.0168212 ; -0.00796911 ; -0.0182541 ; 101.874;
22 ; 16 ; 30 ; -0.0104301 ; 0.000416368 ; -0.0233682 ; 102.156;
23 ; 16 ; 30 ; -0.00468173 ; 0.00510999 ; -0.012285 ; 102.115;
24 ; 16 ; 30 ; -0.0153347 ; -0.0111915 ; -0.0108771 ; 102.02;
25 ; 16 ; 30 ; -0.00720207 ; 0.000340839 ; -0.0198916 ; 102.573;
26 ; 16 ; 30 ; -0.00793168 ; 0.00254688 ; -0.0193754 ; 102.077;
27 ; 16 ; 30 ; -0.00231376 ; 0.00235538 ; -0.0234119 ; 102.603;
28 ; 16 ; 30 ; -0.0104388 ; 0.00175771 ; -0.0282859 ; 102.52;
29 ; 16 ; 30 ; -0.0166194 ; 0.0124942 ; -0.0107566 ; 102.446;
30 ; 16 ; 30 ; -0.00823137 ; 0.00207756 ; -0.00779844 ; 102.412;
31 ; 16 ; 30 ; -0.00778889 ; -0.00819124 ; -0.0241394 ; 102.945;
32 ; 16 ; 30 ; -0.0119982 ; -0.0198935 ; -0.0214293 ; 102.304;
33 ; 16 ; 30 ; -0.00729924 ; -0.00209669 ; -0.0103529 ; 102.725;
4 ; 17 ; 30 ; -0.00327545 ; -0.00423941 ; -0.015684 ; 102.566;
5 ; 17 ; 30 ; 0.0146692 ; 0.00120046 ; -0.00907719 ; 102.313;
6 ; 17 ; 30 ; 0.0260021 ; 0.0104455 ; -0.00777298 ; 102.551;
7 ; 17 ; 30 ; 0.0121198 ; -0.00143461 ; -0.00650149 ; 102.55;
8 ; 17 ; 30 ; 0.0138788 ; 0.00555896 ; -0.0214904 ; 102.548;
9 ; 17 ; 30 ; 0.0233676 ; -0.0146443 ; -0.0109738 ; 102.265;
10 ; 17 ; 30 ; 0.027757 ; -0.00479457 ; -0.0120083 ; 102.208;
11 ; 17 ; 30 ; 0.0232881 ; -0.0089643 ; -0.0254426 ; 102.445;
12 ; 17 ; 30 ; 0.0159699 ; 0.00179883 ; -0.0194902 ; 102.233;
13 ; 17 ; 30 ; 0.0151217 ; -0.00282856 ; -0.0266163 ; 102.111;
14 ; 17 ; 30 ; 0.0043459 ; -0.0136897 ; -0.00791462 ; 102.825;
15 ; 17 ; 30 ; 0.00484116 ; 0.000795254 ; -0.0257813 ; 102.182;
16 ; 17 ; 30 ; 0.00207845 ; -0.00517788 ; -0.0241685 ; 102.321;
17 ; 17 ; 30 ; 0.00233101 ; 0.00475058 ; -0.0240703 ; 101.85;
18 ; 17 ; 30 ; 0.00641109 ; -0.00828189 ; -0.022997 ; 101.897;
19 ; 17 ; 30 ; -0.0113502 ; 0.0159876 ; -0.0211936 ; 101.651;
20 ; 17 ; 30 ; -0.00126118 ; -0.00365611 ; -0.0268099 ; 101.721;
21 ; 17 ; 30 ; 0.000193284 ; 0.0065685 ; -0.0263064 ; 102.403;
22 ; 17 ; 30 ; 0.0018865 ; 0.0106428 ; -0.0108133 ; 102.338;
23 ; 17 ; 30 ; -0.00538098 ; -0.0101318 ; -0.0282085 ; 102;
24 ; 17 ; 30 ; 0.00050812 ; -0.00329448 ; -0.0274245 ; 102.186;
25 ; 17 ; 30 ; -0.0129356 ; 0.00836147 ; -0.0109269 ; 102.295;
26 ; 17 ; 30 ; -0.0182455 ; -0.00681285 ; -0.0307437 ; 102.531;
27 ; 17 ; 30 ; -0.0167718 ; 0.00186751 ; -0.012448 ; 102.241;
28 ; 17 ; 30 ; -0.0186368 ; -0.00577062 ; -0.0293368 ; 102.7;
29 ; 17 ; 30 ; -0.0309188 ; 0.00190903 ; -0.0229525 ; 102.339;
30 ; 17 ; 30 ; -0.0247175 ; 0.0018065 ; -0.00414498 ; 102.55;
31 ; 17 ; 30 ; 0.000916992 ; -0.00416215 ; 0.00308082 ; 102.512;
32 ; 17 ; 30 ; -0.00480537 ; -0.00172904 ; -0.0264544 ; 102.471;
33 ; 17 ; 30 ; -0.00460492 ; -0.00719192 ; -0.0215695 ; 102.8;
4 ; 18 ; 30 ; 0.00386327 ; 0.00782648 ; -0.0265085 ; 102.517;
5 ; 18 ; 30 ; -0.0133004 ; 0.0110216 ; -0.0182582 ; 102.283;
6 ; 18 ; 30 ; 0.0198648 ; 0.00668457 ; -0.00694481 ; 102.491;
7 ; 18 ; 30 ; 0.0211934 ; 0.000321646 ; -0.0309154 ; 102.658;
8 ; 18 ; 30 ; 0.0180128 ; -0.00362203 ; -0.0229915 ; 102.579;
9 ; 18 ; 30 ; 0.0154214 ; -0.00156108 ; -0.0131616 ; 102.695;
10 ; 18 ; 30 ; 0.0148278 ; -0.00378604 ; -0.0134869 ; 102.155;
11 ; 18 ; 30 ; 0.0127166 ; 0.00340666 ; -0.00346534 ; 102.547;
12 ; 18 ; 30 ; -0.0036273 ; -0.00742988 ; -0.0164455 ; 101.959;
13 ; 18 ; 30 ; 1.47801e-05 ; -0.0194355 ; -0.0313744 ; 101.899;
14 ; 18 ; 30 ; 0.0180574 ; 0.0068559 ; -0.0336022 ; 102.121;
15 ; 18 ; 30 ; 0.0131207 ; -0.00116905 ; -0.029145 ; 101.963;
16 ; 18 ; 30 ; 0.0105817 ; 0.00406582 ; -0.0245021 ; 102.078;
17 ; 18 ; 30 ; 0.00840369 ; -0.00360583 ; -0.0158266 ; 101.635;
18 ; 18 ; 30 ; -0.00486633 ; 0.000143509 ; -0.0249753 ; 102.03;
19 ; 18 ; 30 ; 0.000210136 ; -0.000780407 ; -0.0225506 ; 102.066;
20 ; 18 ; 30 ; -0.000832216 ; -0.00620695 ; -0.0259284 ; 102.006;
21 ; 18 ; 30 ; -0.00152568 ; -0.00218854 ; -0.0258234 ; 101.896;
22 ; 18 ; 30 ; -0.0117171 ; -0.00229733 ; -0.0278399 ; 101.97;
23 ; 18 ; 30 ; -0.0160628 ; 0.000106675 ; -0.0305215 ; 102.06;
24 ; 18 ; 30 ; -0.010835 ; 0.0050295 ; -0.0122756 ; 101.958;
25 ; 18 ; 30 ; -0.0113801 ; 0.00916943 ; -0.0199097 ; 102.14;
26 ; 18 ; 30 ; -0.0129763 ; 0.00403639 ; -0.0218839 ; 101.868;
27 ; 18 ; 30 ; -0.0188132 ; 0.00417466 ; -0.0207129 ; 102.128;
28 ; 18 ; 30 ; -0.0291278 ; 0.00572292 ; -0.0143964 ; 103;
29 ; 18 ; 30 ; -0.0182224 ; -0.0136103 ; -0.0189186 ; 102.215;
30 ; 18 ; 30 ; -0.0144076 ; -0.00477301 ; -0.0158542 ; 102.722;
31 ; 18 ; 30 ; -0.00600421 ; 0.00399558 ; -0.018731 ; 102.883;
32 ; 18 ; 30 ; -0.01112 ; 0.000668952 ; -0.0186181 ; 102.579;
33 ; 18 ; 30 ; -0.00902938 ; 0.0108553 ; -0.0119213 ; 102.403;
4 ; 19 ; 30 ; 0.00469113 ; -0.00121765 ; -0.0230198 ; 101.988;
5 ; 19 ; 30 ; 0.0185041 ; 0.000327563 ; -0.0204383 ; 103.036;
6 ; 19 ; 30 ; 0.0217377 ; 0.0142436 ; -0.0290069 ; 101.909;
7 ; 19 ; 30 ; 0.0171795 ; -0.00709186 ; -0.0102704 ; 102.44;
8 ; 19 ; 30 ; 0.0324717 ; 0.00133334 ; -0.0270767 ; 102.41;
9 ; 19 ; 30 ; 0.0229691 ; -0.00524179 ; -0.0111492 ; 102.984;
10 ; 19 ; 30 ; 0.0169494 ; -0.0121702 ; -0.0214633 ; 102.842;
11 ; 19 ; 30 ; 0.00655798 ; -0.00250048 ; -0.0149885 ; 102.586;
12 ; 19 ; 30 ; 0.0162755 ; 0.00647315 ; -0.0178655 ; 102.391;
13 ; 19 ; 30 ; 0.0191611 ; -0.0250545 ; -0.022199 ; 102.035;
14 ; 19 ; 30 ; 0.00671344 ; -0.00881684 ; -0.0294549 ; 102.543;
15 ; 19 ; 30 ; 0.00639676 ; 0.00287223 ; -0.0213823 ; 101.978;
16 ; 19 ; 30 ; -0.0041496 ; 0.005161 ; -0.0399307 ; 101.619;
17 ; 19 ; 30 ; 0.00511164 ; 0.00839633 ; -0.0251098 ; 102.082;
18 ; 19 ; 30 ; -0.00474431 ; 0.00270571 ; -0.0252931 ; 102.368;
19 ; 19 ; 30 ; 0.00487154 ; 0.00348439 ; -0.0286462 ; 101.724;
20 ; 19 ; 30 ; 0.00230841 ; -0.00205651 ; -0.0255737 ; 101.893;
21 ; 19 ; 30 ; -0.00331284 ; -0.0149865 ; -0.0184929 ; 102.65;
22 ; 19 ; 30 ; -0.00995462 ; 0.00304699 ; -0.0317044 ; 101.879;
23 ; 19 ; 30 ; -0.00300681 ; 0.0112816 ; -0.0212199 ; 102.044;
24 ; 19 ; 30 ; -0.00773719 ; 0.0120908 ; -0.0228971 ; 102.213;
25 ; 19 ; 30 ; -0.00663047 ; 0.00188575 ; -0.0223731 ; 102.099;
26 ; 19 ; 30 ; -0.0132496 ; -0.00168229 ; -0.0181683 ; 102.666;
27 ; 19 ; 30 ; -0.0087112 ; 0.013745 ; -0.0154545 ; 102.365;
28 ; 19 ; 30 ; -0.0221411 ; 0.00182363 ; -0.0126752 ; 102.082;
29 ; 19 ; 30 ; -0.017631 ; 0.0101111 ; -0.0110595 ; 102.682;
30 ; 19 ; 30 ; -0.03084 ; 0.00586677 ; -0.00831215 ; 102.725;
31 ; 19 ; 30 ; -0.00931127 ; 0.00443714 ; -0.00465167 ; 102.468;
32 ; 19 ; 30 ; 0.0053506 ; 0.000321934 ; -0.0166117 ; 102.43;
33 ; 19 ; 30 ; -0.00655949 ; -0.00516701 ; -0.0173188 ; 102.666;
4 ; 20 ; 30 ; -0.00516671 ; 0.022741 ; -0.0232297 ; 103.056;
5 ; 20 ; 30 ; 0.0202927 ; -0.000279525 ; -0.0138797 ; 102.434;
6 ; 20 ; 30 ; 0.00914542 ; 0.0118615 ; -0.0160281 ; 102.262;
7 ; 20 ; 30 ; 0.0191434 ; -0.00724444 ; -0.0184042 ; 102.85;
8 ; 20 ; 30 ; 0.0199402 ; 0.00421319 ; -0.0180065 ; 102.468;
9 ; 20 ; 30 ; 0.0208166 ; -0.00594826 ; -0.0276226 ; 102.314;
10 ; 20 ; 30 ; 0.00229876 ; 0.00365382 ; -0.0047175 ; 102.861;
11 ; 20 ; 30 ; 0.00340058 ; -0.00636964 ; -0.0235373 ; 102.161;
12 ; 20 ; 30 ; 0.0223053 ; 0.0037589 ; -0.0155777 ; 102.159;
13 ; 20 ; 30 ; 0.00497978 ; 0.00986781 ; -0.0185242 ; 101.785;
14 ; 20 ; 30 ; 0.00111938 ; -0.000758508 ; -0.0216854 ; 102.097;
15 ; 20 ; 30 ; 0.0128918 ; 0.00797793 ; -0.028879 ; 102.27;
16 ; 20 ; 30 ; -0.00354999 ; -0.00138653 ; -0.0295148 ; 102.028;
17 ; 20 ; 30 ; 0.00568624 ; 0.00981968 ; -0.0370149 ; 101.791;
18 ; 20 ; 30 ; -0.00615684 ; 0.00316975 ; -0.0342976 ; 102.19;
19 ; 20 ; 30 ; -0.00700707 ; 0.0138424 ; -0.0293121 ; 101.79;
20 ; 20 ; 30 ; 0.00855305 ; 0.00264447 ; -0.0213621 ; 102.139;
21 ; 20 ; 30 ; 0.00820709 ; -0.00416408 ; -0.0157194 ; 102.163;
22 ; 20 ; 30 ; -0.00118197 ; 0.0137233 ; -0.0196103 ; 101.864;
23 ; 20 ; 30 ; -0.0141902 ; -0.00180514 ; -0.0427784 ; 102.428;
24 ; 20 ; 30 ; -0.00980197 ; -0.00365909 ; -0.0270536 ; 101.929;
25 ; 20 ; 30 ; -0.0125744 ; 0.003052 ; -0.017834 ; 102.434;
26 ; 20 ; 30 ; -0.00415142 ; 0.00147686 ; -0.018166 ; 102.255;
27 ; 20 ; 30 ; -0.0234347 ; -0.0090177 ; -0.00504927 ; 102.61;
28 ; 20 ; 30 ; -0.0169721 ; 0.00228547 ; -0.00906954 ; 102.552;
29 ; 20 ; 30 ; -0.00924297 ; 0.00546559 ; -0.0246917 ; 102.34;
30 ; 20 ; 30 ; -0.02532 ; 0.0155105 ; -0.0110678 ; 102.724;
31 ; 20 ; 30 ; -0.0142047 ; -0.00143206 ; -0.026038 ; 102.271;
32 ; 20 ; 30 ; -0.00634881 ; -0.00364184 ; -0.00806857 ; 102.727;
33 ; 20 ; 30 ; 0.00205263 ; 0.00678819 ; 0.00223241 ; 102.636;
4 ; 21 ; 30 ; 0.00777837 ; -0.0109276 ; -0.0051587 ; 102.844;
5 ; 21 ; 30 ; 0.0151846 ; 0.00295134 ; -0.0157772 ; 102.328;
6 ; 21 ; 30 ; 0.00405129 ; 0.00995574 ; -0.0203174 ; 102.679;
7 ; 21 ; 30 ; 0.0086516 ; -0.0049328 ; -0.0209217 ; 102.623;
8 ; 21 ; 30 ; 0.0222551 ; 0.00373691 ; -0.0313448 ; 102.486;
9 ; 21 ; 30 ; 0.0211706 ; 0.016564 ; -0.0119964 ; 102.413;
10 ; 21 ; 30 ; 0.0241993 ; 0.00649722 ; -0.0178103 ; 102.485;
11 ; 21 ; 30 ; 0.0181308 ; -0.00844137 ; -0.0104488 ; 101.829;
12 ; 21 ; 30 ; 0.0116334 ; 0.00135036 ; -0.0241266 ; 102.278;
13 ; 21 ; 30 ; 0.0012266 ; -0.00674816 ; -0.0283761 ; 102.634;
14 ; 21 ; 30 ; 0.0110592 ; -0.011107 ; -0.0135622 ; 102.218;
15 ; 21 ; 30 ; 0.000550095 ; 0.00193631 ; -0.0274809 ; 102.038;
16 ; 21 ; 30 ; -0.00543701 ; -0.00072206 ; -0.0179295 ; 101.847;
17 ; 21 ; 30 ; 0.0104787 ; -0.00827579 ; -0.0208349 ; 102.062;
18 ; 21 ; 30 ; -0.00841279 ; -0.0145077 ; -0.00586925 ; 102.507;
19 ; 21 ; 30 ; -0.0126239 ; 0.00608121 ; -0.0296119 ; 101.959;
20 ; 21 ; 30 ; 0.00370377 ; 0.00149526 ; -0.0225319 ; 102.251;
21 ; 21 ; 30 ; 0.00820299 ; -0.0131677 ; -0.0322218 ; 102.284;
22 ; 21 ; 30 ; 0.00792361 ; 0.00164482 ; -0.0223232 ; 102.055;
23 ; 21 ; 30 ; -0.00238354 ; -0.00369662 ; -0.0415156 ; 101.922;
24 ; 21 ; 30 ; -0.0107697 ; 0.00862177 ; -0.0209516 ; 102.269;
25 ; 21 ; 30 ; -0.00293239 ; -0.00733109 ; -0.020786 ; 102.074;
26 ; 21 ; 30 ; -0.00837994 ; -0.0135135 ; -0.00988882 ; 102.156;
27 ; 21 ; 30 ; -0.0212013 ; 0.0078855 ; -0.0159271 ; 102.5;
28 ; 21 ; 30 ; -0.0193382 ; 0.00415863 ; -0.0204245 ; 102.725;
29 ; 21 ; 30 ; -0.0094678 ; 0.00915549 ; -0.0169181 ; 102.864;
30 ; 21 ; 30 ; -0.00573153 ; -0.00466827 ; -0.00260761 ; 102.127;
31 ; 21 ; 30 ; -0.0120627 ; -0.00351717 ; -0.00773683 ; 102.732;
32 ; 21 ; 30 ; -0.0151744 ; 0.00338017 ; -0.0145747 ; 102.795;
33 ; 21 ; 30 ; -0.00449411 ; 0.00980195 ; -0.00593642 ; 102.814;
4 ; 22 ; 30 ; 0.00401331 ; 0.0111751 ; -0.0172949 ; 102.485;
5 ; 22 ; 30 ; -0.00207909 ; -0.00694771 ; -0.0234862 ; 102.589;
6 ; 22 ; 30 ; 0.00378953 ; -0.0111977 ; -0.0128094 ; 102.883;
7 ; 22 ; 30 ; 0.00512084 ; -0.00238411 ; -0.0188235 ; 102.427;
8 ; 22 ; 30 ; 0.0155955 ; 0.00254934 ; -0.00923983 ; 102.221;
9 ; 22 ; 30 ; 0.0260562 ; 0.00972846 ; -0.0158162 ; 102.255;
10 ; 22 ; 30 ; 0.00876554 ; 0.0178447 ; -0.0305819 ; 102.378;
11 ; 22 ; 30 ; 0.00781066 ; -0.00263635 ; -0.00605551 ; 102.272;
12 ; 22 ; 30 ; 0.0127515 ; -0.0132344 ; -0.0132893 ; 102.897;
13 ; 22 ; 30 ; 0.00924781 ; 0.00523491 ; -0.0265957 ; 102.18;
14 ; 22 ; 30 ; 0.00422155 ; 0.00876493 ; -0.0162386 ; 102.111;
15 ; 22 ; 30 ; 0.0086432 ; 0.00442712 ; -0.0234906 ; 102.231;
16 ; 22 ; 30 ; 0.0127813 ; -0.00364748 ; -0.0153821 ; 102.515;
17 ; 22 ; 30 ; 0.00511273 ; -0.00902106 ; -0.0323866 ; 102.068;
18 ; 22 ; 30 ; -0.00507248 ; -0.0165054 ; -0.0187672 ; 102.043;
19 ; 22 ; 30 ; -0.00762542 ; -0.00660331 ; -0.0253805 ; 101.883;
20 ; 22 ; 30 ; -0.0072605 ; -0.00240705 ; -0.0179275 ; 102.257;
21 ; 22 ; 30 ; 0.00173908 ; -0.00630845 ; -0.00819931 ; 102.246;
22 ; 22 ; 30 ; 0.0113294 ; 0.00685543 ; -0.0204871 ; 101.968;
23 ; 22 ; 30 ; 0.00715554 ; -0.00704778 ; -0.021032 ; 102.158;
24 ; 22 ; 30 ; 0.00142789 ; 0.0132558 ; -0.0173597 ; 101.942;
25 ; 22 ; 30 ; -0.0181828 ; -0.00530066 ; -0.0221476 ; 102.61;
26 ; 22 ; 30 ; -0.0164874 ; -0.00277327 ; -0.0190333 ; 102.004;
27 ; 22 ; 30 ; -0.00620249 ; -0.00916434 ; -0.0228231 ; 102.889;
28 ; 22 ; 30 ; -0.00777904 ; 0.00705385 ; -0.0145632 ; 102.929;
29 ; 22 ; 30 ; -0.019821 ; 0.002909 ; -0.014018 ; 102.266;
30 ; 22 ; 30 ; -0.00295574 ; -0.00371208 ; -0.0092651 ; 102.542;
31 ; 22 ; 30 ; -0.0152954 ; 0.00623016 ; -0.0177718 ; 102.538;
32 ; 22 ; 30 ; -0.0244541 ; 9.7258e-05 ; -0.00587825 ; 102.218;
33 ; 22 ; 30 ; -0.00657879 ; 0.0113197 ; -0.013541 ; 102.286;
4 ; 23 ; 30 ; -0.00670261 ; -0.00236347 ; -0.0140067 ; 102.79;
5 ; 23 ; 30 ; 0.00760826 ; 0.0105691 ; -0.0278467 ; 102.52;
6 ; 23 ; 30 ; 0.0223716 ; 0.000496937 ; -0.00881282 ; 102.529;
7 ; 23 ; 30 ; 0.012839 ; -0.0089315 ; -0.0215527 ; 102.518;
8 ; 23 ; 30 ; 0.00654876 ; -0.00178862 ; -0.00709422 ; 102.65;
9 ; 23 ; 30 ; 0.0163954 ; 0.000422714 ; 0.00121301 ; 102.561;
10 ; 23 ; 30 ; 0.0162682 ; 0.0147262 ; -0.0257474 ; 102.718;
11 ; 23 ; 30 ; 0.0167889 ; -0.00530481 ; -0.0228476 ; 102.215;
12 ; 23 ; 30 ; 0.0161324 ; -0.00360149 ; -0.0265135 ; 102.47;
13 ; 23 ; 30 ; 0.0164461 ; -0.00590201 ; -0.0277018 ; 101.95;
14 ; 23 ; 30 ; -0.000269061 ; -0.00341298 ; -0.0192323 ; 102.377;
15 ; 23 ; 30 ; -0.00166152 ; -0.00079535 ; -0.0103467 ; 101.92;
16 ; 23 ; 30 ; 0.0220941 ; -0.00156022 ; -0.0333687 ; 102.361;
17 ; 23 ; 30 ; 0.00198248 ; -0.00269234 ; -0.0223085 ; 102.048;
18 ; 23 ; 30 ; 0.00664342 ; -0.01717 ; -0.0160014 ; 102.453;
19 ; 23 ; 30 ; -0.00583178 ; -0.00180755 ; -0.0162856 ; 102.028;
20 ; 23 ; 30 ; 0.00135815 ; -0.000412205 ; -0.0174059 ; 102.444;
21 ; 23 ; 30 ; -0.0024694 ; -0.00365546 ; -0.0275314 ; 102.223;
22 ; 23 ; 30 ; 0.00833346 ; -0.0100057 ; -0.0207883 ; 102.43;
23 ; 23 ; 30 ; -0.00626387 ; -0.0183961 ; -0.0214647 ; 102.039;
24 ; 23 ; 30 ; -0.0109268 ; 6.83109e-05 ; -0.0305944 ; 102.464;
25 ; 23 ; 30 ; -0.00424256 ; -0.00293536 ; -0.0277734 ; 102.385;
26 ; 23 ; 30 ; -0.0136524 ; 0.00173237 ; -0.0138229 ; 102.346;
27 ; 23 ; 30 ; -0.0119308 ; -0.00827223 ; -0.0123138 ; 102.498;
28 ; 23 ; 30 ; -0.0129145 ; 0.00043034 ; -0.0156261 ; 102.619;
29 ; 23 ; 30 ; -0.00809895 ; -0.00386435 ; -0.0189497 ; 102.787;
30 ; 23 ; 30 ; -0.017351 ; 0.0040417 ; -0.016848 ; 102.935;
31 ; 23 ; 30 ; -0.00140923 ; -0.0140311 ; -0.0107995 ; 102.828;
32 ; 23 ; 30 ; 0.0012481 ; -0.00739743 ; -0.0178671 ; 102.851;
33 ; 23 ; 30 ; 0.00555563 ; 0.000474722 ; -0.00362092 ; 102.991;
4 ; 24 ; 30 ; 0.00042924 ; 0.00540723 ; -0.0101857 ; 102.515;
5 ; 24 ; 30 ; 0.0085916 ; -0.000545209 ; -0.0130117 ; 102.574;
6 ; 24 ; 30 ; 0.019063 ; -0.0126709 ; -0.0229229 ; 103.118;
7 ; 24 ; 30 ; -0.00231133 ; -0.00315278 ; -0.00350465 ; 102.386;
8 ; 24 ; 30 ; 0.0213572 ; -0.000420119 ; -0.00136402 ; 102.555;
9 ; 24 ; 30 ; 0.0289452 ; 0.000748336 ; -0.00939775 ; 103.236;
10 ; 24 ; 30 ; 0.0145555 ; -0.00743933 ; -0.0129932 ; 102.777;
11 ; 24 ; 30 ; 0.0296047 ; -0.0175235 ; -0.00264471 ; 102.3;
12 ; 24 ; 30 ; 0.007546 ; -0.00100851 ; -0.0183895 ; 102.472;
13 ; 24 ; 30 ; 0.0172456 ; 0.00299406 ; -0.0197635 ; 102.56;
14 ; 24 ; 30 ; 0.00647162 ; -0.0234776 ; -0.0193123 ; 102.166;
15 ; 24 ; 30 ; 0.00905002 ; -0.00440237 ; -0.0170158 ; 102.765;
16 ; 24 ; 30 ; -0.0078772 ; 0.000729107 ; -0.0262142 ; 102.414;
17 ; 24 ; 30 ; -0.00740012 ; 0.000867322 ; -0.0213054 ; 102.358;
18 ; 24 ; 30 ; -0.00146236 ; -0.0207949 ; -0.0144936 ; 102.318;
19 ; 24 ; 30 ; 0.00188867 ; 0.000433266 ; -0.0167416 ; 102.202;
20 ; 24 ; 30 ; 0.00714186 ; -0.00348065 ; -0.0206382 ; 102.305;
21 ; 24 ; 30 ; -0.0053493 ; -0.0156677 ; -0.0264714 ; 102.129;
22 ; 24 ; 30 ; -0.00240406 ; -0.0107028 ; -0.0154491 ; 102.229;
23 ; 24 ; 30 ; -0.0107913 ; -0.0153319 ; -0.0165025 ; 102.216;
24 ; 24 ; 30 ; 0.000649004 ; -0.0144682 ; -0.0111369 ; 102.67;
25 ; 24 ; 30 ; -0.00828726 ; -0.0039138 ; -0.0303592 ; 102.476;
26 ; 24 ; 30 ; -0.023789 ; -0.00122788 ; -0.0120022 ; 102.679;
27 ; 24 ; 30 ; -0.0219127 ; 0.000550986 ; -0.0222756 ; 102.498;
28 ; 24 ; 30 ; -0.0156271 ; 0.00417111 ; -0.0212455 ; 102.742;
29 ; 24 ; 30 ; -0.00754067 ; -0.00569268 ; -0.00820041 ; 102.404;
30 ; 24 ; 30 ; -0.0110172 ; -0.00588661 ; -0.0219858 ; 102.335;
31 ; 24 ; 30 ; -0.0102213 ; -0.0127491 ; -0.022643 ; 102.773;
32 ; 24 ; 30 ; -2.00067e-05 ; -0.00644262 ; -0.0250983 ; 102.479;
33 ; 24 ; 30 ; -0.011102 ; -0.00446166 ; -0.0130088 ; 102.724;
4 ; 25 ; 30 ; -0.0138097 ; 0.00358915 ; -0.0107584 ; 102.931;
5 ; 25 ; 30 ; 0.0119847 ; -0.00507413 ; -0.0191091 ; 102.67;
6 ; 25 ; 30 ; 0.0153103 ; 0.0082855 ; -0.016395 ; 103.12;
7 ; 25 ; 30 ; 0.00993425 ; -0.00419953 ; -0.00554076 ; 102.849;
8 ; 25 ; 30 ; 0.018025 ; -0.000663656 ; -0.0144894 ; 102.967;
9 ; 25 ; 30 ; 0.011063 ; -0.0127126 ; -0.0118512 ; 102.625;
10 ; 25 ; 30 ; 0.004361 ; -0.00406131 ; -0.00661709 ; 102.667;
11 ; 25 ; 30 ; 0.015991 ; -0.0194883 ; -0.0178291 ; 102.867;
12 ; 25 ; 30 ; 0.0184815 ; -0.0152588 ; -0.0374901 ; 102.687;
13 ; 25 ; 30 ; 1.04127e-05 ; 0.00177605 ; 0.00322219 ; 102.309;
14 ; 25 ; 30 ; 0.0031566 ; -0.00852451 ; -0.00870988 ; 102.26;
15 ; 25 ; 30 ; -0.00250575 ; -0.00169821 ; -0.0263073 ; 102.114;
16 ; 25 ; 30 ; -0.00772017 ; -0.0120763 ; -0.0152673 ; 102.019;
17 ; 25 ; 30 ; -0.00284699 ; -0.001382 ; -0.0216452 ; 101.933;
18 ; 25 ; 30 ; -0.0068072 ; -0.00525226 ; -0.0194518 ; 101.774;
19 ; 25 ; 30 ; -0.0033288 ; -0.00676093 ; -0.0167107 ; 102.287;
20 ; 25 ; 30 ; -0.0041579 ; -0.00847195 ; -0.0223897 ; 102.202;
21 ; 25 ; 30 ; -0.0156201 ; -0.00327847 ; -0.0257875 ; 102.158;
22 ; 25 ; 30 ; -0.00312022 ; -0.00826634 ; -0.0225119 ; 102.482;
23 ; 25 ; 30 ; -0.00401064 ; -0.0165009 ; -0.0272955 ; 102.583;
24 ; 25 ; 30 ; -0.000223481 ; -0.0032966 ; -0.0255715 ; 102.301;
25 ; 25 ; 30 ; 0.00107772 ; -0.00809985 ; -0.0122267 ; 102.117;
26 ; 25 ; 30 ; -0.00207802 ; -0.00710973 ; -0.0374684 ; 102.929;
27 ; 25 ; 30 ; -0.0140155 ; -0.0100975 ; -0.0137723 ; 102.877;
28 ; 25 ; 30 ; -0.00500205 ; -0.00204039 ; -0.00940495 ; 102.649;
29 ; 25 ; 30 ; -0.0136945 ; -0.00844696 ; -0.0216218 ; 102.958;
30 ; 25 ; 30 ; -0.0208275 ; -0.00372243 ; -0.0301423 ; 102.88;
31 ; 25 ; 30 ; -0.0125289 ; -0.00994544 ; -0.0152586 ; 102.529;
32 ; 25 ; 30 ; -0.0146784 ; -0.00247693 ; -0.0115197 ; 102.91;
33 ; 25 ; 30 ; -0.0164932 ; 0.00842202 ; -0.0129545 ; 103.008;
4 ; 26 ; 30 ; 0.0090993 ; -0.00609443 ; -0.0151593 ; 102.988;
5 ; 26 ; 30 ; 0.0115541 ; 0.00478315 ; -0.0236388 ; 102.765;
6 ; 26 ; 30 ; 0.0124947 ; -0.0105093 ; -0.0229544 ; 102.718;
7 ; 26 ; 30 ; 0.005114 ; -0.00173197 ; -0.0209963 ; 102.769;
8 ; 26 ; 30 ; 0.0154643 ; -0.0043683 ; -0.00523495 ; 102.793;
9 ; 26 ; 30 ; 0.0174316 ; 0.00352015 ; -0.00731944 ; 103.183;
10 ; 26 ; 30 ; 0.0246422 ; -0.0158867 ; -0.0194881 ; 103.099;
11 ; 26 ; 30 ; 0.0128643 ; -0.0198899 ; -0.0220898 ; 102.399;
12 ; 26 ; 30 ; -0.00118872 ; -0.0242697 ; -0.0196821 ; 102.471;
13 ; 26 ; 30 ; 0.00748735 ; -0.0119095 ; -0.021946 ; 103.064;
14 ; 26 ; 30 ; 0.00932973 ; -0.0189338 ; -0.0293297 ; 102.556;
15 ; 26 ; 30 ; -0.00248727 ; -0.0288852 ; -0.0345699 ; 102.101;
16 ; 26 ; 30 ; -0.0116745 ; -0.0269443 ; -0.0161297 ; 102.22;
17 ; 26 ; 30 ; -0.00908735 ; -0.0171577 ; -0.00538586 ; 102.512;
18 ; 26 ; 30 ; 0.00740766 ; -0.0229136 ; -0.0207385 ; 102.443;
19 ; 26 ; 30 ; -0.00385304 ; -0.0248852 ; -0.0280587 ; 102.256;
20 ; 26 ; 30 ; -0.00900934 ; -0.020865 ; -0.020488 ; 102.489;
21 ; 26 ; 30 ; -7.61746e-06 ; -0.0134862 ; -0.0196307 ; 102.612;
22 ; 26 ; 30 ; -0.014265 ; -0.0110143 ; -0.00311907 ; 102.396;
23 ; 26 ; 30 ; -0.0112358 ; -0.0209756 ; -0.0166156 ; 102.595;
24 ; 26 ; 30 ; -0.000438483 ; -0.0150018 ; -0.0193432 ; 102.413;
25 ; 26 ; 30 ; -0.0067043 ; -0.00615085 ; -0.00789167 ; 102.629;
26 ; 26 ; 30 ; -0.00126799 ; -0.013094 ; -0.0153121 ; 102.63;
27 ; 26 ; 30 ; -0.0138681 ; 0.0031643 ; -0.0192976 ; 103.212;
28 ; 26 ; 30 ; -0.00475067 ; -0.001737 ; -0.0169028 ; 103.156;
29 ; 26 ; 30 ; -0.0280788 ; -0.00914319 ; -0.0105562 ; 102.763;
30 ; 26 ; 30 ; -0.0117214 ; -0.00771733 ; -0.0130246 ; 103.232;
31 ; 26 ; 30 ; -0.00841689 ; 0.00549855 ; -0.0121172 ; 102.992;
32 ; 26 ; 30 ; 0.000419116 ; -0.00753592 ; -0.0142912 ; 103.145;
33 ; 26 ; 30 ; -0.00191763 ; 0.000941886 ; -0.0234415 ; 102.61;
4 ; 27 ; 30 ; 0.00116686 ; -0.0103474 ; -0.0188285 ; 102.384;
5 ; 27 ; 30 ; 0.0249226 ; -0.00366732 ; -0.00820684 ; 102.876;
6 ; 27 ; 30 ; 0.0118798 ; -0.00463889 ; -0.0187431 ; 102.868;
7 ; 27 ; 30 ; 0.0112113 ; -0.00846687 ; -0.015663 ; 102.743;
8 ; 27 ; 30 ; 0.013248 ; -0.0201874 ; -0.0201706 ; 103.058;
9 ; 27 ; 30 ; 0.0219515 ; -0.0167668 ; -0.0143263 ; 102.973;
10 ; 27 ; 30 ; 0.0052932 ; -0.0149211 ; -0.00428762 ; 102.638;
11 ; 27 ; 30 ; 0.0242469 ; -0.0273187 ; 0.000645546 ; 103.039;
12 ; 27 ; 30 ; -0.00728067 ; -0.00724481 ; -0.00974648 ; 102.709;
13 ; 27 ; 30 ; 0.00139065 ; -0.0151626 ; -0.0107021 ; 102.927;
14 ; 27 ; 30 ; 0.00951955 ; -0.018177 ; -0.0201654 ; 102.497;
15 ; 27 ; 30 ; -0.00849896 ; -0.0256691 ; -0.0322978 ; 102.589;
16 ; 27 ; 30 ; -0.00682135 ; -0.0249414 ; -0.0162976 ; 102.069;
17 ; 27 ; 30 ; 0.00492928 ; -0.0194033 ; -0.00846567 ; 102.369;
18 ; 27 ; 30 ; 0.0117665 ; -0.0187075 ; -0.0114835 ; 102.516;
19 ; 27 ; 30 ; 0.000138465 ; -0.0287315 ; -0.0175803 ; 102.438;
20 ; 27 ; 30 ; 0.00959079 ; -0.0177655 ; -0.0224216 ; 102.209;
21 ; 27 ; 30 ; 0.00699466 ; -0.0306094 ; -0.0126542 ; 102.585;
22 ; 27 ; 30 ; -0.00847217 ; -0.0270916 ; -0.0151373 ; 102.406;
23 ; 27 ; 30 ; -0.00735465 ; -0.015151 ; -0.0361955 ; 102.536;
24 ; 27 ; 30 ; -0.00143593 ; -0.00868417 ; -0.0161764 ; 102.705;
25 ; 27 ; 30 ; -0.00309965 ; -0.00850324 ; -0.0128647 ; 102.484;
26 ; 27 ; 30 ; -0.000673354 ; -0.0145061 ; -0.00663667 ; 102.541;
27 ; 27 ; 30 ; -0.0111966 ; -0.000432282 ; -0.0053327 ; 102.528;
28 ; 27 ; 30 ; -0.014159 ; -0.0147237 ; -0.00503739 ; 102.652;
29 ; 27 ; 30 ; -0.0128383 ; -0.0154365 ; -0.0276985 ; 103.177;
30 ; 27 ; 30 ; -0.0130173 ; -0.0206172 ; -0.0170833 ; 102.856;
31 ; 27 ; 30 ; -0.00020967 ; -0.00267455 ; -0.00898491 ; 102.981;
32 ; 27 ; 30 ; -0.0135346 ; -0.00619278 ; -0.0136552 ; 102.864;
33 ; 27 ; 30 ; -0.0143685 ; -0.0136744 ; -0.0177146 ; 102.703;
4 ; 28 ; 30 ; 0.00204461 ; -0.0106609 ; -0.0099884 ; 102.748;
5 ; 28 ; 30 ; -0.00315365 ; -0.000887757 ; -0.00739155 ; 103.052;
6 ; 28 ; 30 ; 0.013032 ; -0.0032788 ; -0.0172887 ; 102.925;
7 ; 28 ; 30 ; 0.00789446 ; -0.0131592 ; -0.0115071 ; 102.97;
8 ; 28 ; 30 ; 0.010836 ; -0.0188976 ; -0.00864447 ; 102.564;
9 ; 28 ; 30 ; 0.00369963 ; -0.0223579 ; -0.00195836 ; 102.839;
10 ; 28 ; 30 ; -0.00680837 ; -0.017409 ; -0.020794 ; 102.863;
11 ; 28 ; 30 ; 0.00175702 ; -0.0109471 ; -0.0181424 ; 102.695;
12 ; 28 ; 30 ; -0.0123616 ; -0.0111795 ; -0.0147886 ; 102.83;
13 ; 28 ; 30 ; -0.00389149 ; -0.0222187 ; -0.0209429 ; 102.776;
14 ; 28 ; 30 ; 0.00542384 ; -0.0121535 ; -0.0209625 ; 102.717;
15 ; 28 ; 30 ; -0.00747236 ; -0.0151942 ; -0.00931969 ; 102.858;
16 ; 28 ; 30 ; -0.00334596 ; -0.0162062 ; -0.00868886 ; 102.327;
17 ; 28 ; 30 ; -0.00288503 ; -0.0204586 ; -0.0193557 ; 102.55;
18 ; 28 ; 30 ; 0.00432217 ; -0.0171364 ; -0.0158561 ; 102.327;
19 ; 28 ; 30 ; 0.0104807 ; -0.0182506 ; -0.0234357 ; 102.204;
20 ; 28 ; 30 ; 0.00623005 ; -0.0130774 ; -0.0137173 ; 102.286;
21 ; 28 ; 30 ; 0.000756383 ; -0.0195132 ; -0.00967151 ; 102.335;
22 ; 28 ; 30 ; 0.0026021 ; -0.0137141 ; -0.0194366 ; 102.302;
23 ; 28 ; 30 ; 0.000312116 ; -0.0214067 ; -0.00774938 ; 102.677;
24 ; 28 ; 30 ; -0.0109423 ; -0.0218283 ; -0.0266023 ; 102.75;
25 ; 28 ; 30 ; -0.0102182 ; -0.0137788 ; -0.0144836 ; 102.945;
26 ; 28 ; 30 ; -0.00307249 ; -0.0221179 ; -0.00649071 ; 102.781;
27 ; 28 ; 30 ; -0.00730931 ; -0.0246901 ; -0.0118819 ; 103.15;
28 ; 28 ; 30 ; -0.00096823 ; -0.00535986 ; -0.0065273 ; 102.732;
29 ; 28 ; 30 ; -0.00930922 ; -0.0143422 ; -0.0217319 ; 102.936;
30 ; 28 ; 30 ; 0.000608016 ; -0.0195717 ; -0.0263765 ; 103.013;
31 ; 28 ; 30 ; -0.000663099 ; -0.012037 ; -0.00847082 ; 102.992;
32 ; 28 ; 30 ; 0.00273354 ; -0.0164648 ; -0.0166391 ; 103.003;
33 ; 28 ; 30 ; 0.0102119 ; -0.00290349 ; -0.0122894 ; 102.415;
4 ; 29 ; 30 ; -0.00505967 ; -0.00741215 ; -0.0160145 ; 103.418;
5 ; 29 ; 30 ; 0.00148194 ; 0.00376501 ; -0.0264667 ; 102.827;
6 ; 29 ; 30 ; 0.00480353 ; -0.00496498 ; -0.0127311 ; 103.133;
7 ; 29 ; 30 ; 0.0165408 ; -0.0114929 ; -0.00599715 ; 103.201;
8 ; 29 ; 30 ; 0.0284232 ; -0.0299604 ; -0.00721905 ; 102.606;
9 ; 29 ; 30 ; 0.00376332 ; -0.0197402 ; 0.00413164 ; 102.766;
10 ; 29 ; 30 ; 0.00161778 ; -0.0140035 ; -0.0180228 ; 103.133;
11 ; 29 ; 30 ; 0.00700006 ; -0.0168197 ; -0.0120551 ; 102.551;
12 ; 29 ; 30 ; 0.00766035 ; -0.0230293 ; -0.0134312 ; 102.583;
13 ; 29 ; 30 ; 0.00693512 ; -0.00607783 ; -0.0152131 ; 102.884;
14 ; 29 ; 30 ; 0.00194777 ; -0.00827339 ; -0.0148459 ; 102.343;
15 ; 29 ; 30 ; -0.00585942 ; -0.0236386 ; -0.0254257 ; 102.592;
16 ; 29 ; 30 ; 0.00466422 ; -0.0156254 ; -0.0158135 ; 102.744;
17 ; 29 ; 30 ; 0.00225568 ; -0.0212846 ; -0.0214853 ; 102.352;
18 ; 29 ; 30 ; 0.00533659 ; -0.0103572 ; -0.0272018 ; 102.636;
19 ; 29 ; 30 ; 8.73767e-05 ; -0.0258616 ; -0.0194209 ; 102.881;
20 ; 29 ; 30 ; 0.00360919 ; -0.0235842 ; -0.0298956 ; 102.276;
21 ; 29 ; 30 ; -0.00421597 ; -0.0114386 ; -0.00961712 ; 102.505;
22 ; 29 ; 30 ; -0.0030944 ; -0.0209977 ; -0.0199751 ; 102.871;
23 ; 29 ; 30 ; -0.00223919 ; -0.0207734 ; -0.018971 ; 102.712;
24 ; 29 ; 30 ; -0.011077 ; -0.0109977 ; -0.0136917 ; 102.418;
25 ; 29 ; 30 ; -0.0183738 ; -0.0165174 ; -0.00998906 ; 102.729;
26 ; 29 ; 30 ; -0.0182959 ; -0.0122768 ; -0.0207392 ; 103.164;
27 ; 29 ; 30 ; -0.020302 ; -0.0156179 ; -0.0196556 ; 103.147;
28 ; 29 ; 30 ; -0.0261698 ; -0.0178603 ; -0.0174669 ; 103.417;
29 ; 29 ; 30 ; -0.00834893 ; -0.0166741 ; -0.00867798 ; 102.998;
30 ; 29 ; 30 ; -0.00465658 ; -0.0115819 ; 0.00457076 ; 102.629;
31 ; 29 ; 30 ; -0.00316402 ; -0.0370812 ; -0.00600871 ; 103.511;
32 ; 29 ; 30 ; 0.00211958 ; -0.0102342 ; -0.0121725 ; 103.087;
33 ; 29 ; 30 ; -0.0135238 ; -0.0129398 ; -0.0129412 ; 102.772;
4 ; 30 ; 30 ; 0.0153661 ; -0.0110934 ; -0.0320215 ; 102.976;
5 ; 30 ; 30 ; 0.0109059 ; -0.0152826 ; -0.032932 ; 102.323;
6 ; 30 ; 30 ; 0.00874167 ; -0.0154057 ; -0.00200186 ; 103.055;
7 ; 30 ; 30 ; 0.0142989 ; -0.0134895 ; -0.00423885 ; 102.828;
8 ; 30 ; 30 ; 0.015721 ; -0.0104828 ; -0.018103 ; 103.098;
9 ; 30 ; 30 ; 0.00458527 ; -0.0126528 ; 0.000646143 ; 102.638;
10 ; 30 ; 30 ; 0.00452749 ; -0.0169956 ; -0.0110431 ; 102.939;
11 ; 30 ; 30 ; -0.0155376 ; -0.0162 ; -0.0237596 ; 103.069;
12 ; 30 ; 30 ; 0.00596062 ; -0.023451 ; -0.0213889 ; 102.925;
13 ; 30 ; 30 ; -0.0045874 ; -0.000897226 ; -0.0234894 ; 102.793;
14 ; 30 ; 30 ; 0.00514912 ; -0.00229166 ; -0.0183917 ; 102.846;
15 ; 30 ; 30 ; -0.00993282 ; -0.0163113 ; -0.0131811 ; 103.007;
16 ; 30 ; 30 ; -0.000376683 ; -0.00682656 ; -0.0171905 ; 102.743;
17 ; 30 ; 30 ; -0.00142517 ; -0.018247 ; -0.0200064 ; 102.915;
18 ; 30 ; 30 ; -0.0080622 ; -0.0233017 ; -0.00666925 ; 102.285;
19 ; 30 ; 30 ; 0.00203525 ; -0.0124439 ; -0.0231697 ; 102.494;
20 ; 30 ; 30 ; 0.00820828 ; -0.0169999 ; -0.0271833 ; 102.38;
21 ; 30 ; 30 ; 0.00370194 ; -0.0124825 ; -0.0143402 ; 102.583;
22 ; 30 ; 30 ; 0.0120032 ; -0.00806632 ; -0.00480253 ; 102.354;
23 ; 30 ; 30 ; 0.00317945 ; -0.0227125 ; -0.0191199 ; 102.71;
24 ; 30 ; 30 ; -0.00186297 ; -0.00824794 ; -0.0160065 ; 102.791;
25 ; 30 ; 30 ; -0.0122804 ; -0.0194508 ; -0.0233341 ; 102.914;
26 ; 30 ; 30 ; -0.00120826 ; -0.00255353 ; -0.00976891 ; 103.202;
27 ; 30 ; 30 ; -0.0102724 ; -0.00419701 ; -0.021448 ; 102.857;
28 ; 30 ; 30 ; -0.0183067 ; -0.00725895 ; -0.00538495 ; 103.197;
29 ; 30 ; 30 ; -0.0264924 ; -0.00235402 ; -0.0145585 ; 103.03;
30 ; 30 ; 30 ; -0.00379917 ; -0.00458159 ; -0.00893334 ; 102.759;
31 ; 30 ; 30 ; 0.00149992 ; -0.0165011 ; -0.0103229 ; 103.184;
32 ; 30 ; 30 ; -0.00327161 ; -0.00337347 ; -0.00981628 ; 103.011;
33 ; 30 ; 30 ; 0.000528642 ; 0.00240165 ; -0.0273071 ; 102.884;
4 ; 31 ; 30 ; 0.0159741 ; -0.0138865 ; -0.0184447 ; 102.995;
5 ; 31 ; 30 ; 0.00608705 ; -0.0177813 ; -0.00630823 ; 102.838;
6 ; 31 ; 30 ; 0.00184527 ; -0.00349017 ; -0.00446125 ; 103.142;
7 ; 31 ; 30 ; 0.0193341 ; -0.00669382 ; -0.0109472 ; 102.699;
8 ; 31 ; 30 ; 0.00359511 ; -0.000273695 ; -0.00429954 ; 102.72;
9 ; 31 ; 30 ; 0.010982 ; -0.00552529 ; -0.0177615 ; 103.146;
10 ; 31 ; 30 ; 0.0039921 ; 0.00266891 ; -0.0080522 ; 103.36;
11 ; 31 ; 30 ; 0.00983363 ; -0.0079203 ; -0.0286993 ; 103.082;
12 ; 31 ; 30 ; 0.00147631 ; -0.0126763 ; -0.0108055 ; 102.957;
13 ; 31 ; 30 ; 0.0122944 ; -0.0109412 ; -0.0260301 ; 102.477;
14 ; 31 ; 30 ; 0.00465003 ; -0.0168836 ; -0.0128848 ; 102.664;
15 ; 31 ; 30 ; 0.00122075 ; -0.0126428 ; -0.0270779 ; 102.627;
16 ; 31 ; 30 ; 0.00850392 ; 2.08455e-05 ; -0.0209234 ; 102.384;
17 ; 31 ; 30 ; 0.0122009 ; -0.000108361 ; -0.0140576 ; 102.45;
18 ; 31 ; 30 ; 0.00153606 ; -0.0211613 ; -0.0223682 ; 102.509;
19 ; 31 ; 30 ; -0.00302379 ; -0.00376307 ; -0.0193902 ; 102.451;
20 ; 31 ; 30 ; -0.000222906 ; -0.00952445 ; -0.0200617 ; 102.299;
21 ; 31 ; 30 ; 0.000703938 ; -0.0130159 ; -0.00413467 ; 102.737;
22 ; 31 ; 30 ; -0.00233398 ; -0.00830916 ; -0.0104345 ; 102.664;
23 ; 31 ; 30 ; -0.0092745 ; -0.00861913 ; -0.0102733 ; 102.509;
24 ; 31 ; 30 ; -0.0111845 ; -0.00389297 ; -0.0216865 ; 102.965;
25 ; 31 ; 30 ; -0.0118712 ; -0.0179094 ; -0.0183564 ; 102.429;
26 ; 31 ; 30 ; 0.00182429 ; -0.00125815 ; -0.0168334 ; 102.81;
27 ; 31 ; 30 ; -0.0216267 ; -0.00159052 ; -0.017007 ; 103.535;
28 ; 31 ; 30 ; -0.0242493 ; -0.000525646 ; -0.0091273 ; 102.837;
29 ; 31 ; 30 ; -0.00889615 ; -0.00738487 ; -0.00029819 ; 103.069;
30 ; 31 ; 30 ; -0.00328913 ; -0.0012415 ; 0.0020925 ; 103.095;
31 ; 31 ; 30 ; -0.00505204 ; -0.0207099 ; -0.0102573 ; 102.994;
32 ; 31 ; 30 ; -0.00594215 ; -0.0083346 ; -0.0121143 ; 103.662;
33 ; 31 ; 30 ; 0.00673185 ; 0.000377955 ; -0.00635992 ; 103.394;
4 ; 32 ; 30 ; 0.00763603 ; -0.00376764 ; -0.00183078 ; 103.316;
5 ; 32 ; 30 ; 0.00374757 ; -0.00171117 ; -0.00365706 ; 102.573;
6 ; 32 ; 30 ; 0.0055076 ; -0.0116579 ; -0.0190472 ; 103.327;
7 ; 32 ; 30 ; 0.00423836 ; -0.00781025 ; -0.00188214 ; 102.917;
8 ; 32 ; 30 ; 0.0182986 ; -0.00144448 ; -0.00571541 ; 103.426;
9 ; 32 ; 30 ; 0.0122675 ; -0.00294047 ; -0.0106564 ; 103.153;
10 ; 32 ; 30 ; 0.00945347 ; -0.0115992 ; -0.0224308 ; 102.842;
11 ; 32 ; 30 ; 0.0119033 ; -0.0103552 ; -0.0228967 ; 102.36;
12 ; 32 ; 30 ; -0.00470364 ; -0.0178693 ; -0.0218053 ; 102.518;
13 ; 32 ; 30 ; -0.00100976 ; -0.0100092 ; -0.0287081 ; 102.801;
14 ; 32 ; 30 ; 0.0143495 ; -0.00883541 ; -0.0281771 ; 102.701;
15 ; 32 ; 30 ; -0.00306488 ; -0.000312554 ; -0.0174045 ; 102.927;
16 ; 32 ; 30 ; -0.0227159 ; -0.0127499 ; -0.0249199 ; 102.381;
17 ; 32 ; 30 ; -0.0118834 ; -0.00639894 ; -0.00783421 ; 102.571;
18 ; 32 ; 30 ; -0.00778433 ; -0.0128336 ; -0.0310532 ; 102.407;
19 ; 32 ; 30 ; 0.00486461 ; -0.0145965 ; -0.0175434 ; 102.613;
20 ; 32 ; 30 ; -0.00153947 ; -0.000447129 ; -0.0215377 ; 102.337;
21 ; 32 ; 30 ; -0.00786735 ; -0.00511068 ; -0.00690256 ; 102.387;
22 ; 32 ; 30 ; 0.00227861 ; -0.00507373 ; -0.0145342 ; 102.756;
23 ; 32 ; 30 ; 0.00984772 ; -0.00523432 ; -0.0233196 ; 102.561;
24 ; 32 ; 30 ; -0.00221108 ; -0.014517 ; -0.0230376 ; 102.732;
25 ; 32 ; 30 ; -0.0162842 ; -0.00904383 ; -0.0162341 ; 103;
26 ; 32 ; 30 ; -0.00982578 ; -0.0172887 ; -0.0237602 ; 102.958;
27 ; 32 ; 30 ; -0.0148815 ; 0.00257793 ; -0.021888 ; 102.639;
28 ; 32 ; 30 ; -0.00934204 ; -0.00315038 ; -0.019708 ; 103.029;
29 ; 32 ; 30 ; -0.01806 ; -0.00383563 ; -0.00367655 ; 102.885;
30 ; 32 ; 30 ; -0.0265574 ; -0.00711597 ; -0.0181526 ; 103.105;
31 ; 32 ; 30 ; -0.0138717 ; -0.00432434 ; 0.00921706 ; 103.139;
32 ; 32 ; 30 ; -0.00153023 ; -0.0128681 ; -0.00183799 ; 102.996;
33 ; 32 ; 30 ; -0.00550761 ; -0.00578352 ; 0.00202132 ; 102.741;
4 ; 33 ; 30 ; 0.00192551 ; -0.00383381 ; -0.00941592 ; 103.105;
5 ; 33 ; 30 ; 0.00422421 ; -0.00152361 ; -0.0120175 ; 102.931;
6 ; 33 ; 30 ; 0.0103277 ; -0.0186644 ; -0.014346 ; 103.053;
7 ; 33 ; 30 ; 0.0208694 ; -0.00685674 ; -0.0135713 ; 102.309;
8 ; 33 ; 30 ; 0.0140955 ; -0.0109433 ; -0.00714885 ; 102.86;
9 ; 33 ; 30 ; 0.0194268 ; -0.0052068 ; -0.020526 ; 102.721;
10 ; 33 ; 30 ; -0.0094732 ; -0.00550721 ; -0.0170628 ; 102.644;
11 ; 33 ; 30 ; 0.000209686 ; -0.0124598 ; -0.0221028 ; 102.728;
12 ; 33 ; 30 ; 0.00343403 ; -0.011791 ; -0.0179803 ; 103.037;
13 ; 33 ; 30 ; -0.0051417 ; 0.00475308 ; -0.0193284 ; 102.562;
14 ; 33 ; 30 ; 0.000853063 ; -0.0036387 ; -0.0122439 ; 102.591;
15 ; 33 ; 30 ; -0.0186781 ; -0.000436514 ; -0.0214241 ; 102.5;
16 ; 33 ; 30 ; -0.00944448 ; 0.00430106 ; -0.0112919 ; 102.704;
17 ; 33 ; 30 ; -0.0125883 ; -0.00196183 ; -0.0139266 ; 102.435;
18 ; 33 ; 30 ; -0.00234543 ; -0.0141954 ; -0.0150653 ; 102.4;
19 ; 33 ; 30 ; -0.0153176 ; -0.0132844 ; -0.0114557 ; 102.296;
20 ; 33 ; 30 ; 0.00991788 ; 0.00134989 ; -0.0092291 ; 102.683;
21 ; 33 ; 30 ; -0.00193067 ; 0.00991714 ; -0.0129442 ; 102.67;
22 ; 33 ; 30 ; 0.0041808 ; -0.00270976 ; -0.00929849 ; 102.429;
23 ; 33 ; 30 ; 0.000766147 ; -0.0087945 ; -0.00289688 ; 102.749;
24 ; 33 ; 30 ; -0.00109989 ; -0.00115981 ; -0.0157909 ; 103.083;
25 ; 33 ; 30 ; -0.00698878 ; 0.00647569 ; -0.0146348 ; 102.331;
26 ; 33 ; 30 ; -0.0124588 ; 0.00186133 ; -0.00234388 ; 102.549;
27 ; 33 ; 30 ; -0.00776135 ; -0.0109045 ; -0.0154529 ; 102.744;
28 ; 33 ; 30 ; -0.00952593 ; -0.00468085 ; -0.00802316 ; 103;
29 ; 33 ; 30 ; -0.023426 ; -0.00472246 ; -0.0112027 ; 103.105;
30 ; 33 ; 30 ; -0.031369 ; -0.00744837 ; -0.0208233 ; 103.051;
31 ; 33 ; 30 ; -0.0145982 ; -0.00173138 ; -0.00383771 ; 102.824;
32 ; 33 ; 30 ; 0.00144113 ; -0.00958998 ; -0.00505188 ; 103.302;
33 ; 33 ; 30 ; -0.00401955 ; -0.00633912 ; 0.00397996 ; 103.149;
4 ; 4 ; 31 ; 0.014952 ; 0.00238132 ; -0.00756102 ; 102.87;
5 ; 4 ; 31 ; -0.00148023 ; -0.00452819 ; -0.011768 ; 103.35;
6 ; 4 ; 31 ; 0.0173502 ; 0.00506972 ; -0.0104929 ; 102.662;
7 ; 4 ; 31 ; 0.0265978 ; 0.0093811 ; -0.00532522 ; 103.046;
8 ; 4 ; 31 ; 0.0132382 ; 0.00635588 ; -0.00623802 ; 103.193;
9 ; 4 ; 31 ; 0.00969066 ; 0.00466206 ; -0.00989643 ; 103.073;
10 ; 4 ; 31 ; 0.00134442 ; 0.00665782 ; -0.0188256 ; 102.948;
11 ; 4 ; 31 ; 0.0234295 ; 0.00686112 ; -0.00908023 ; 102.788;
12 ; 4 ; 31 ; 0.0166757 ; -0.000471536 ; -0.0200781 ; 102.653;
13 ; 4 ; 31 ; 0.00513053 ; 0.00162242 ; -0.0120051 ; 102.878;
14 ; 4 ; 31 ; -0.003275 ; 0.00313157 ; -0.00511111 ; 102.946;
15 ; 4 ; 31 ; -0.00361675 ; 0.00109161 ; -0.0274351 ; 102.228;
16 ; 4 ; 31 ; -0.00950697 ; 0.00427328 ; -0.00939355 ; 102.711;
17 ; 4 ; 31 ; 0.00590663 ; -0.0156795 ; -0.00188493 ; 102.152;
18 ; 4 ; 31 ; -0.012991 ; 0.0100438 ; -0.0220284 ; 102.4;
19 ; 4 ; 31 ; 0.000428654 ; -0.00151504 ; -0.00509128 ; 102.999;
20 ; 4 ; 31 ; 0.000347806 ; 0.00475418 ; -0.000914112 ; 102.389;
21 ; 4 ; 31 ; -0.00211817 ; 0.00278526 ; -0.016675 ; 102.908;
22 ; 4 ; 31 ; -0.00420463 ; 0.00776914 ; -0.0192643 ; 102.364;
23 ; 4 ; 31 ; 0.00769986 ; 0.00772945 ; -0.0117554 ; 102.336;
24 ; 4 ; 31 ; -0.00222775 ; -0.00150262 ; 0.00457319 ; 103.023;
25 ; 4 ; 31 ; -0.010582 ; -0.00514646 ; 0.00126116 ; 102.788;
26 ; 4 ; 31 ; -0.019102 ; 0.0066334 ; -0.0185386 ; 102.65;
27 ; 4 ; 31 ; -0.014489 ; 0.00079274 ; -0.0194315 ; 103.106;
28 ; 4 ; 31 ; -0.00874208 ; 0.00759142 ; -0.0116763 ; 102.618;
29 ; 4 ; 31 ; -0.0173291 ; 0.00722713 ; -0.0123739 ; 102.467;
30 ; 4 ; 31 ; -0.000130013 ; -0.00624637 ; -0.0131022 ; 103.335;
31 ; 4 ; 31 ; -0.00743415 ; 0.00882847 ; -0.0118569 ; 102.81;
32 ; 4 ; 31 ; -0.0151696 ; 0.00741355 ; -0.00517941 ; 102.971;
33 ; 4 ; 31 ; 0.0014967 ; -0.00770052 ; -0.00761729 ; 103.135;
4 ; 5 ; 31 ; 0.00392062 ; -0.0128221 ; -0.0101727 ; 103.114;
5 ; 5 ; 31 ; -7.17514e-05 ; 0.00151667 ; -0.0132343 ; 103.149;
6 ; 5 ; 31 ; 0.013395 ; 0.0182404 ; -0.00549748 ; 102.788;
7 ; 5 ; 31 ; 0.0174005 ; 0.00352079 ; -0.0200387 ; 102.967;
8 ; 5 ; 31 ; 0.00896104 ; 0.00569533 ; -0.0157484 ; 102.671;
9 ; 5 ; 31 ; 0.00411751 ; 0.000153509 ; -0.0111594 ; 102.693;
10 ; 5 ; 31 ; 0.0108927 ; 0.0146975 ; -0.0188767 ; 102.511;
11 ; 5 ; 31 ; 0.00464466 ; -0.00413655 ; -0.00454351 ; 102.904;
12 ; 5 ; 31 ; 0.00470326 ; 0.0127384 ; -0.025554 ; 103.007;
13 ; 5 ; 31 ; -0.00421296 ; 0.0047247 ; -0.0126751 ; 102.527;
14 ; 5 ; 31 ; 0.000114952 ; 0.00646621 ; -0.0220312 ; 102.815;
15 ; 5 ; 31 ; -0.00151655 ; -0.00521004 ; -0.0264653 ; 102.5;
16 ; 5 ; 31 ; 0.0113505 ; 0.00800882 ; -0.0158213 ; 102.392;
17 ; 5 ; 31 ; -0.0041406 ; 0.0130864 ; -0.0117757 ; 102.18;
18 ; 5 ; 31 ; -0.00778288 ; 0.0013866 ; -0.0151778 ; 102.614;
19 ; 5 ; 31 ; -0.00530787 ; -0.00435452 ; -0.0131934 ; 102.208;
20 ; 5 ; 31 ; 0.00723943 ; 0.00236042 ; -0.00413308 ; 103.011;
21 ; 5 ; 31 ; 0.00584354 ; 0.00528409 ; -0.0145824 ; 102.158;
22 ; 5 ; 31 ; -0.00590097 ; 0.00255112 ; -0.0140987 ; 102.729;
23 ; 5 ; 31 ; 0.00294336 ; 0.0245065 ; -0.0190582 ; 102.565;
24 ; 5 ; 31 ; 0.00388608 ; 0.00948289 ; -0.0118789 ; 102.038;
25 ; 5 ; 31 ; -0.0172682 ; 0.0150135 ; -0.0190981 ; 102.614;
26 ; 5 ; 31 ; -0.00576387 ; -0.00339857 ; -0.0138263 ; 102.916;
27 ; 5 ; 31 ; -0.0068515 ; 0.00843376 ; -0.014818 ; 102.902;
28 ; 5 ; 31 ; -0.00499026 ; 0.00828538 ; -0.0288604 ; 102.685;
29 ; 5 ; 31 ; -0.0115184 ; 0.0124214 ; -0.00402115 ; 102.51;
30 ; 5 ; 31 ; -0.00983461 ; -0.00852181 ; -0.0150461 ; 103.256;
31 ; 5 ; 31 ; -0.00172144 ; 0.0157942 ; -0.00427109 ; 103.101;
32 ; 5 ; 31 ; -0.0124089 ; 0.00651537 ; -0.0135064 ; 103.071;
33 ; 5 ; 31 ; 0.00325101 ; 0.00870644 ; 0.00280098 ; 102.988;
4 ; 6 ; 31 ; -0.00014939 ; -0.00274995 ; -0.0153438 ; 103.052;
5 ; 6 ; 31 ; -0.000643049 ; -0.00209803 ; -0.00642435 ; 103.009;
6 ; 6 ; 31 ; 0.0186609 ; 0.00927477 ; -0.0141817 ; 102.73;
7 ; 6 ; 31 ; 0.0149659 ; 0.00609266 ; -0.0080098 ; 102.656;
8 ; 6 ; 31 ; 0.0127889 ; 0.00834719 ; -0.0126004 ; 103.147;
9 ; 6 ; 31 ; 0.00960534 ; 0.00535407 ; -0.00994312 ; 103.575;
10 ; 6 ; 31 ; 0.000255058 ; 0.00958046 ; -0.0136579 ; 103.225;
11 ; 6 ; 31 ; 0.0066309 ; 0.0191588 ; -0.023569 ; 102.745;
12 ; 6 ; 31 ; 0.000685984 ; 0.00793229 ; -0.0110598 ; 102.9;
13 ; 6 ; 31 ; -0.000422995 ; 0.00889178 ; -0.000459286 ; 102.76;
14 ; 6 ; 31 ; 0.00437446 ; 0.006302 ; -0.0108511 ; 102.732;
15 ; 6 ; 31 ; 0.00638849 ; 0.0145686 ; -0.0115172 ; 102.375;
16 ; 6 ; 31 ; -0.00193396 ; 0.0020949 ; -0.0223988 ; 102.806;
17 ; 6 ; 31 ; 0.00902077 ; 0.0218724 ; -0.0190367 ; 102.178;
18 ; 6 ; 31 ; -0.0137608 ; 0.00796836 ; -0.0146499 ; 102.495;
19 ; 6 ; 31 ; -0.0092156 ; 0.0141181 ; -0.0212067 ; 102.844;
20 ; 6 ; 31 ; 0.00232146 ; 0.00188638 ; -0.0233484 ; 103.027;
21 ; 6 ; 31 ; 0.00778009 ; 0.0246225 ; 0.00203709 ; 102.862;
22 ; 6 ; 31 ; -0.00378105 ; 0.0254887 ; -0.0217843 ; 102.555;
23 ; 6 ; 31 ; 0.00136539 ; 0.0252964 ; -0.013678 ; 102.99;
24 ; 6 ; 31 ; -0.00285731 ; 0.00327654 ; -0.0100165 ; 103.082;
25 ; 6 ; 31 ; -0.010821 ; 0.00639378 ; -0.0110667 ; 102.462;
26 ; 6 ; 31 ; -0.00874899 ; 0.0167324 ; -0.0164724 ; 102.543;
27 ; 6 ; 31 ; -0.00719337 ; 0.0242228 ; -0.00805162 ; 102.673;
28 ; 6 ; 31 ; 0.0013392 ; 0.0149327 ; -0.00860216 ; 102.835;
29 ; 6 ; 31 ; -0.00363929 ; 0.00699801 ; 0.0010712 ; 102.715;
30 ; 6 ; 31 ; -0.00561486 ; 0.00552509 ; -0.0051962 ; 103.069;
31 ; 6 ; 31 ; -0.0120196 ; 0.00654605 ; -0.00749635 ; 102.745;
32 ; 6 ; 31 ; -0.00412378 ; 0.00102571 ; -0.00709772 ; 103.458;
33 ; 6 ; 31 ; -0.00960648 ; 0.0107287 ; -0.014337 ; 102.57;
4 ; 7 ; 31 ; 0.00241539 ; 0.0117994 ; -0.0105786 ; 102.576;
5 ; 7 ; 31 ; 0.0109724 ; 0.00343986 ; -0.0209289 ; 103.298;
6 ; 7 ; 31 ; 0.0122121 ; 0.00601499 ; -0.01188 ; 103.323;
7 ; 7 ; 31 ; 0.0164158 ; 0.0004828 ; -0.0130235 ; 103.212;
8 ; 7 ; 31 ; 0.0219163 ; 0.00819049 ; 0.0105029 ; 102.841;
9 ; 7 ; 31 ; 0.0112047 ; 0.0117186 ; -0.00543238 ; 102.64;
10 ; 7 ; 31 ; -0.00066431 ; 0.00648664 ; -0.0178049 ; 102.81;
11 ; 7 ; 31 ; 0.0075224 ; 0.00559916 ; -0.0160931 ; 103.056;
12 ; 7 ; 31 ; 0.0174221 ; 0.00964189 ; 0.000385971 ; 102.644;
13 ; 7 ; 31 ; 0.011057 ; 0.00270251 ; -0.00011347 ; 102.995;
14 ; 7 ; 31 ; 0.000730693 ; 0.00892995 ; -0.0107687 ; 102.462;
15 ; 7 ; 31 ; 0.0142192 ; 0.0223671 ; -0.00846165 ; 102.414;
16 ; 7 ; 31 ; -0.0095118 ; 0.0327953 ; -0.0235535 ; 102.924;
17 ; 7 ; 31 ; -0.00841563 ; 0.0198295 ; -0.0136921 ; 102.676;
18 ; 7 ; 31 ; 0.00405506 ; 0.0242211 ; -0.0058773 ; 102.602;
19 ; 7 ; 31 ; 0.009183 ; 0.0218684 ; 0.000336953 ; 102.199;
20 ; 7 ; 31 ; -0.00130274 ; 0.0205936 ; -0.0173876 ; 102.72;
21 ; 7 ; 31 ; -0.00168678 ; 0.0219915 ; -0.0151498 ; 102.588;
22 ; 7 ; 31 ; -0.000475057 ; 0.0242449 ; -0.01637 ; 102.615;
23 ; 7 ; 31 ; -0.0156508 ; 0.00925416 ; -0.00341856 ; 102.386;
24 ; 7 ; 31 ; -0.00102511 ; 0.0169086 ; -0.0165886 ; 103.268;
25 ; 7 ; 31 ; 0.00262567 ; 0.0178373 ; 0.00175084 ; 102.875;
26 ; 7 ; 31 ; -0.00237462 ; 0.0254083 ; -0.0147771 ; 102.711;
27 ; 7 ; 31 ; -0.021552 ; 0.00855854 ; -0.00984662 ; 103.139;
28 ; 7 ; 31 ; -0.0243924 ; 0.0175425 ; -0.00928091 ; 102.879;
29 ; 7 ; 31 ; -0.0201308 ; 0.0222835 ; -0.00598781 ; 103.468;
30 ; 7 ; 31 ; -0.0189955 ; 0.0117957 ; -0.0115243 ; 103.115;
31 ; 7 ; 31 ; 0.000225465 ; 0.0112003 ; -0.0158656 ; 103.232;
32 ; 7 ; 31 ; -0.000667663 ; 0.0237833 ; -0.0129587 ; 102.882;
33 ; 7 ; 31 ; -0.00327519 ; 0.0194733 ; -0.0221877 ; 102.412;
4 ; 8 ; 31 ; 0.0113667 ; 0.000426815 ; -0.0044196 ; 102.965;
5 ; 8 ; 31 ; 0.0118701 ; 0.0173475 ; -0.0127496 ; 102.929;
6 ; 8 ; 31 ; 0.0173939 ; 0.00425078 ; -0.00231442 ; 103.068;
7 ; 8 ; 31 ; 0.00190306 ; -0.0155556 ; -0.0123108 ; 102.628;
8 ; 8 ; 31 ; 0.00606027 ; 0.015 ; 0.00379318 ; 103.228;
9 ; 8 ; 31 ; 0.0162505 ; -0.00289534 ; -0.0101764 ; 102.803;
10 ; 8 ; 31 ; 0.00344586 ; 0.0219835 ; 0.00174804 ; 102.621;
11 ; 8 ; 31 ; 0.00720364 ; 0.016001 ; 0.0098816 ; 102.948;
12 ; 8 ; 31 ; 0.0123663 ; 0.0201987 ; -0.0139659 ; 102.674;
13 ; 8 ; 31 ; 0.0076456 ; 0.00295861 ; -0.00632379 ; 102.931;
14 ; 8 ; 31 ; -0.008642 ; 0.0135929 ; -0.0209463 ; 103.262;
15 ; 8 ; 31 ; 0.00187795 ; 0.025672 ; -0.00377861 ; 102.188;
16 ; 8 ; 31 ; 0.00413716 ; 0.0183618 ; -0.00281601 ; 102.543;
17 ; 8 ; 31 ; -0.00281592 ; 0.0255541 ; -0.0213884 ; 102.814;
18 ; 8 ; 31 ; 0.0107908 ; 0.0295608 ; -0.0124794 ; 102.021;
19 ; 8 ; 31 ; -0.00113558 ; 0.0194873 ; -0.0144073 ; 102.511;
20 ; 8 ; 31 ; 0.00439355 ; 0.0224401 ; -0.016351 ; 102.835;
21 ; 8 ; 31 ; 0.00113881 ; 0.0212164 ; -0.00362041 ; 102.936;
22 ; 8 ; 31 ; 0.00369468 ; 0.0139862 ; -0.00845462 ; 102.379;
23 ; 8 ; 31 ; -0.00151942 ; 0.0216951 ; -0.0091666 ; 102.704;
24 ; 8 ; 31 ; -0.00873003 ; 0.0178809 ; -0.0200616 ; 102.753;
25 ; 8 ; 31 ; -0.00713315 ; 0.0113691 ; -0.00528215 ; 102.649;
26 ; 8 ; 31 ; -0.00946733 ; 0.0200569 ; -0.00557111 ; 102.741;
27 ; 8 ; 31 ; -0.00834202 ; 0.0179261 ; -0.00575661 ; 103.053;
28 ; 8 ; 31 ; 0.00382048 ; 0.00350648 ; -0.00998683 ; 102.838;
29 ; 8 ; 31 ; -0.0107234 ; 0.00443675 ; -0.00489239 ; 103.39;
30 ; 8 ; 31 ; -0.0143746 ; 0.0141865 ; -0.00975719 ; 103.046;
31 ; 8 ; 31 ; -0.00664836 ; 0.00237867 ; -0.00998327 ; 102.747;
32 ; 8 ; 31 ; -0.0138046 ; 0.0286097 ; -0.00435442 ; 102.793;
33 ; 8 ; 31 ; -0.0041465 ; 0.0169339 ; -0.0082781 ; 103.063;
4 ; 9 ; 31 ; 0.0137095 ; -0.00519776 ; -0.00179794 ; 102.856;
5 ; 9 ; 31 ; 0.00371661 ; 0.0108587 ; -0.0107459 ; 102.909;
6 ; 9 ; 31 ; 0.0165618 ; 0.0114436 ; -0.00228426 ; 102.816;
7 ; 9 ; 31 ; 0.0116297 ; 0.0164442 ; -0.0119806 ; 103.178;
8 ; 9 ; 31 ; 0.00974772 ; 0.00989601 ; -0.0160919 ; 102.85;
9 ; 9 ; 31 ; 0.0170395 ; 0.0192325 ; -0.0156491 ; 102.73;
10 ; 9 ; 31 ; 0.0261804 ; 0.00703767 ; -0.0108226 ; 103.129;
11 ; 9 ; 31 ; 0.0100845 ; 0.00934163 ; -0.0149495 ; 102.552;
12 ; 9 ; 31 ; 0.00964495 ; 0.0271885 ; -0.0131022 ; 102.661;
13 ; 9 ; 31 ; 0.00212803 ; 0.0129637 ; -0.00775675 ; 103.058;
14 ; 9 ; 31 ; -0.00356543 ; 0.0137088 ; -0.0174495 ; 102.244;
15 ; 9 ; 31 ; 0.0126012 ; 0.0243892 ; -0.0147594 ; 102.945;
16 ; 9 ; 31 ; 0.00652314 ; 0.0154805 ; -0.0232275 ; 102.132;
17 ; 9 ; 31 ; -0.00435739 ; 0.0200905 ; -0.0170593 ; 102.623;
18 ; 9 ; 31 ; -0.00478621 ; 0.0215281 ; -0.00483251 ; 102.479;
19 ; 9 ; 31 ; 0.00862289 ; 0.0144962 ; -0.00445028 ; 102.466;
20 ; 9 ; 31 ; -0.00365478 ; 0.0129844 ; -0.0110282 ; 102.716;
21 ; 9 ; 31 ; 0.0014236 ; 0.0184977 ; -0.0164662 ; 102.615;
22 ; 9 ; 31 ; -0.000880974 ; 0.0213013 ; -0.0155608 ; 102.46;
23 ; 9 ; 31 ; -0.000196219 ; 0.0051215 ; -0.014912 ; 102.476;
24 ; 9 ; 31 ; -0.00162186 ; 0.0220343 ; -0.0279711 ; 102.941;
25 ; 9 ; 31 ; -0.00198928 ; 0.0161815 ; -0.0161588 ; 102.572;
26 ; 9 ; 31 ; -0.00383816 ; 0.021896 ; -0.00956405 ; 102.632;
27 ; 9 ; 31 ; -0.0185863 ; 0.0187041 ; -0.0120838 ; 102.93;
28 ; 9 ; 31 ; -0.015461 ; 0.00545933 ; -0.00575801 ; 102.642;
29 ; 9 ; 31 ; -0.0136741 ; 0.0047503 ; -0.011882 ; 103.304;
30 ; 9 ; 31 ; -0.00726972 ; 0.00679567 ; -0.00734933 ; 102.451;
31 ; 9 ; 31 ; -0.00416904 ; 0.012992 ; -0.0102322 ; 102.756;
32 ; 9 ; 31 ; -0.0175995 ; 0.0165112 ; -0.0151236 ; 102.71;
33 ; 9 ; 31 ; -0.0035411 ; 0.00701286 ; 0.00893624 ; 102.545;
4 ; 10 ; 31 ; -0.00114043 ; 0.00274339 ; -0.0027253 ; 102.995;
5 ; 10 ; 31 ; 0.00588016 ; 0.0128019 ; -0.0240041 ; 102.401;
6 ; 10 ; 31 ; 0.0145109 ; 0.00823555 ; -0.00478845 ; 102.605;
7 ; 10 ; 31 ; 0.00679437 ; 0.00674692 ; -0.00448295 ; 102.481;
8 ; 10 ; 31 ; 0.0150176 ; 0.0141968 ; -0.0165481 ; 103.025;
9 ; 10 ; 31 ; 0.0255778 ; 0.0122344 ; -0.015363 ; 102.741;
10 ; 10 ; 31 ; 0.0188224 ; 0.0206004 ; -0.0204931 ; 102.886;
11 ; 10 ; 31 ; 0.0132911 ; 0.0159417 ; 0.00297742 ; 103.213;
12 ; 10 ; 31 ; 0.0112711 ; 0.0208587 ; -0.00702965 ; 102.612;
13 ; 10 ; 31 ; -0.00722319 ; 0.0217407 ; -0.0102774 ; 102.42;
14 ; 10 ; 31 ; 0.000674327 ; 0.0211671 ; -0.0163032 ; 102.226;
15 ; 10 ; 31 ; -0.00355746 ; 0.0150191 ; -0.0128816 ; 102.607;
16 ; 10 ; 31 ; 0.00164604 ; 0.0209743 ; -0.0086405 ; 102.225;
17 ; 10 ; 31 ; -1.09597e-06 ; 0.0213858 ; -0.0121493 ; 102.072;
18 ; 10 ; 31 ; -0.00315062 ; 0.0106389 ; -0.00304896 ; 102.261;
19 ; 10 ; 31 ; -0.00549083 ; 0.0179401 ; -0.0188449 ; 102.498;
20 ; 10 ; 31 ; -0.00670193 ; 0.0134413 ; -0.00631055 ; 102.554;
21 ; 10 ; 31 ; -0.00176317 ; 0.0258794 ; -0.0194946 ; 102.692;
22 ; 10 ; 31 ; -0.00515475 ; 0.019863 ; -0.0221233 ; 102.25;
23 ; 10 ; 31 ; 0.00253492 ; 0.014275 ; -0.00619729 ; 102.608;
24 ; 10 ; 31 ; 0.0121256 ; 0.0135794 ; -0.0184435 ; 102.382;
25 ; 10 ; 31 ; -0.0112131 ; 0.0153786 ; -0.00373149 ; 102.652;
26 ; 10 ; 31 ; -0.00654507 ; 0.0327993 ; -0.0050559 ; 102.57;
27 ; 10 ; 31 ; -0.0407931 ; 0.00588252 ; -0.00796625 ; 102.571;
28 ; 10 ; 31 ; -0.0129654 ; 0.0162108 ; -0.00960146 ; 102.858;
29 ; 10 ; 31 ; -0.000575167 ; 0.0166958 ; -0.0102174 ; 102.726;
30 ; 10 ; 31 ; -0.00859157 ; 0.0134608 ; -0.0108004 ; 102.831;
31 ; 10 ; 31 ; -0.0126215 ; -0.00573741 ; -0.00708093 ; 102.695;
32 ; 10 ; 31 ; -0.000752674 ; 0.0178425 ; -0.00698636 ; 102.781;
33 ; 10 ; 31 ; -0.0202476 ; 0.0129865 ; -0.0112153 ; 102.524;
4 ; 11 ; 31 ; -0.00366547 ; 0.00434349 ; -0.0158742 ; 102.887;
5 ; 11 ; 31 ; 0.00782772 ; 0.00139376 ; -0.00761567 ; 102.977;
6 ; 11 ; 31 ; 0.00875768 ; 0.0232373 ; -0.0206185 ; 102.872;
7 ; 11 ; 31 ; 0.0155191 ; 0.00196322 ; -0.02259 ; 102.918;
8 ; 11 ; 31 ; 0.00721915 ; 0.013948 ; 0.00262995 ; 102.986;
9 ; 11 ; 31 ; 0.015439 ; 0.0136535 ; -0.0142788 ; 103.002;
10 ; 11 ; 31 ; 0.0236071 ; 0.0208647 ; -0.0135956 ; 102.752;
11 ; 11 ; 31 ; 0.0155801 ; 0.0219081 ; -0.0160193 ; 102.533;
12 ; 11 ; 31 ; 0.00944979 ; 0.0117262 ; -0.0200405 ; 102.58;
13 ; 11 ; 31 ; -0.00123219 ; 0.00638485 ; -0.0240859 ; 102.435;
14 ; 11 ; 31 ; 0.0130596 ; 0.00621461 ; -0.025529 ; 102.366;
15 ; 11 ; 31 ; 0.00288203 ; 0.0190017 ; -0.0180264 ; 102.438;
16 ; 11 ; 31 ; 0.00146212 ; 0.0148978 ; -0.0126838 ; 101.886;
17 ; 11 ; 31 ; -0.0141502 ; 0.00111479 ; -0.0143964 ; 102.542;
18 ; 11 ; 31 ; 0.00927174 ; 0.000822951 ; -0.0314295 ; 102.186;
19 ; 11 ; 31 ; 0.0144217 ; 0.0209985 ; -0.0107234 ; 102.077;
20 ; 11 ; 31 ; 0.00256653 ; 0.018662 ; -0.0124729 ; 102.158;
21 ; 11 ; 31 ; -0.00289742 ; 0.0245982 ; -0.0171637 ; 102.603;
22 ; 11 ; 31 ; 0.00764301 ; 0.0230275 ; -0.0173042 ; 102.722;
23 ; 11 ; 31 ; -0.00755937 ; 0.0253281 ; 0.00453953 ; 102.123;
24 ; 11 ; 31 ; -0.00232088 ; -0.00250061 ; -0.0121944 ; 102.45;
25 ; 11 ; 31 ; -0.0162447 ; 0.0269988 ; -0.00298227 ; 102.371;
26 ; 11 ; 31 ; -0.0250637 ; 0.0148311 ; -0.00585581 ; 102.687;
27 ; 11 ; 31 ; -0.0151984 ; 0.00694402 ; -0.0136316 ; 102.876;
28 ; 11 ; 31 ; -0.0166976 ; 0.0146127 ; -0.00496334 ; 102.833;
29 ; 11 ; 31 ; -0.0179153 ; 0.00952595 ; -0.00502384 ; 102.921;
30 ; 11 ; 31 ; -0.00996793 ; -0.00199597 ; -0.00599882 ; 102.928;
31 ; 11 ; 31 ; -0.00959196 ; 0.00843541 ; -0.00941661 ; 103.035;
32 ; 11 ; 31 ; -0.0128972 ; 0.0191522 ; -0.01447 ; 102.947;
33 ; 11 ; 31 ; -0.00569376 ; -0.00530129 ; -0.00578005 ; 102.757;
4 ; 12 ; 31 ; 0.00212188 ; -0.00548517 ; -0.00393889 ; 102.622;
5 ; 12 ; 31 ; 0.00593222 ; 0.00858929 ; -0.0250697 ; 102.589;
6 ; 12 ; 31 ; 0.00735898 ; -0.00333411 ; -0.0164702 ; 102.929;
7 ; 12 ; 31 ; 0.0191822 ; -0.0141141 ; -0.00137346 ; 102.436;
8 ; 12 ; 31 ; 0.0188899 ; 0.00383102 ; -0.00620946 ; 103.026;
9 ; 12 ; 31 ; 0.0166479 ; 0.0135488 ; -0.00489336 ; 102.522;
10 ; 12 ; 31 ; 0.00613836 ; 0.0113967 ; -0.0129757 ; 102.372;
11 ; 12 ; 31 ; 0.00993967 ; 0.00671408 ; -0.0231657 ; 102.582;
12 ; 12 ; 31 ; 0.00728242 ; 0.00387464 ; -0.0133492 ; 102.552;
13 ; 12 ; 31 ; -0.00494774 ; 0.00395565 ; -0.0119514 ; 102.625;
14 ; 12 ; 31 ; 0.0074656 ; 0.00869418 ; -0.0232988 ; 101.864;
15 ; 12 ; 31 ; -0.00360051 ; 0.00806543 ; -0.0132846 ; 102.251;
16 ; 12 ; 31 ; -0.000816805 ; 0.00952943 ; -0.0117905 ; 102.45;
17 ; 12 ; 31 ; -0.00672083 ; 0.021037 ; -0.0193071 ; 102.28;
18 ; 12 ; 31 ; -0.0055984 ; 0.0114353 ; -0.0253091 ; 101.884;
19 ; 12 ; 31 ; -0.00240891 ; 0.0135844 ; -0.0234933 ; 102.218;
20 ; 12 ; 31 ; -0.00565613 ; 0.0142373 ; -0.0208374 ; 102.052;
21 ; 12 ; 31 ; -0.0070702 ; 0.00642496 ; -0.013625 ; 102.059;
22 ; 12 ; 31 ; -0.000735723 ; 0.00644103 ; -0.0173105 ; 102.517;
23 ; 12 ; 31 ; 0.00957803 ; 0.000633979 ; -0.0217782 ; 102.629;
24 ; 12 ; 31 ; -0.00147644 ; -0.00707457 ; -0.0225366 ; 102.413;
25 ; 12 ; 31 ; -0.0152228 ; 0.0117956 ; -0.00561378 ; 102.342;
26 ; 12 ; 31 ; -0.00653455 ; 0.0095815 ; -0.0179009 ; 102.662;
27 ; 12 ; 31 ; -0.0293252 ; 0.0117498 ; -0.0107521 ; 102.635;
28 ; 12 ; 31 ; -0.0174293 ; 0.0102654 ; -0.00914049 ; 103.033;
29 ; 12 ; 31 ; -0.0216615 ; 0.0149593 ; -0.0103093 ; 102.905;
30 ; 12 ; 31 ; -0.0132637 ; -0.00391169 ; -0.00339864 ; 102.619;
31 ; 12 ; 31 ; -0.00356117 ; 0.00149178 ; -0.0114957 ; 103.077;
32 ; 12 ; 31 ; 0.00128284 ; 0.00703945 ; -0.0129171 ; 102.985;
33 ; 12 ; 31 ; -0.00466953 ; 0.00593232 ; -0.0195195 ; 102.204;
4 ; 13 ; 31 ; 0.00487023 ; 0.00597634 ; -0.0255973 ; 102.759;
5 ; 13 ; 31 ; 0.00929141 ; 0.00517092 ; -0.00389401 ; 102.67;
6 ; 13 ; 31 ; 0.015108 ; -0.0122783 ; 0.00185952 ; 102.458;
7 ; 13 ; 31 ; 0.0268586 ; 0.00946037 ; -0.008953 ; 102.615;
8 ; 13 ; 31 ; 0.0330717 ; 0.00634066 ; -0.0107052 ; 103.151;
9 ; 13 ; 31 ; 0.0180891 ; 0.000212287 ; 0.00372843 ; 103.03;
10 ; 13 ; 31 ; 0.00134501 ; 0.0002419 ; -0.0192738 ; 102.398;
11 ; 13 ; 31 ; 0.0058216 ; -0.00962948 ; -0.0232797 ; 102.508;
12 ; 13 ; 31 ; 0.0108082 ; 0.00210135 ; -0.0219569 ; 102.68;
13 ; 13 ; 31 ; -0.00541867 ; 0.0030004 ; -0.00546125 ; 102.691;
14 ; 13 ; 31 ; -0.0028707 ; 0.00604564 ; -0.0141016 ; 102.544;
15 ; 13 ; 31 ; 0.00500567 ; 0.00230756 ; -0.0222545 ; 102.569;
16 ; 13 ; 31 ; -0.00464881 ; 0.0130133 ; -0.00264344 ; 102.53;
17 ; 13 ; 31 ; -0.00183823 ; 0.0206076 ; -0.0153226 ; 102.255;
18 ; 13 ; 31 ; -0.00612185 ; 0.00536258 ; -0.0241409 ; 101.969;
19 ; 13 ; 31 ; -0.00861816 ; 0.0226651 ; -0.00764465 ; 102.364;
20 ; 13 ; 31 ; 0.00166295 ; 0.00932253 ; -0.00952595 ; 102.404;
21 ; 13 ; 31 ; -0.0143673 ; 0.00368248 ; -0.00572352 ; 102.234;
22 ; 13 ; 31 ; -0.000863947 ; 0.011426 ; -0.0108563 ; 101.989;
23 ; 13 ; 31 ; -0.00245619 ; 0.0109212 ; -0.0177976 ; 102.106;
24 ; 13 ; 31 ; 0.007074 ; 0.0105411 ; -0.0117704 ; 102.599;
25 ; 13 ; 31 ; -0.0117323 ; 0.00056916 ; -0.0244337 ; 102.305;
26 ; 13 ; 31 ; -0.0220801 ; -0.00467339 ; -0.010571 ; 102.299;
27 ; 13 ; 31 ; -0.0123171 ; -0.000202937 ; -0.011944 ; 102.199;
28 ; 13 ; 31 ; -0.0230195 ; 0.011899 ; -0.013704 ; 103.089;
29 ; 13 ; 31 ; -0.00747793 ; -0.0059086 ; -0.0174802 ; 102.791;
30 ; 13 ; 31 ; -0.0221661 ; 0.0134117 ; -0.00834143 ; 102.623;
31 ; 13 ; 31 ; -0.0123182 ; 0.00269234 ; -0.0184122 ; 102.62;
32 ; 13 ; 31 ; -0.00270402 ; 0.00942705 ; -0.00254899 ; 102.462;
33 ; 13 ; 31 ; 0.0130753 ; -0.00861951 ; -0.0218615 ; 102.713;
4 ; 14 ; 31 ; 0.00750749 ; 0.00229287 ; -0.00288163 ; 102.843;
5 ; 14 ; 31 ; 0.0183004 ; -0.00861051 ; -0.00514145 ; 102.192;
6 ; 14 ; 31 ; 0.00808097 ; -0.00826672 ; -0.0273816 ; 102.971;
7 ; 14 ; 31 ; 0.00422068 ; 0.00477631 ; -0.0213325 ; 102.875;
8 ; 14 ; 31 ; 0.0163096 ; 0.00305677 ; -0.0130837 ; 102.37;
9 ; 14 ; 31 ; 0.00457876 ; 0.000494401 ; -0.00722013 ; 102.853;
10 ; 14 ; 31 ; 0.015126 ; 0.0104548 ; -0.0169191 ; 102.474;
11 ; 14 ; 31 ; 0.0234038 ; -0.000812381 ; -0.0204299 ; 102.415;
12 ; 14 ; 31 ; 0.0100599 ; 0.00482756 ; -0.0140525 ; 102.164;
13 ; 14 ; 31 ; 0.00698157 ; 0.00476256 ; -0.0110904 ; 102.419;
14 ; 14 ; 31 ; 0.0106631 ; -0.00494352 ; -0.0150156 ; 102.079;
15 ; 14 ; 31 ; 0.00524197 ; -0.00243485 ; -0.00680455 ; 102.469;
16 ; 14 ; 31 ; 0.0110368 ; 0.00120175 ; -0.010957 ; 102.212;
17 ; 14 ; 31 ; -0.000346283 ; -0.000421745 ; 0.000875421 ; 102.429;
18 ; 14 ; 31 ; 0.00743695 ; 0.00681165 ; -0.0210069 ; 101.735;
19 ; 14 ; 31 ; 0.00879327 ; 0.013293 ; -0.0149562 ; 102.277;
20 ; 14 ; 31 ; 0.00524449 ; 0.00849761 ; -0.0286358 ; 101.818;
21 ; 14 ; 31 ; 0.00633026 ; 0.000827914 ; -0.0210044 ; 102.439;
22 ; 14 ; 31 ; 0.000859083 ; 0.0135899 ; -0.0188893 ; 102.223;
23 ; 14 ; 31 ; -0.00755421 ; 0.00480628 ; -0.0206953 ; 102.161;
24 ; 14 ; 31 ; -0.00607756 ; 0.00484154 ; -0.0240105 ; 102.111;
25 ; 14 ; 31 ; -0.0145919 ; -0.00870599 ; -0.0110974 ; 102.535;
26 ; 14 ; 31 ; -0.017973 ; -0.00411892 ; -0.0137269 ; 102.383;
27 ; 14 ; 31 ; -0.0183994 ; 0.0132105 ; -0.00855598 ; 102.337;
28 ; 14 ; 31 ; -0.0163206 ; 0.00547291 ; -0.0149188 ; 102.605;
29 ; 14 ; 31 ; 0.00473556 ; 0.00049068 ; -0.0170779 ; 102.328;
30 ; 14 ; 31 ; -0.0170904 ; 0.00785251 ; 0.000120708 ; 102.333;
31 ; 14 ; 31 ; -0.0168773 ; 0.00809601 ; -0.012356 ; 102.592;
32 ; 14 ; 31 ; -0.00118715 ; 0.0135558 ; -0.0226159 ; 102.957;
33 ; 14 ; 31 ; 0.00582431 ; -0.00979654 ; -0.012979 ; 102.859;
4 ; 15 ; 31 ; -0.00178432 ; -0.0148115 ; -0.00672911 ; 102.577;
5 ; 15 ; 31 ; 0.00466894 ; 0.00646741 ; -0.00549653 ; 102.528;
6 ; 15 ; 31 ; 0.0147154 ; -0.00492187 ; -0.00976774 ; 102.753;
7 ; 15 ; 31 ; 0.0111409 ; -0.0127026 ; -0.00781099 ; 102.576;
8 ; 15 ; 31 ; 0.0225633 ; -0.00217694 ; -0.00955516 ; 102.736;
9 ; 15 ; 31 ; 0.00425673 ; -0.00135878 ; -0.00781041 ; 102.59;
10 ; 15 ; 31 ; 0.0207875 ; -0.00795404 ; -0.0193203 ; 102.781;
11 ; 15 ; 31 ; 0.0117359 ; -0.0142189 ; -0.0135628 ; 102.497;
12 ; 15 ; 31 ; 0.0150161 ; -0.00113392 ; -0.0176088 ; 102.643;
13 ; 15 ; 31 ; 0.0127898 ; -0.00772046 ; -0.0213886 ; 102.018;
14 ; 15 ; 31 ; 0.00188789 ; -0.0087463 ; -0.0101601 ; 102.51;
15 ; 15 ; 31 ; 0.00191465 ; 0.00531251 ; -0.0222214 ; 102.2;
16 ; 15 ; 31 ; -0.00407302 ; -0.00459016 ; -0.0149516 ; 101.939;
17 ; 15 ; 31 ; -0.00691118 ; -0.00720156 ; -0.0176957 ; 102.396;
18 ; 15 ; 31 ; -0.0014257 ; -0.00372535 ; -0.0165325 ; 101.89;
19 ; 15 ; 31 ; -0.00471027 ; 0.0094009 ; -0.0270585 ; 102.185;
20 ; 15 ; 31 ; 0.00798255 ; 0.00741253 ; -0.00963776 ; 102.058;
21 ; 15 ; 31 ; -0.000986797 ; 0.00230225 ; -0.00713945 ; 102.574;
22 ; 15 ; 31 ; -0.00603835 ; 0.0117703 ; -0.024953 ; 102.075;
23 ; 15 ; 31 ; -0.00753288 ; 0.00815794 ; -0.0198477 ; 102.339;
24 ; 15 ; 31 ; 0.00217074 ; -0.0077381 ; -0.0297382 ; 102.354;
25 ; 15 ; 31 ; 0.00996242 ; -0.00488301 ; -0.00950216 ; 102.431;
26 ; 15 ; 31 ; -0.0196149 ; -0.0036883 ; -0.0210353 ; 102.536;
27 ; 15 ; 31 ; -0.0144046 ; 0.00668732 ; -0.0104983 ; 102.558;
28 ; 15 ; 31 ; -0.00437176 ; -0.0157361 ; -0.0132372 ; 102.571;
29 ; 15 ; 31 ; -0.0137023 ; -0.010549 ; -0.0124807 ; 102.759;
30 ; 15 ; 31 ; -0.0107663 ; 0.00298722 ; -0.000795559 ; 102.402;
31 ; 15 ; 31 ; -0.0106948 ; 0.0147535 ; 0.00220052 ; 102.814;
32 ; 15 ; 31 ; -0.0195533 ; -0.00646786 ; -0.0176995 ; 102.308;
33 ; 15 ; 31 ; -0.0125265 ; -0.00979022 ; -0.0135086 ; 102.552;
4 ; 16 ; 31 ; -0.00151768 ; 0.00127242 ; -0.0114878 ; 102.33;
5 ; 16 ; 31 ; -0.00432924 ; -0.00503607 ; -0.0182033 ; 102.748;
6 ; 16 ; 31 ; 0.020506 ; -0.015549 ; -0.0133477 ; 102.512;
7 ; 16 ; 31 ; 0.0111815 ; -0.00980087 ; -0.0109811 ; 102.182;
8 ; 16 ; 31 ; 0.0106533 ; -0.00783277 ; -0.00826046 ; 102.359;
9 ; 16 ; 31 ; 0.0189467 ; -0.00843826 ; -0.0178662 ; 102.438;
10 ; 16 ; 31 ; 0.0114541 ; 0.00778214 ; -0.0156756 ; 102.119;
11 ; 16 ; 31 ; 0.0139831 ; -0.00939071 ; -0.0155406 ; 102.26;
12 ; 16 ; 31 ; 0.00588663 ; 0.000896333 ; -0.0140751 ; 102.26;
13 ; 16 ; 31 ; 0.00670437 ; 0.0024025 ; -0.00374905 ; 102.119;
14 ; 16 ; 31 ; 0.011458 ; -0.0102074 ; -0.0235467 ; 101.961;
15 ; 16 ; 31 ; 0.000746791 ; -0.00349891 ; -0.0213609 ; 102.127;
16 ; 16 ; 31 ; 0.011904 ; -0.012965 ; -0.00911622 ; 102.192;
17 ; 16 ; 31 ; -0.0100382 ; -0.0176717 ; -0.00531036 ; 102.261;
18 ; 16 ; 31 ; 8.5488e-05 ; -0.00466407 ; -0.0285648 ; 101.6;
19 ; 16 ; 31 ; -0.00305483 ; -0.0104468 ; -0.0199938 ; 101.891;
20 ; 16 ; 31 ; 0.00740561 ; -0.000814131 ; -0.0225591 ; 102.021;
21 ; 16 ; 31 ; 0.0133205 ; 0.00609907 ; -0.0253019 ; 101.97;
22 ; 16 ; 31 ; -0.0017205 ; 0.0061853 ; -0.00838092 ; 101.952;
23 ; 16 ; 31 ; -0.00780833 ; -0.00443171 ; -0.0223303 ; 101.982;
24 ; 16 ; 31 ; -0.00393589 ; -0.0114837 ; -0.0241262 ; 102.61;
25 ; 16 ; 31 ; -0.0125973 ; 0.00285986 ; -0.0199898 ; 102.253;
26 ; 16 ; 31 ; -0.0192901 ; -0.00877183 ; -0.0172802 ; 102.47;
27 ; 16 ; 31 ; -0.00839533 ; -0.0164126 ; -0.0156588 ; 102.733;
28 ; 16 ; 31 ; -0.021534 ; -0.00507222 ; -0.0158247 ; 102.725;
29 ; 16 ; 31 ; -0.00723354 ; -0.0069791 ; 0.00298685 ; 102.288;
30 ; 16 ; 31 ; -0.0174113 ; 0.00823088 ; -0.0177233 ; 102.784;
31 ; 16 ; 31 ; -0.00255515 ; 0.0132686 ; -0.0168011 ; 102.448;
32 ; 16 ; 31 ; -0.0184283 ; -0.0107702 ; -0.0156599 ; 102.725;
33 ; 16 ; 31 ; -0.00937703 ; 0.000392895 ; -0.0131397 ; 102.686;
4 ; 17 ; 31 ; 0.00796412 ; -0.00310779 ; -0.00155119 ; 102.782;
5 ; 17 ; 31 ; 0.0202596 ; -0.00141594 ; -0.0081518 ; 102.454;
6 ; 17 ; 31 ; 0.00993596 ; -0.00760215 ; -0.0232475 ; 102.675;
7 ; 17 ; 31 ; 0.022097 ; -0.00293032 ; -0.0164102 ; 102.535;
8 ; 17 ; 31 ; 0.00795949 ; 0.00356566 ; -0.0105896 ; 102.736;
9 ; 17 ; 31 ; 0.025259 ; -0.0128819 ; -0.00798718 ; 102.403;
10 ; 17 ; 31 ; 0.0187617 ; 0.00432694 ; -0.00688864 ; 101.79;
11 ; 17 ; 31 ; 0.0216861 ; 0.0144207 ; -0.0236331 ; 102.394;
12 ; 17 ; 31 ; 0.0145897 ; 0.0116304 ; -0.0207549 ; 102.13;
13 ; 17 ; 31 ; 0.0167429 ; 0.00452393 ; -0.02048 ; 102.23;
14 ; 17 ; 31 ; 0.0054198 ; -0.00540679 ; -0.0142662 ; 102.28;
15 ; 17 ; 31 ; -0.0113836 ; -0.00980067 ; -0.0208767 ; 101.923;
16 ; 17 ; 31 ; -0.000499074 ; -0.00647203 ; -0.0220062 ; 102.074;
17 ; 17 ; 31 ; 0.00832781 ; -0.00318226 ; -0.0232196 ; 102.12;
18 ; 17 ; 31 ; -0.00240148 ; -0.006992 ; -0.0230484 ; 101.967;
19 ; 17 ; 31 ; -0.00379887 ; 0.00481738 ; -0.0206028 ; 102.596;
20 ; 17 ; 31 ; -0.00714831 ; 0.00761499 ; -0.0167815 ; 102.274;
21 ; 17 ; 31 ; -0.00353449 ; -0.00596284 ; -0.0266386 ; 101.715;
22 ; 17 ; 31 ; -0.00550963 ; -0.000489657 ; -0.0230231 ; 101.773;
23 ; 17 ; 31 ; -0.0106529 ; 0.00269489 ; -0.0299692 ; 102.646;
24 ; 17 ; 31 ; -0.0166859 ; 0.00734437 ; -0.00894829 ; 102.193;
25 ; 17 ; 31 ; -0.0268105 ; -0.00563707 ; -0.0228193 ; 102.256;
26 ; 17 ; 31 ; -0.0196666 ; 0.00550223 ; -0.0226993 ; 102.328;
27 ; 17 ; 31 ; -0.0102596 ; 2.84702e-05 ; -0.0184195 ; 102.025;
28 ; 17 ; 31 ; -0.0070729 ; -0.000770175 ; -0.019727 ; 102.785;
29 ; 17 ; 31 ; -0.0160285 ; -0.0113327 ; -0.0208254 ; 103.112;
30 ; 17 ; 31 ; -0.0151232 ; -0.0142315 ; -0.0188119 ; 102.317;
31 ; 17 ; 31 ; -0.0076664 ; 0.004408 ; -0.0245702 ; 103.018;
32 ; 17 ; 31 ; -0.0213431 ; -0.0198568 ; -0.0129388 ; 102.73;
33 ; 17 ; 31 ; 0.00854594 ; -0.0154177 ; -0.0136083 ; 102.461;
4 ; 18 ; 31 ; 0.0100635 ; -0.00263385 ; -0.0176565 ; 102.527;
5 ; 18 ; 31 ; 0.00938218 ; 0.00995431 ; -0.0170046 ; 102.524;
6 ; 18 ; 31 ; 0.0144908 ; 0.00478559 ; -0.00800499 ; 102.683;
7 ; 18 ; 31 ; 0.00371258 ; 0.00804822 ; -0.0115994 ; 102.242;
8 ; 18 ; 31 ; 0.0246757 ; 0.00271498 ; -0.0156567 ; 102.2;
9 ; 18 ; 31 ; 0.0276093 ; 0.00321506 ; -0.00590054 ; 102.292;
10 ; 18 ; 31 ; 0.0290017 ; -0.00227254 ; -0.00960718 ; 102.363;
11 ; 18 ; 31 ; 0.0128666 ; 0.00894305 ; -0.00943792 ; 102.345;
12 ; 18 ; 31 ; -0.0124733 ; 0.00791931 ; -0.00635165 ; 102.502;
13 ; 18 ; 31 ; -0.005842 ; 0.0135495 ; -0.0128797 ; 102.045;
14 ; 18 ; 31 ; 0.00820433 ; -0.00808748 ; -0.0205037 ; 102.054;
15 ; 18 ; 31 ; 0.0135803 ; 0.00853088 ; -0.030787 ; 102.695;
16 ; 18 ; 31 ; 0.0225903 ; -0.00115169 ; -0.0298225 ; 101.949;
17 ; 18 ; 31 ; 0.00589986 ; 0.00308079 ; -0.0163385 ; 101.785;
18 ; 18 ; 31 ; -0.00653515 ; -0.00596342 ; -0.0169443 ; 102.343;
19 ; 18 ; 31 ; 0.00161931 ; -0.00768793 ; -0.0249111 ; 102.146;
20 ; 18 ; 31 ; 0.0146164 ; -0.00431367 ; -0.0224742 ; 101.698;
21 ; 18 ; 31 ; -0.00392447 ; -0.00186055 ; -0.0238681 ; 101.887;
22 ; 18 ; 31 ; 0.0100685 ; 0.00340671 ; -0.0176016 ; 102.049;
23 ; 18 ; 31 ; 0.00509818 ; -0.00271684 ; -0.0175779 ; 101.389;
24 ; 18 ; 31 ; -0.0188789 ; -0.00308236 ; -0.011422 ; 101.883;
25 ; 18 ; 31 ; -0.022687 ; -0.00735863 ; -0.00627926 ; 102.033;
26 ; 18 ; 31 ; -0.0265426 ; 0.0123082 ; -0.00388051 ; 102.632;
27 ; 18 ; 31 ; -0.0243228 ; -0.00400926 ; -0.0204794 ; 102.441;
28 ; 18 ; 31 ; -0.0242285 ; 0.00849332 ; -0.00887505 ; 102.364;
29 ; 18 ; 31 ; -0.0163948 ; -0.00226737 ; -0.0155728 ; 102.392;
30 ; 18 ; 31 ; -0.0133576 ; -0.00657243 ; -0.0135491 ; 102.298;
31 ; 18 ; 31 ; -0.0192454 ; -0.00107296 ; -0.00860252 ; 102.783;
32 ; 18 ; 31 ; -0.00633923 ; -0.00174603 ; -0.0106064 ; 102.241;
33 ; 18 ; 31 ; -0.00435077 ; -0.00164691 ; -0.0179171 ; 102.455;
4 ; 19 ; 31 ; 0.0142936 ; -0.000305398 ; -0.00809153 ; 102.913;
5 ; 19 ; 31 ; 0.0131902 ; 0.00322536 ; -0.00902484 ; 102.351;
6 ; 19 ; 31 ; 0.0124104 ; -0.00866386 ; -0.0104475 ; 102.274;
7 ; 19 ; 31 ; 0.017878 ; -0.000395113 ; -0.0111331 ; 102.841;
8 ; 19 ; 31 ; 0.0223486 ; -0.00654176 ; -0.0138936 ; 102.335;
9 ; 19 ; 31 ; 0.0240242 ; 0.0171886 ; -0.00992468 ; 102.805;
10 ; 19 ; 31 ; 0.0262305 ; -0.00325231 ; -0.0216346 ; 102.425;
11 ; 19 ; 31 ; 0.0140185 ; -0.00676117 ; -0.0177572 ; 101.969;
12 ; 19 ; 31 ; 0.01326 ; 0.00133559 ; -0.0236226 ; 102.253;
13 ; 19 ; 31 ; 0.00946408 ; 0.00171303 ; -0.0294367 ; 102.311;
14 ; 19 ; 31 ; 0.00159183 ; -0.0122129 ; -0.0157078 ; 101.795;
15 ; 19 ; 31 ; -0.00461144 ; 0.00374004 ; -0.0145713 ; 102.062;
16 ; 19 ; 31 ; 0.00633075 ; 0.00563399 ; -0.0252117 ; 101.961;
17 ; 19 ; 31 ; -0.00215606 ; 0.00690042 ; -0.0357648 ; 101.853;
18 ; 19 ; 31 ; -0.00622261 ; 0.00119395 ; -0.0235509 ; 101.524;
19 ; 19 ; 31 ; -0.0121304 ; -0.00352178 ; -0.0248862 ; 102.271;
20 ; 19 ; 31 ; 0.00759289 ; -0.00562101 ; -0.0257471 ; 102.304;
21 ; 19 ; 31 ; -0.0103389 ; -0.000745584 ; -0.017332 ; 101.961;
22 ; 19 ; 31 ; -0.00835687 ; -0.00730806 ; -0.020287 ; 102.117;
23 ; 19 ; 31 ; -0.0126577 ; 0.00448603 ; -0.00861313 ; 102.592;
24 ; 19 ; 31 ; -0.0103403 ; -0.0051059 ; -0.0189842 ; 102.481;
25 ; 19 ; 31 ; -0.0101165 ; -0.011785 ; -0.0202958 ; 101.554;
26 ; 19 ; 31 ; -0.0094158 ; -0.00181724 ; -0.00938926 ; 102.285;
27 ; 19 ; 31 ; -0.00275148 ; 0.00312668 ; -0.0062596 ; 102.538;
28 ; 19 ; 31 ; -0.0122405 ; -0.00671967 ; -0.0231125 ; 103.019;
29 ; 19 ; 31 ; -0.0139413 ; 0.0165174 ; -0.00260595 ; 102.862;
30 ; 19 ; 31 ; -0.0116017 ; -0.00515602 ; -0.00468118 ; 102.27;
31 ; 19 ; 31 ; -0.012319 ; -0.000940319 ; -0.00873478 ; 102.528;
32 ; 19 ; 31 ; -0.00929036 ; 0.00324976 ; -0.0125728 ; 102.811;
33 ; 19 ; 31 ; -0.0104033 ; -0.00543766 ; -0.0141696 ; 102.547;
4 ; 20 ; 31 ; 0.00500959 ; -0.000693661 ; -0.0186825 ; 102.426;
5 ; 20 ; 31 ; 0.0212927 ; 0.0127518 ; -0.0139075 ; 102.378;
6 ; 20 ; 31 ; -0.00062068 ; -0.017481 ; -0.0180662 ; 102.511;
7 ; 20 ; 31 ; 0.0173844 ; -0.00198972 ; -0.00771971 ; 102.447;
8 ; 20 ; 31 ; 0.0185007 ; 0.00522974 ; -0.0141797 ; 102.447;
9 ; 20 ; 31 ; 0.0221132 ; 0.00961989 ; -0.0178925 ; 102.655;
10 ; 20 ; 31 ; 0.0171282 ; -0.000508621 ; -0.00744823 ; 102.498;
11 ; 20 ; 31 ; 0.0117436 ; 0.00750416 ; -0.0103421 ; 102.165;
12 ; 20 ; 31 ; 0.00603241 ; -0.000140428 ; -0.0113694 ; 102.063;
13 ; 20 ; 31 ; 0.00590919 ; 0.00507684 ; -0.0229608 ; 102.156;
14 ; 20 ; 31 ; 0.00247335 ; -0.0182001 ; -0.00946695 ; 101.866;
15 ; 20 ; 31 ; 0.0013399 ; -0.0072561 ; -0.0139717 ; 102.003;
16 ; 20 ; 31 ; -0.00558986 ; 0.00177707 ; -0.0170294 ; 102.161;
17 ; 20 ; 31 ; 0.00791345 ; 0.00401066 ; -0.0222181 ; 102.302;
18 ; 20 ; 31 ; 0.0117296 ; -0.010664 ; -0.0186919 ; 101.792;
19 ; 20 ; 31 ; 0.00860547 ; 0.001471 ; -0.0138838 ; 102.026;
20 ; 20 ; 31 ; 0.00655588 ; 0.00720105 ; -0.020507 ; 102.081;
21 ; 20 ; 31 ; -0.00689009 ; -0.0119903 ; -0.0170688 ; 102.086;
22 ; 20 ; 31 ; -0.0081496 ; -0.000107861 ; -0.0253383 ; 101.924;
23 ; 20 ; 31 ; -0.00919686 ; 0.00670183 ; -0.0251797 ; 102.236;
24 ; 20 ; 31 ; -0.00110513 ; -0.00399451 ; -0.0219262 ; 102.125;
25 ; 20 ; 31 ; -0.0157614 ; -0.0146158 ; -0.0206563 ; 101.956;
26 ; 20 ; 31 ; -0.0138894 ; -0.00717865 ; -0.0208844 ; 102.353;
27 ; 20 ; 31 ; -0.0241667 ; 0.00882523 ; -0.0199331 ; 102.757;
28 ; 20 ; 31 ; -0.0165619 ; -0.00550939 ; -0.017303 ; 102.299;
29 ; 20 ; 31 ; -0.0149807 ; 0.00596752 ; -0.0133455 ; 102.451;
30 ; 20 ; 31 ; -0.00809106 ; 0.00302208 ; -0.0102989 ; 102.697;
31 ; 20 ; 31 ; -0.0207225 ; 0.0195137 ; -0.0158307 ; 102.415;
32 ; 20 ; 31 ; -0.0136091 ; -0.0051957 ; -0.0112863 ; 102.801;
33 ; 20 ; 31 ; -0.000267783 ; 0.0128036 ; -0.0218893 ; 102.446;
4 ; 21 ; 31 ; 0.00205677 ; 0.00192977 ; -0.00622867 ; 102.963;
5 ; 21 ; 31 ; 0.00665105 ; 0.0152918 ; -0.0151185 ; 102.979;
6 ; 21 ; 31 ; 0.0176157 ; -0.00315081 ; -0.0105655 ; 102.774;
7 ; 21 ; 31 ; 0.0221524 ; 0.00164362 ; -0.0176857 ; 102.763;
8 ; 21 ; 31 ; 0.0263658 ; 0.000370575 ; -0.00628616 ; 102.842;
9 ; 21 ; 31 ; 0.0287661 ; 0.00875838 ; -0.0161056 ; 102.702;
10 ; 21 ; 31 ; 0.0214855 ; -0.00400807 ; -0.0175796 ; 102.476;
11 ; 21 ; 31 ; 0.023481 ; 0.0051833 ; -0.0129913 ; 102.572;
12 ; 21 ; 31 ; 0.0152338 ; -0.00414418 ; -0.0172217 ; 102.35;
13 ; 21 ; 31 ; 0.00570089 ; -0.0011535 ; -0.032835 ; 102.19;
14 ; 21 ; 31 ; 0.00114583 ; 0.00581343 ; -0.0266756 ; 102.379;
15 ; 21 ; 31 ; -0.00315444 ; 0.00128497 ; -0.0178495 ; 102.223;
16 ; 21 ; 31 ; -0.00589639 ; 0.000745634 ; -0.00959348 ; 101.916;
17 ; 21 ; 31 ; 0.00612335 ; 0.0026605 ; -0.0135155 ; 102.003;
18 ; 21 ; 31 ; -0.00632004 ; -0.00117213 ; -0.016055 ; 101.799;
19 ; 21 ; 31 ; -0.00290317 ; -0.000450528 ; -0.026163 ; 102.628;
20 ; 21 ; 31 ; -0.00041597 ; 0.00715073 ; -0.0192297 ; 101.973;
21 ; 21 ; 31 ; 0.00533739 ; -0.00870357 ; -0.0129878 ; 102.607;
22 ; 21 ; 31 ; -0.0115925 ; -0.00768666 ; -0.010273 ; 102.091;
23 ; 21 ; 31 ; -0.00582582 ; 0.0054225 ; -0.0170343 ; 102.033;
24 ; 21 ; 31 ; -0.00108433 ; -0.010677 ; -0.024276 ; 101.748;
25 ; 21 ; 31 ; -0.0106955 ; -0.0036148 ; -0.0121689 ; 102.272;
26 ; 21 ; 31 ; 0.00158645 ; 0.000887696 ; -0.00540192 ; 102.418;
27 ; 21 ; 31 ; -0.0244362 ; 0.00359314 ; -0.00539164 ; 102.287;
28 ; 21 ; 31 ; -0.0121648 ; -0.0130305 ; -0.0249612 ; 102.652;
29 ; 21 ; 31 ; -0.0268474 ; 0.00200683 ; -0.005939 ; 102.402;
30 ; 21 ; 31 ; -0.0154603 ; 0.00780422 ; -0.0222587 ; 102.748;
31 ; 21 ; 31 ; -0.0195999 ; 0.00906059 ; -0.00528792 ; 102.638;
32 ; 21 ; 31 ; -0.0108603 ; -0.00218363 ; -0.0093764 ; 102.058;
33 ; 21 ; 31 ; 0.00696262 ; -0.00660291 ; -0.0217534 ; 102.729;
4 ; 22 ; 31 ; 0.000150332 ; 0.00883874 ; -0.00910067 ; 102.363;
5 ; 22 ; 31 ; 0.00811528 ; -0.0047313 ; -0.00468952 ; 102.397;
6 ; 22 ; 31 ; 0.013537 ; -0.00766358 ; -0.0121252 ; 102.098;
7 ; 22 ; 31 ; 0.0244977 ; -0.0180157 ; -0.00519191 ; 102.719;
8 ; 22 ; 31 ; 0.0111928 ; -0.0116081 ; -0.00579808 ; 103.022;
9 ; 22 ; 31 ; 0.0332703 ; 0.00861197 ; -0.00820298 ; 102.43;
10 ; 22 ; 31 ; 0.0271541 ; 0.00283148 ; -0.0260427 ; 102.564;
11 ; 22 ; 31 ; 0.00809652 ; 0.00285849 ; -0.0153631 ; 102.449;
12 ; 22 ; 31 ; 0.0193531 ; 0.000674507 ; -0.00862834 ; 102.001;
13 ; 22 ; 31 ; 0.0165486 ; -0.00832724 ; -0.0193314 ; 102.362;
14 ; 22 ; 31 ; 0.00555994 ; 0.00398669 ; -0.0373101 ; 101.876;
15 ; 22 ; 31 ; -0.00381061 ; 0.00290821 ; -0.0245492 ; 101.993;
16 ; 22 ; 31 ; -0.0195199 ; -0.0107547 ; -0.0251503 ; 102.891;
17 ; 22 ; 31 ; -0.0013331 ; -0.0124767 ; -0.0238472 ; 102.03;
18 ; 22 ; 31 ; 0.00945075 ; 0.00306794 ; -0.02207 ; 102.157;
19 ; 22 ; 31 ; 0.00209933 ; -0.00728075 ; -0.0206716 ; 102.216;
20 ; 22 ; 31 ; 0.00156853 ; -0.00252816 ; -0.0118968 ; 102.148;
21 ; 22 ; 31 ; -0.00450516 ; 0.00272286 ; -0.00930152 ; 102.046;
22 ; 22 ; 31 ; -0.00525457 ; 0.00796861 ; -0.00602392 ; 102.507;
23 ; 22 ; 31 ; -0.0108074 ; 0.00455748 ; -0.0127769 ; 101.695;
24 ; 22 ; 31 ; -0.00364323 ; -0.00712957 ; -0.0131857 ; 102.605;
25 ; 22 ; 31 ; -0.00934841 ; -0.00323547 ; -0.0302139 ; 102;
26 ; 22 ; 31 ; -0.0159426 ; 0.00317801 ; -0.0222528 ; 102.6;
27 ; 22 ; 31 ; -0.0234094 ; 0.00844163 ; -0.0150456 ; 102.617;
28 ; 22 ; 31 ; -0.0157324 ; -0.0156738 ; -0.00936549 ; 102.685;
29 ; 22 ; 31 ; -0.0173968 ; -0.00181351 ; -0.00706011 ; 102.489;
30 ; 22 ; 31 ; -0.0222393 ; 0.000620189 ; -0.00484133 ; 102.647;
31 ; 22 ; 31 ; -0.0134702 ; -0.000422515 ; -0.0159901 ; 102.666;
32 ; 22 ; 31 ; -0.00414838 ; 0.0068706 ; -0.0110646 ; 102.918;
33 ; 22 ; 31 ; -0.014322 ; 0.00337624 ; -0.00519476 ; 103.038;
4 ; 23 ; 31 ; 0.0123805 ; -0.00323833 ; -0.0145558 ; 102.52;
5 ; 23 ; 31 ; -0.00162045 ; 0.00820711 ; -0.0180928 ; 102.561;
6 ; 23 ; 31 ; 0.0173396 ; 0.000798311 ; -0.0201946 ; 102.68;
7 ; 23 ; 31 ; 0.0207843 ; -0.00134946 ; -0.00748841 ; 102.672;
8 ; 23 ; 31 ; 0.00762957 ; -0.01876 ; -0.0150835 ; 102.443;
9 ; 23 ; 31 ; 0.0291482 ; -0.0110193 ; -0.00800362 ; 102.562;
10 ; 23 ; 31 ; -0.000571127 ; 0.00923462 ; -0.0144487 ; 102.407;
11 ; 23 ; 31 ; 0.00359726 ; 0.0122395 ; -0.0155696 ; 102.387;
12 ; 23 ; 31 ; 0.0172531 ; -0.00170162 ; -0.0165424 ; 102.426;
13 ; 23 ; 31 ; 0.00606883 ; -0.00868145 ; -0.023835 ; 102.424;
14 ; 23 ; 31 ; -0.0108194 ; -0.00182638 ; -0.0129874 ; 102.26;
15 ; 23 ; 31 ; 0.00461193 ; -0.0112778 ; -0.0137876 ; 102.123;
16 ; 23 ; 31 ; 0.00269174 ; -0.0159426 ; -0.0219577 ; 101.998;
17 ; 23 ; 31 ; 0.0100961 ; -0.0031887 ; -0.0236891 ; 101.893;
18 ; 23 ; 31 ; 0.0111934 ; -0.00462968 ; -0.0198129 ; 101.676;
19 ; 23 ; 31 ; 0.0156889 ; -0.000826231 ; -0.0157097 ; 102.225;
20 ; 23 ; 31 ; 0.00735179 ; -0.00346833 ; -0.0231265 ; 102.308;
21 ; 23 ; 31 ; 0.00846185 ; -0.0104861 ; -0.0154124 ; 102.436;
22 ; 23 ; 31 ; 0.000556073 ; -0.00393902 ; -0.0214221 ; 102.446;
23 ; 23 ; 31 ; 0.00510042 ; -0.00596373 ; -0.00343933 ; 102.07;
24 ; 23 ; 31 ; -0.00962543 ; -0.00708651 ; -0.0183696 ; 102.207;
25 ; 23 ; 31 ; -0.015128 ; -0.0095302 ; -0.0258311 ; 102.194;
26 ; 23 ; 31 ; -0.0101576 ; 0.00322778 ; -0.0146081 ; 102.612;
27 ; 23 ; 31 ; -0.0130734 ; -0.0102309 ; -0.0131599 ; 102.457;
28 ; 23 ; 31 ; -0.00805519 ; 0.0123318 ; -0.00116427 ; 102.576;
29 ; 23 ; 31 ; -0.010278 ; -0.00531777 ; -0.0201143 ; 102.338;
30 ; 23 ; 31 ; -0.0240672 ; 0.00925292 ; -0.0184514 ; 102.507;
31 ; 23 ; 31 ; -0.0129846 ; 0.0190687 ; -0.0132368 ; 102.649;
32 ; 23 ; 31 ; -0.00224281 ; -0.00350173 ; -0.00747195 ; 102.684;
33 ; 23 ; 31 ; 0.00853809 ; -0.00184424 ; -0.0165636 ; 102.663;
4 ; 24 ; 31 ; 0.00898225 ; 0.00104986 ; -4.15144e-05 ; 102.543;
5 ; 24 ; 31 ; 0.0126141 ; -0.00502051 ; -0.00796461 ; 102.822;
6 ; 24 ; 31 ; 0.0191844 ; -0.0070843 ; -0.0155982 ; 102.346;
7 ; 24 ; 31 ; 0.00697595 ; 0.0020907 ; -0.00841299 ; 102.874;
8 ; 24 ; 31 ; 0.014743 ; -0.0183255 ; -0.0066195 ; 102.736;
9 ; 24 ; 31 ; 0.0189427 ; -0.0126421 ; -0.0031902 ; 102.992;
10 ; 24 ; 31 ; 0.0135141 ; 0.00119366 ; -0.00997108 ; 102.652;
11 ; 24 ; 31 ; 0.0176898 ; 0.000101415 ; -0.0073849 ; 102.662;
12 ; 24 ; 31 ; 0.0147571 ; -6.31273e-05 ; -0.0168446 ; 102.272;
13 ; 24 ; 31 ; 0.0081269 ; -0.00925164 ; -0.014045 ; 102.591;
14 ; 24 ; 31 ; 0.00663146 ; -0.0194464 ; -0.0124959 ; 102.568;
15 ; 24 ; 31 ; 0.00580277 ; -0.011034 ; -0.0236017 ; 102.623;
16 ; 24 ; 31 ; -0.0139142 ; -0.00352086 ; -0.0207275 ; 102.472;
17 ; 24 ; 31 ; -0.000890965 ; -0.00379002 ; -0.0180156 ; 102.237;
18 ; 24 ; 31 ; -0.00172818 ; -0.01348 ; -0.0224165 ; 102.281;
19 ; 24 ; 31 ; -0.00875392 ; 0.003288 ; -0.0203389 ; 102.824;
20 ; 24 ; 31 ; -0.0048351 ; -0.00357543 ; -0.0265135 ; 102.162;
21 ; 24 ; 31 ; -0.0037478 ; -0.0136914 ; -0.0135061 ; 102.22;
22 ; 24 ; 31 ; -0.00589568 ; -0.00368474 ; -0.0154487 ; 102.023;
23 ; 24 ; 31 ; -0.00489389 ; 0.0116398 ; -0.0138586 ; 102.374;
24 ; 24 ; 31 ; 0.00447656 ; -0.00746038 ; -0.0139437 ; 102.161;
25 ; 24 ; 31 ; -0.022391 ; 0.000141701 ; -0.0255944 ; 102.44;
26 ; 24 ; 31 ; -0.00807884 ; -0.0101931 ; -0.0224953 ; 103.063;
27 ; 24 ; 31 ; -0.0088759 ; 0.00538023 ; -0.0270266 ; 102.643;
28 ; 24 ; 31 ; -0.0126838 ; -0.00889561 ; -0.000900496 ; 102.832;
29 ; 24 ; 31 ; -0.0211248 ; -0.00590972 ; -0.0125801 ; 102.813;
30 ; 24 ; 31 ; -0.0135509 ; 0.00374743 ; -0.0193408 ; 102.555;
31 ; 24 ; 31 ; -0.0238494 ; 0.00286474 ; -0.0038413 ; 102.599;
32 ; 24 ; 31 ; 0.0100168 ; -0.0214602 ; -0.020562 ; 102.66;
33 ; 24 ; 31 ; -0.000354017 ; -0.0120042 ; -0.00356947 ; 102.8;
4 ; 25 ; 31 ; 0.0189016 ; -0.00131052 ; 0.00253521 ; 102.648;
5 ; 25 ; 31 ; 0.00351153 ; -0.000234045 ; -0.00268997 ; 103.199;
6 ; 25 ; 31 ; 0.0271387 ; -0.0113093 ; -0.0146929 ; 102.788;
7 ; 25 ; 31 ; 0.0102063 ; -0.00185407 ; -0.00243635 ; 102.885;
8 ; 25 ; 31 ; 0.0160097 ; -0.0120078 ; -0.00298907 ; 102.608;
9 ; 25 ; 31 ; 0.0201318 ; -0.00543524 ; -0.0262062 ; 102.865;
10 ; 25 ; 31 ; 0.0173155 ; -0.0079488 ; -0.00647517 ; 102.918;
11 ; 25 ; 31 ; -0.00531 ; -0.00759879 ; -0.00443868 ; 102.945;
12 ; 25 ; 31 ; 0.00589254 ; -0.0133341 ; -0.0185154 ; 102.315;
13 ; 25 ; 31 ; 0.0014863 ; -0.0158701 ; -0.0122647 ; 102.401;
14 ; 25 ; 31 ; -0.000239798 ; -0.0233929 ; -0.0183318 ; 102.231;
15 ; 25 ; 31 ; -0.00161167 ; -0.0157642 ; -0.0153531 ; 102.396;
16 ; 25 ; 31 ; -0.00642797 ; -0.0128681 ; -0.0140755 ; 102.156;
17 ; 25 ; 31 ; 0.00512646 ; -0.013554 ; -0.0199553 ; 102.175;
18 ; 25 ; 31 ; -0.00630706 ; -0.00925795 ; -0.0295571 ; 102.222;
19 ; 25 ; 31 ; -0.00923851 ; -0.0111208 ; -0.0278253 ; 101.936;
20 ; 25 ; 31 ; -0.00240011 ; -0.0266123 ; -0.008087 ; 102.442;
21 ; 25 ; 31 ; -0.00478396 ; -0.0192793 ; -0.022336 ; 102.078;
22 ; 25 ; 31 ; -0.000597509 ; -0.0123978 ; -0.00252375 ; 101.928;
23 ; 25 ; 31 ; 0.005408 ; -0.0246821 ; -0.0201252 ; 102.177;
24 ; 25 ; 31 ; -0.00559703 ; -0.00589736 ; -0.0211199 ; 102.27;
25 ; 25 ; 31 ; -0.0234068 ; -0.0118114 ; -0.0210636 ; 102.499;
26 ; 25 ; 31 ; -0.013554 ; -0.014732 ; -0.024477 ; 102.359;
27 ; 25 ; 31 ; -0.0234371 ; -0.00243646 ; -0.0146803 ; 102.69;
28 ; 25 ; 31 ; -0.0216107 ; -0.00415134 ; -0.0112629 ; 102.8;
29 ; 25 ; 31 ; -0.0330274 ; -0.0065379 ; -0.00671507 ; 102.821;
30 ; 25 ; 31 ; -0.0178589 ; -0.00614456 ; -0.0173042 ; 102.696;
31 ; 25 ; 31 ; -0.0135737 ; -0.0156752 ; 0.0021595 ; 103.118;
32 ; 25 ; 31 ; -0.00830797 ; -0.016502 ; 0.00539974 ; 102.539;
33 ; 25 ; 31 ; -0.00609508 ; -0.0168551 ; -0.0127949 ; 102.679;
4 ; 26 ; 31 ; 0.00937341 ; -0.010958 ; -0.0216542 ; 102.292;
5 ; 26 ; 31 ; 0.00217736 ; -0.00293539 ; -0.0219582 ; 102.979;
6 ; 26 ; 31 ; 0.0136484 ; -0.00968021 ; -0.0271854 ; 102.829;
7 ; 26 ; 31 ; 0.0172635 ; -0.00716601 ; -0.00746223 ; 102.622;
8 ; 26 ; 31 ; 0.025325 ; -0.0127043 ; -0.00615413 ; 102.662;
9 ; 26 ; 31 ; 0.0116816 ; -0.00474617 ; -0.0103899 ; 102.756;
10 ; 26 ; 31 ; 0.0221755 ; -0.0098051 ; -0.0112275 ; 102.988;
11 ; 26 ; 31 ; 0.013318 ; -0.00417957 ; -0.0105902 ; 102.243;
12 ; 26 ; 31 ; 0.0123066 ; -0.00485816 ; -0.0211486 ; 102.968;
13 ; 26 ; 31 ; 0.0157762 ; -0.0115738 ; -0.0118276 ; 102.404;
14 ; 26 ; 31 ; -0.00464942 ; -0.0125377 ; -0.0126236 ; 102.756;
15 ; 26 ; 31 ; 0.00608243 ; -0.0245738 ; -0.012409 ; 102.238;
16 ; 26 ; 31 ; -0.00908762 ; -0.00710518 ; -0.00544103 ; 102.531;
17 ; 26 ; 31 ; 0.00299432 ; -0.00654073 ; -1.35092e-06 ; 102.139;
18 ; 26 ; 31 ; -0.00570066 ; -0.0197236 ; -0.0180352 ; 102.855;
19 ; 26 ; 31 ; 0.00420652 ; -0.0251066 ; -0.0201093 ; 102.411;
20 ; 26 ; 31 ; 0.00771413 ; -0.0129049 ; -0.0079557 ; 102.33;
21 ; 26 ; 31 ; -0.00112185 ; -0.0193576 ; -0.0123247 ; 102.047;
22 ; 26 ; 31 ; -0.0142066 ; -0.0206789 ; -0.0115398 ; 102.448;
23 ; 26 ; 31 ; -0.00715973 ; -0.0111358 ; -0.0122383 ; 102.792;
24 ; 26 ; 31 ; 0.00860064 ; -0.0195018 ; -0.0139371 ; 102.281;
25 ; 26 ; 31 ; 0.0112025 ; -0.00703718 ; -0.00272882 ; 102.216;
26 ; 26 ; 31 ; -0.0167344 ; 0.00536356 ; -0.00850214 ; 102.456;
27 ; 26 ; 31 ; -0.0182876 ; -0.00946254 ; -0.00382397 ; 102.263;
28 ; 26 ; 31 ; -0.0127593 ; 0.00545687 ; -0.0209778 ; 102.82;
29 ; 26 ; 31 ; -0.0180887 ; -0.00660251 ; -0.0171547 ; 102.705;
30 ; 26 ; 31 ; -0.0185337 ; -0.00836837 ; -0.0159879 ; 102.631;
31 ; 26 ; 31 ; -0.0161189 ; -0.0199469 ; -0.0140786 ; 102.756;
32 ; 26 ; 31 ; -0.00865522 ; -0.00786207 ; -0.0179493 ; 102.93;
33 ; 26 ; 31 ; -0.00683326 ; -0.0120273 ; -0.010997 ; 102.731;
4 ; 27 ; 31 ; -0.00920557 ; -0.00955047 ; -0.00368251 ; 102.95;
5 ; 27 ; 31 ; 0.0194182 ; -0.00871211 ; -0.0113947 ; 102.844;
6 ; 27 ; 31 ; 0.0129262 ; 0.0017808 ; 0.00426888 ; 102.672;
7 ; 27 ; 31 ; -0.00120222 ; -0.00595901 ; -0.0107123 ; 102.469;
8 ; 27 ; 31 ; 0.0192974 ; -0.0273162 ; -0.012234 ; 102.926;
9 ; 27 ; 31 ; 0.00984237 ; -0.0162162 ; -0.0155358 ; 102.65;
10 ; 27 ; 31 ; 0.01087 ; -0.00347099 ; -0.0110084 ; 102.978;
11 ; 27 ; 31 ; 0.0134193 ; -0.0245573 ; -0.00293682 ; 102.631;
12 ; 27 ; 31 ; 0.0165011 ; -0.0122456 ; -0.0110598 ; 102.756;
13 ; 27 ; 31 ; 0.0119996 ; -0.0202168 ; -0.00104407 ; 102.259;
14 ; 27 ; 31 ; 0.00984364 ; -0.00309465 ; -0.0197585 ; 102.702;
15 ; 27 ; 31 ; -0.00188925 ; -0.0143934 ; -0.00899064 ; 102.305;
16 ; 27 ; 31 ; -0.00780977 ; -0.0266603 ; -0.0112559 ; 102.249;
17 ; 27 ; 31 ; 0.00614224 ; -0.0146903 ; 0.00442122 ; 102.327;
18 ; 27 ; 31 ; -0.000678642 ; -0.0233751 ; -0.00245881 ; 102.069;
19 ; 27 ; 31 ; -0.00268373 ; -0.0150369 ; -0.0161237 ; 102.477;
20 ; 27 ; 31 ; 0.00530471 ; -0.020388 ; -0.0105137 ; 102.376;
21 ; 27 ; 31 ; 0.00371914 ; -0.0250092 ; -0.00505142 ; 102.693;
22 ; 27 ; 31 ; -0.00483191 ; -0.0154536 ; 0.00312874 ; 102.894;
23 ; 27 ; 31 ; 0.00292183 ; -0.0266807 ; -0.0121691 ; 102.249;
24 ; 27 ; 31 ; -0.0180199 ; -0.0298867 ; -0.00889016 ; 102.423;
25 ; 27 ; 31 ; -0.0142138 ; -0.0162839 ; -0.0138232 ; 102.673;
26 ; 27 ; 31 ; -0.0130923 ; -0.00718697 ; -0.0153331 ; 102.691;
27 ; 27 ; 31 ; -0.0128256 ; -0.00858416 ; 0.013221 ; 103.107;
28 ; 27 ; 31 ; -0.0239231 ; 0.00450466 ; 0.00488396 ; 102.46;
29 ; 27 ; 31 ; -0.0158679 ; -0.00670503 ; -0.00650108 ; 103.144;
30 ; 27 ; 31 ; 0.00342922 ; -0.0128822 ; -0.014014 ; 102.799;
31 ; 27 ; 31 ; -0.00639531 ; -0.020376 ; -0.0132661 ; 102.59;
32 ; 27 ; 31 ; -0.0179993 ; -0.00587951 ; -0.00878853 ; 102.778;
33 ; 27 ; 31 ; -0.00725302 ; -0.00768844 ; -0.00753722 ; 103.073;
4 ; 28 ; 31 ; 0.00245062 ; -0.0021149 ; -0.00688552 ; 102.665;
5 ; 28 ; 31 ; 0.0138754 ; -0.0177823 ; -0.0162331 ; 102.787;
6 ; 28 ; 31 ; 0.0110582 ; -0.00610083 ; 0.00554868 ; 102.981;
7 ; 28 ; 31 ; 0.0154687 ; -0.0126809 ; -0.00613991 ; 102.59;
8 ; 28 ; 31 ; 0.019051 ; -0.0253606 ; -0.00854867 ; 102.95;
9 ; 28 ; 31 ; 0.0117342 ; -0.00878725 ; -0.0114301 ; 102.871;
10 ; 28 ; 31 ; 0.0126595 ; -0.0136774 ; -0.00695689 ; 102.423;
11 ; 28 ; 31 ; 0.0113515 ; -0.0194132 ; -0.0260318 ; 102.966;
12 ; 28 ; 31 ; 0.00942011 ; -0.0170467 ; -0.0120019 ; 102.509;
13 ; 28 ; 31 ; 0.015546 ; -0.02329 ; -0.00637058 ; 102.816;
14 ; 28 ; 31 ; 0.00254524 ; -0.011748 ; -0.00887601 ; 102.547;
15 ; 28 ; 31 ; 0.00429575 ; -0.0267245 ; -0.0131632 ; 102.873;
16 ; 28 ; 31 ; -0.00254262 ; -0.0274186 ; -0.0195048 ; 102.334;
17 ; 28 ; 31 ; -0.0197763 ; -0.019614 ; -0.0130152 ; 102.553;
18 ; 28 ; 31 ; -0.00854067 ; -0.0131514 ; -0.0117382 ; 102.177;
19 ; 28 ; 31 ; -0.0058222 ; -0.00815135 ; -0.0208683 ; 102.38;
20 ; 28 ; 31 ; -0.000593928 ; -0.0144916 ; -0.00591561 ; 102.377;
21 ; 28 ; 31 ; 0.00214206 ; -0.0209484 ; -0.0112619 ; 102.62;
22 ; 28 ; 31 ; -0.00225325 ; -0.0227802 ; -0.0114585 ; 102.617;
23 ; 28 ; 31 ; -0.00086952 ; -0.0278853 ; -0.000840501 ; 102.848;
24 ; 28 ; 31 ; 0.000721918 ; -0.030245 ; -0.0172782 ; 102.555;
25 ; 28 ; 31 ; -0.00367339 ; -0.0215544 ; -0.00754185 ; 103.119;
26 ; 28 ; 31 ; -0.00521298 ; -0.0109308 ; -0.0157462 ; 102.845;
27 ; 28 ; 31 ; -0.011702 ; -0.0206635 ; -0.00862546 ; 102.94;
28 ; 28 ; 31 ; -0.0199971 ; -0.0153798 ; 0.00374778 ; 102.573;
29 ; 28 ; 31 ; -0.014413 ; -0.0137156 ; -0.0188855 ; 102.841;
30 ; 28 ; 31 ; -0.0206242 ; -0.00868104 ; -0.0119341 ; 102.895;
31 ; 28 ; 31 ; -0.00793652 ; -0.0117723 ; -0.0040562 ; 102.977;
32 ; 28 ; 31 ; -0.00602932 ; -0.0106127 ; -0.0056616 ; 102.928;
33 ; 28 ; 31 ; -0.00411927 ; -0.0160846 ; -0.0110511 ; 102.705;
4 ; 29 ; 31 ; -0.00346933 ; -0.0147231 ; -0.0104872 ; 103.192;
5 ; 29 ; 31 ; 0.00415638 ; -0.0130744 ; -0.02887 ; 102.558;
6 ; 29 ; 31 ; 0.00710601 ; -0.0179499 ; -0.00212425 ; 102.682;
7 ; 29 ; 31 ; -0.00342923 ; -0.0218086 ; -0.0101461 ; 102.665;
8 ; 29 ; 31 ; 0.00953839 ; -0.034733 ; -0.00469705 ; 102.682;
9 ; 29 ; 31 ; 0.00640409 ; -0.0118365 ; -0.0123683 ; 102.876;
10 ; 29 ; 31 ; 0.0215769 ; -0.0169692 ; -0.0176493 ; 103.126;
11 ; 29 ; 31 ; 0.0275262 ; -0.0275608 ; -0.00575754 ; 102.88;
12 ; 29 ; 31 ; 0.00398126 ; -0.0219673 ; -0.00853003 ; 102.423;
13 ; 29 ; 31 ; -0.00442433 ; -0.0220993 ; -0.0175452 ; 102.762;
14 ; 29 ; 31 ; -0.00720577 ; -0.00762067 ; -0.0110314 ; 102.473;
15 ; 29 ; 31 ; -0.0027965 ; -0.0165599 ; -0.0118189 ; 102.649;
16 ; 29 ; 31 ; 0.00381571 ; -0.0153305 ; -0.0146291 ; 102.644;
17 ; 29 ; 31 ; -0.00614294 ; -0.00593702 ; -0.0127737 ; 102.147;
18 ; 29 ; 31 ; 0.0068852 ; -0.0154402 ; -0.0141225 ; 102.5;
19 ; 29 ; 31 ; 0.00566688 ; -0.0147063 ; -0.0221026 ; 102.153;
20 ; 29 ; 31 ; 0.012037 ; -0.0191241 ; -0.00862395 ; 102.287;
21 ; 29 ; 31 ; -0.00141997 ; -0.0120117 ; -0.00743494 ; 102.664;
22 ; 29 ; 31 ; 0.00812439 ; -0.0291578 ; -0.0220204 ; 102.414;
23 ; 29 ; 31 ; 0.00588928 ; -0.00513628 ; -0.0118252 ; 102.639;
24 ; 29 ; 31 ; -0.00809478 ; -0.00966744 ; -0.00800242 ; 102.659;
25 ; 29 ; 31 ; -0.00921431 ; -0.00600532 ; -0.00833545 ; 102.789;
26 ; 29 ; 31 ; -0.0177759 ; -0.0249826 ; -0.00273038 ; 103.043;
27 ; 29 ; 31 ; -0.0133249 ; -0.00258388 ; -0.00493531 ; 102.685;
28 ; 29 ; 31 ; -0.0126965 ; -0.0260329 ; -0.0277435 ; 103.097;
29 ; 29 ; 31 ; -0.0169547 ; -0.0190966 ; -0.0110177 ; 102.949;
30 ; 29 ; 31 ; -0.0181412 ; -0.0161499 ; -0.0100518 ; 102.923;
31 ; 29 ; 31 ; -0.0051726 ; 0.000970722 ; 0.00520093 ; 103.38;
32 ; 29 ; 31 ; -0.00378508 ; 0.00157067 ; -0.0106329 ; 103.376;
33 ; 29 ; 31 ; -0.00134667 ; -0.0238788 ; -0.00532561 ; 102.923;
4 ; 30 ; 31 ; 0.0113263 ; -0.00857799 ; -0.0163867 ; 102.952;
5 ; 30 ; 31 ; 0.012708 ; -0.00540712 ; -0.0257351 ; 103.316;
6 ; 30 ; 31 ; 0.0198525 ; -0.010698 ; 0.00139122 ; 102.846;
7 ; 30 ; 31 ; 0.00744423 ; -0.0246379 ; -0.00460668 ; 103.086;
8 ; 30 ; 31 ; 0.00876789 ; -0.0105927 ; 0.000152672 ; 103.096;
9 ; 30 ; 31 ; 0.014479 ; -0.0142644 ; -0.0139 ; 102.92;
10 ; 30 ; 31 ; 0.00627434 ; -0.0105324 ; -0.00163905 ; 103.116;
11 ; 30 ; 31 ; 0.000313382 ; -0.0133392 ; -0.00226461 ; 102.763;
12 ; 30 ; 31 ; 0.00839537 ; -0.0199104 ; -0.00453399 ; 102.852;
13 ; 30 ; 31 ; -0.00601374 ; -0.026466 ; 0.00146624 ; 102.867;
14 ; 30 ; 31 ; -0.00229767 ; -0.0235846 ; -0.0185761 ; 102.409;
15 ; 30 ; 31 ; -0.0255918 ; -0.00942334 ; -0.00760119 ; 102.233;
16 ; 30 ; 31 ; -0.0168854 ; -0.0203489 ; -0.00569818 ; 102.347;
17 ; 30 ; 31 ; 0.00600279 ; -0.0201456 ; -0.0134726 ; 102.494;
18 ; 30 ; 31 ; -0.00662907 ; -0.0251419 ; -0.0251447 ; 102.944;
19 ; 30 ; 31 ; -0.000922281 ; -0.0186352 ; -0.0169449 ; 102.611;
20 ; 30 ; 31 ; -0.00767837 ; -0.0179259 ; -0.0184396 ; 102.45;
21 ; 30 ; 31 ; 0.00892435 ; -0.0220951 ; -0.0212948 ; 102.263;
22 ; 30 ; 31 ; -0.0033889 ; -0.0326978 ; -0.00966723 ; 102.332;
23 ; 30 ; 31 ; -0.0133212 ; -0.0075846 ; -0.00919525 ; 102.56;
24 ; 30 ; 31 ; -0.0166487 ; -0.0144435 ; -0.0011152 ; 102.642;
25 ; 30 ; 31 ; -0.00737144 ; -0.0173772 ; -0.0059267 ; 102.595;
26 ; 30 ; 31 ; 0.00939807 ; -0.0216011 ; -0.0200183 ; 103.043;
27 ; 30 ; 31 ; -0.00278731 ; -0.0136955 ; -0.0067593 ; 102.801;
28 ; 30 ; 31 ; -0.00900298 ; -0.00978377 ; -0.00921547 ; 103.006;
29 ; 30 ; 31 ; -0.010935 ; -0.0164036 ; -0.0174499 ; 102.565;
30 ; 30 ; 31 ; -0.00152334 ; -0.00846345 ; -0.00816379 ; 103.348;
31 ; 30 ; 31 ; -0.00531861 ; 0.00234402 ; 0.000189538 ; 102.532;
32 ; 30 ; 31 ; -0.00606278 ; -0.0162162 ; -0.0158889 ; 102.538;
33 ; 30 ; 31 ; 0.00297476 ; -0.00863489 ; -0.0121522 ; 103.249;
4 ; 31 ; 31 ; -0.00615905 ; -0.0214722 ; -0.0136694 ; 103.047;
5 ; 31 ; 31 ; 0.00852204 ; -0.0060676 ; -0.0121691 ; 103.423;
6 ; 31 ; 31 ; 0.0184924 ; -0.0231731 ; -0.00298087 ; 102.928;
7 ; 31 ; 31 ; 0.00949619 ; -0.0138374 ; -0.00726049 ; 102.924;
8 ; 31 ; 31 ; 0.010025 ; -0.00572209 ; 0.00227693 ; 103.315;
9 ; 31 ; 31 ; 0.00650548 ; -0.00301488 ; 0.00608759 ; 102.501;
10 ; 31 ; 31 ; 0.0106321 ; -0.00211252 ; -0.0172833 ; 102.849;
11 ; 31 ; 31 ; 0.00632848 ; -0.00728716 ; -0.0235593 ; 102.567;
12 ; 31 ; 31 ; 0.0102093 ; -0.00519523 ; -0.0182799 ; 103.104;
13 ; 31 ; 31 ; 0.0048503 ; -0.00915245 ; -0.00577005 ; 102.68;
14 ; 31 ; 31 ; 0.0186803 ; -0.01703 ; -0.00289529 ; 102.804;
15 ; 31 ; 31 ; -0.00235812 ; -0.0136525 ; -0.0134631 ; 102.601;
16 ; 31 ; 31 ; -0.00222907 ; -0.0130575 ; -0.00798255 ; 102.743;
17 ; 31 ; 31 ; -0.00575043 ; -0.0228573 ; -0.0181795 ; 102.734;
18 ; 31 ; 31 ; 0.000446694 ; -0.000128659 ; -0.0108567 ; 102.22;
19 ; 31 ; 31 ; 0.0073826 ; -0.0125499 ; -0.013988 ; 102.988;
20 ; 31 ; 31 ; 0.0115026 ; -0.0177506 ; -0.017636 ; 102.469;
21 ; 31 ; 31 ; 0.00557565 ; -0.0221613 ; -0.00056368 ; 102.972;
22 ; 31 ; 31 ; -0.014801 ; -0.013519 ; -0.0119069 ; 102.726;
23 ; 31 ; 31 ; -0.00694746 ; -0.0115375 ; -0.0189666 ; 103.183;
24 ; 31 ; 31 ; -0.00128345 ; -0.00860056 ; -0.0162313 ; 102.394;
25 ; 31 ; 31 ; 0.0049357 ; -0.00593108 ; -0.0190968 ; 102.484;
26 ; 31 ; 31 ; -0.00802758 ; -0.0120886 ; -0.012983 ; 102.998;
27 ; 31 ; 31 ; -0.0225256 ; -0.00552074 ; -0.0123922 ; 102.954;
28 ; 31 ; 31 ; -0.0254834 ; -0.0101565 ; -0.00170033 ; 102.639;
29 ; 31 ; 31 ; -0.0100504 ; -0.00482179 ; -0.0117434 ; 103.109;
30 ; 31 ; 31 ; -0.00297595 ; -0.0106767 ; 0.00883126 ; 102.9;
31 ; 31 ; 31 ; -0.0103372 ; -0.00453319 ; -0.0115652 ; 102.702;
32 ; 31 ; 31 ; -0.00241423 ; -0.0192589 ; -0.0059254 ; 103.07;
33 ; 31 ; 31 ; 0.0089607 ; -0.0102076 ; -0.00276564 ; 102.895;
4 ; 32 ; 31 ; 0.00891153 ; -0.00813046 ; -0.00893443 ; 103.257;
5 ; 32 ; 31 ; 0.0134367 ; -0.00227139 ; -0.00750505 ; 102.722;
6 ; 32 ; 31 ; 0.0124781 ; -0.0140441 ; -0.01495 ; 103.178;
7 ; 32 ; 31 ; 0.00312285 ; 0.00334154 ; -0.000438492 ; 102.704;
8 ; 32 ; 31 ; 0.0139452 ; 0.00801472 ; 0.00396758 ; 102.642;
9 ; 32 ; 31 ; 0.0181216 ; -0.00633081 ; -0.0148782 ; 102.895;
10 ; 32 ; 31 ; 0.0115305 ; -0.010811 ; -0.0269163 ; 103.118;
11 ; 32 ; 31 ; 0.0191875 ; -0.00709796 ; -0.017834 ; 102.496;
12 ; 32 ; 31 ; -0.00248088 ; -0.00856 ; -0.00293213 ; 103.051;
13 ; 32 ; 31 ; 0.00376832 ; -0.0119806 ; -0.0134108 ; 102.525;
14 ; 32 ; 31 ; -0.00735883 ; -0.017168 ; -0.0195937 ; 103.063;
15 ; 32 ; 31 ; -0.0049868 ; -0.0137596 ; -0.0191114 ; 102.796;
16 ; 32 ; 31 ; -0.000461313 ; -0.00187564 ; -0.0142067 ; 102.705;
17 ; 32 ; 31 ; -0.00793716 ; 0.000708771 ; -0.02233 ; 102.618;
18 ; 32 ; 31 ; 0.00162115 ; -0.0133522 ; -0.0215985 ; 102.715;
19 ; 32 ; 31 ; -0.00658739 ; -0.00403531 ; -0.0126374 ; 102.257;
20 ; 32 ; 31 ; -0.00125325 ; -0.00756129 ; -0.0146643 ; 102.92;
21 ; 32 ; 31 ; 0.000784383 ; -0.0132949 ; -0.0187874 ; 102.807;
22 ; 32 ; 31 ; 0.00321134 ; -0.0014671 ; -0.000209125 ; 102.964;
23 ; 32 ; 31 ; 0.00825398 ; -0.00239917 ; -0.000687875 ; 102.555;
24 ; 32 ; 31 ; 0.000111728 ; 0.0017521 ; -0.0175431 ; 102.722;
25 ; 32 ; 31 ; -0.00205821 ; -0.00794145 ; -0.0026096 ; 103.137;
26 ; 32 ; 31 ; -0.0116097 ; -0.00713049 ; -0.0224848 ; 102.966;
27 ; 32 ; 31 ; -0.0123353 ; -0.00817122 ; -0.0118177 ; 102.842;
28 ; 32 ; 31 ; -0.00335343 ; 0.000156061 ; -0.0165782 ; 102.93;
29 ; 32 ; 31 ; -0.00966596 ; 0.00613348 ; -0.0143361 ; 102.686;
30 ; 32 ; 31 ; -0.0283001 ; -0.0104004 ; -0.0184902 ; 102.968;
31 ; 32 ; 31 ; 0.0114429 ; -0.0163336 ; 0.00582112 ; 102.959;
32 ; 32 ; 31 ; -0.0045086 ; -0.00169854 ; 0.00355077 ; 103.182;
33 ; 32 ; 31 ; -0.0151833 ; 0.00774082 ; -0.00935968 ; 102.93;
4 ; 33 ; 31 ; 0.00727263 ; 0.00348317 ; -0.0134963 ; 102.968;
5 ; 33 ; 31 ; 0.00871626 ; -0.0136752 ; -0.0174445 ; 102.81;
6 ; 33 ; 31 ; 0.000323444 ; 0.0015858 ; -0.0158469 ; 102.624;
7 ; 33 ; 31 ; 0.0111636 ; -0.00395073 ; -0.0164199 ; 103.229;
8 ; 33 ; 31 ; 0.00993368 ; -0.00113888 ; -0.0141696 ; 102.829;
9 ; 33 ; 31 ; 0.0105581 ; 0.00353295 ; -0.00165657 ; 103.008;
10 ; 33 ; 31 ; 0.0078312 ; -0.00446341 ; -0.010498 ; 102.643;
11 ; 33 ; 31 ; 0.0160196 ; 0.00999613 ; -0.0101919 ; 102.753;
12 ; 33 ; 31 ; 0.00824959 ; -0.000551757 ; -0.0084174 ; 102.539;
13 ; 33 ; 31 ; -0.0110246 ; -0.00318012 ; -0.0103716 ; 102.268;
14 ; 33 ; 31 ; 0.00135014 ; -0.00453163 ; -0.0103708 ; 102.679;
15 ; 33 ; 31 ; 0.0106923 ; -0.0029549 ; -0.0156939 ; 102.079;
16 ; 33 ; 31 ; -0.00403075 ; 0.00374904 ; -0.00900383 ; 102.88;
17 ; 33 ; 31 ; -0.00214197 ; -0.00308363 ; -0.0158721 ; 102.724;
18 ; 33 ; 31 ; 0.000842743 ; -0.0167155 ; -0.00771718 ; 102.89;
19 ; 33 ; 31 ; 0.00628925 ; -0.0123353 ; -0.00135865 ; 102.602;
20 ; 33 ; 31 ; 0.0010898 ; -0.00868194 ; -0.0144087 ; 102.503;
21 ; 33 ; 31 ; -0.00288171 ; -0.0115276 ; 0.000784511 ; 102.8;
22 ; 33 ; 31 ; 0.0057489 ; -0.0110689 ; -0.00888388 ; 102.559;
23 ; 33 ; 31 ; -0.00744841 ; -0.00270731 ; -0.00952905 ; 102.477;
24 ; 33 ; 31 ; -0.00346901 ; -0.0186146 ; -0.01847 ; 102.588;
25 ; 33 ; 31 ; -0.00578758 ; -0.00486433 ; -0.00375363 ; 102.655;
26 ; 33 ; 31 ; -0.0130507 ; -0.0045344 ; -0.016039 ; 102.557;
27 ; 33 ; 31 ; -0.0133359 ; -0.00337224 ; -0.00396591 ; 103.096;
28 ; 33 ; 31 ; -0.00945073 ; -0.00776368 ; 0.00424174 ; 102.639;
29 ; 33 ; 31 ; -0.00547698 ; -0.00985357 ; -0.00682115 ; 102.799;
30 ; 33 ; 31 ; -0.0120427 ; 0.00753387 ; -0.0115486 ; 102.924;
31 ; 33 ; 31 ; -0.0104927 ; 0.00468919 ; -0.00720678 ; 103.041;
32 ; 33 ; 31 ; -0.00185594 ; -0.000884558 ; -0.00463083 ; 103.557;
33 ; 33 ; 31 ; 0.0142892 ; -0.00383858 ; -0.00632166 ; 102.866;
4 ; 4 ; 32 ; 0.0061402 ; 0.000610517 ; -0.00462261 ; 103.126;
5 ; 4 ; 32 ; 0.0146166 ; -0.00785371 ; -0.01823 ; 103.218;
6 ; 4 ; 32 ; 0.00751879 ; 0.00834082 ; -0.00430357 ; 103.112;
7 ; 4 ; 32 ; 0.00497721 ; 0.0122641 ; -0.00151202 ; 103.149;
8 ; 4 ; 32 ; 0.00190318 ; -0.00266755 ; -0.00587923 ; 103.068;
9 ; 4 ; 32 ; 0.0139209 ; 0.00215402 ; -0.00640492 ; 103.019;
10 ; 4 ; 32 ; -0.00252451 ; 0.00339525 ; -0.0143848 ; 102.87;
11 ; 4 ; 32 ; 0.00875435 ; 0.00136713 ; -0.0161879 ; 102.991;
12 ; 4 ; 32 ; -0.00194272 ; 0.00755822 ; -0.00451357 ; 102.995;
13 ; 4 ; 32 ; 0.00262467 ; 0.00480941 ; -0.0164672 ; 102.838;
14 ; 4 ; 32 ; 0.00365496 ; 0.013411 ; -0.0116131 ; 102.647;
15 ; 4 ; 32 ; 0.000844476 ; 0.00419968 ; -0.0215101 ; 102.894;
16 ; 4 ; 32 ; -0.00738368 ; 0.0140621 ; -0.013008 ; 102.362;
17 ; 4 ; 32 ; -0.00112126 ; -0.00302225 ; -0.0144336 ; 102.373;
18 ; 4 ; 32 ; 0.0127667 ; 0.0080007 ; -0.00836398 ; 102.507;
19 ; 4 ; 32 ; 0.0122848 ; 0.0128437 ; -0.0129547 ; 102.451;
20 ; 4 ; 32 ; 0.00359848 ; 0.000600319 ; 0.00537157 ; 102.734;
21 ; 4 ; 32 ; -0.00230305 ; 0.00207978 ; -0.00471619 ; 102.827;
22 ; 4 ; 32 ; 0.00510325 ; 0.00904493 ; -0.000297131 ; 102.602;
23 ; 4 ; 32 ; 0.025221 ; 0.0046068 ; -0.00801873 ; 102.729;
24 ; 4 ; 32 ; 0.00685135 ; -0.00465265 ; -0.0179828 ; 102.392;
25 ; 4 ; 32 ; -0.0100578 ; 0.0022015 ; -0.00444662 ; 102.344;
26 ; 4 ; 32 ; 0.00620652 ; 0.000787408 ; -0.00114289 ; 103.099;
27 ; 4 ; 32 ; -0.0094957 ; -0.0005929 ; -0.0107653 ; 102.511;
28 ; 4 ; 32 ; -0.00400352 ; 0.0170518 ; -0.0021801 ; 103.011;
29 ; 4 ; 32 ; 0.000989123 ; 0.0124813 ; 0.000947289 ; 102.991;
30 ; 4 ; 32 ; -0.00502446 ; 0.000838254 ; -0.00688508 ; 103.011;
31 ; 4 ; 32 ; -0.00607501 ; 0.0120218 ; -0.00894023 ; 103.18;
32 ; 4 ; 32 ; -0.0114485 ; 0.00941115 ; -0.0178644 ; 102.803;
33 ; 4 ; 32 ; -0.00419694 ; 0.00774369 ; -0.0100624 ; 103.172;
4 ; 5 ; 32 ; -0.00481367 ; 0.00518462 ; -0.0166501 ; 103.11;
5 ; 5 ; 32 ; 0.00350492 ; 0.0112247 ; -0.00249939 ; 103.163;
6 ; 5 ; 32 ; 0.0198971 ; -0.0134384 ; -0.00219266 ; 102.888;
7 ; 5 ; 32 ; 0.0168969 ; 0.0160443 ; -0.0118648 ; 102.894;
8 ; 5 ; 32 ; -0.00181128 ; 0.0036127 ; -0.00460023 ; 102.642;
9 ; 5 ; 32 ; 0.0124755 ; 0.00969049 ; -0.0024864 ; 102.884;
10 ; 5 ; 32 ; 0.019054 ; 0.0250881 ; -0.00784176 ; 103.143;
11 ; 5 ; 32 ; 0.0113419 ; 0.0154607 ; -0.00872513 ; 102.562;
12 ; 5 ; 32 ; 0.00654137 ; 0.0112809 ; -0.0175821 ; 102.973;
13 ; 5 ; 32 ; -0.00693559 ; 0.00552891 ; -0.0164194 ; 102.526;
14 ; 5 ; 32 ; -0.00184142 ; 0.0192055 ; -0.022824 ; 102.747;
15 ; 5 ; 32 ; -0.00220479 ; 0.013476 ; -0.00148404 ; 102.637;
16 ; 5 ; 32 ; -0.0161691 ; 0.0162834 ; 0.0098356 ; 102.924;
17 ; 5 ; 32 ; -0.0120624 ; 0.0145186 ; -0.0147738 ; 102.965;
18 ; 5 ; 32 ; -0.00331438 ; 0.00811025 ; -0.00831088 ; 102.558;
19 ; 5 ; 32 ; -6.5349e-05 ; 0.00218996 ; -0.017084 ; 102.897;
20 ; 5 ; 32 ; 0.00674672 ; 0.0110075 ; -0.0203066 ; 102.511;
21 ; 5 ; 32 ; 0.0135657 ; 0.0131068 ; -0.015183 ; 102.581;
22 ; 5 ; 32 ; 0.00385137 ; 0.0214737 ; -0.0118671 ; 102.501;
23 ; 5 ; 32 ; 0.0138331 ; 0.00674403 ; -0.0040583 ; 102.632;
24 ; 5 ; 32 ; 0.000230513 ; -0.00163154 ; -0.00126531 ; 102.587;
25 ; 5 ; 32 ; -0.0198163 ; 0.00507544 ; 0.00396765 ; 103.043;
26 ; 5 ; 32 ; -0.0102253 ; 0.00215939 ; -0.00667071 ; 102.815;
27 ; 5 ; 32 ; -0.0138672 ; 0.011606 ; -0.0186578 ; 102.515;
28 ; 5 ; 32 ; -0.0134095 ; -0.00926194 ; -0.00822162 ; 102.88;
29 ; 5 ; 32 ; -0.0179589 ; 0.00706827 ; -0.0156792 ; 103.348;
30 ; 5 ; 32 ; -0.00533624 ; 0.0085853 ; -0.00842569 ; 102.796;
31 ; 5 ; 32 ; -0.0191442 ; 0.0141407 ; -0.00569185 ; 103.052;
32 ; 5 ; 32 ; -0.00312367 ; -0.00479448 ; -0.00993345 ; 103.527;
33 ; 5 ; 32 ; -0.00792324 ; 0.0193685 ; 0.00932779 ; 102.861;
4 ; 6 ; 32 ; 0.00467373 ; 0.00255962 ; -0.00118314 ; 103.293;
5 ; 6 ; 32 ; 0.000134654 ; -0.00242078 ; -0.00763283 ; 103.023;
6 ; 6 ; 32 ; 0.014017 ; 0.00506506 ; -0.0167598 ; 102.644;
7 ; 6 ; 32 ; 0.0135877 ; 0.0197627 ; -0.0287818 ; 103.133;
8 ; 6 ; 32 ; 0.0121418 ; 0.0106981 ; -0.0132741 ; 102.552;
9 ; 6 ; 32 ; 0.00494169 ; 0.0123097 ; -0.0117209 ; 103.06;
10 ; 6 ; 32 ; 0.0192642 ; 0.022721 ; -0.00947683 ; 102.267;
11 ; 6 ; 32 ; 0.0113822 ; 0.00859964 ; -0.0129089 ; 102.83;
12 ; 6 ; 32 ; 0.0108774 ; -0.00948964 ; -0.00487063 ; 102.291;
13 ; 6 ; 32 ; 0.01159 ; 0.0105131 ; -0.0117503 ; 102.681;
14 ; 6 ; 32 ; -0.00130101 ; 0.0146452 ; -0.0173683 ; 102.72;
15 ; 6 ; 32 ; 0.00633177 ; 0.00517796 ; -0.000721855 ; 102.377;
16 ; 6 ; 32 ; -0.00347329 ; 0.0126405 ; -0.00133203 ; 102.894;
17 ; 6 ; 32 ; -0.00696757 ; 0.0131279 ; -0.00105132 ; 102.544;
18 ; 6 ; 32 ; 0.00362962 ; 0.022045 ; -0.00405023 ; 102.54;
19 ; 6 ; 32 ; 0.0246249 ; 0.0155058 ; -0.011732 ; 102.276;
20 ; 6 ; 32 ; 0.00353548 ; 0.0197917 ; -0.0124822 ; 102.906;
21 ; 6 ; 32 ; 0.00427626 ; 0.00995282 ; -0.0142456 ; 102.47;
22 ; 6 ; 32 ; -0.00655958 ; 0.0335959 ; -0.0122575 ; 102.701;
23 ; 6 ; 32 ; 0.00119424 ; 0.0163711 ; -0.0115038 ; 102.816;
24 ; 6 ; 32 ; -0.00452458 ; 0.0069767 ; -0.0222119 ; 102.801;
25 ; 6 ; 32 ; -0.0188062 ; 0.0171474 ; -0.0152247 ; 102.722;
26 ; 6 ; 32 ; -0.0126909 ; 0.0139386 ; 0.000986423 ; 103.005;
27 ; 6 ; 32 ; -0.0219369 ; 0.0121098 ; -0.00930242 ; 102.476;
28 ; 6 ; 32 ; -0.00289094 ; 0.0134341 ; -0.00915985 ; 103.019;
29 ; 6 ; 32 ; -0.0177454 ; 0.014309 ; -0.00433365 ; 102.984;
30 ; 6 ; 32 ; -0.0192915 ; 0.00282956 ; -0.00103585 ; 102.912;
31 ; 6 ; 32 ; -0.0150003 ; 0.0236937 ; -0.00408231 ; 102.741;
32 ; 6 ; 32 ; -0.00855926 ; 0.0143701 ; -0.0148615 ; 102.463;
33 ; 6 ; 32 ; -0.000651634 ; 0.0179945 ; -0.0130987 ; 103.249;
4 ; 7 ; 32 ; 0.00563017 ; 0.00762585 ; -0.00230104 ; 103.616;
5 ; 7 ; 32 ; 0.00645053 ; 0.00613645 ; -0.00600864 ; 103.393;
6 ; 7 ; 32 ; 0.01085 ; 0.0116754 ; -0.0114204 ; 102.491;
7 ; 7 ; 32 ; 0.00757507 ; 0.0133968 ; -0.0117179 ; 103.115;
8 ; 7 ; 32 ; -0.00191525 ; 0.0189197 ; -0.00662746 ; 103.172;
9 ; 7 ; 32 ; 0.0234006 ; 0.0260766 ; -0.00778757 ; 103.288;
10 ; 7 ; 32 ; 0.00592646 ; 0.0166006 ; -0.0106616 ; 102.881;
11 ; 7 ; 32 ; 0.0183602 ; 0.0227267 ; 0.000127096 ; 102.352;
12 ; 7 ; 32 ; -0.0101397 ; 0.0239288 ; -0.00564623 ; 103.239;
13 ; 7 ; 32 ; -0.00495627 ; 0.0344933 ; -0.0112255 ; 103.157;
14 ; 7 ; 32 ; 0.00508608 ; 0.021456 ; -0.0219328 ; 102.889;
15 ; 7 ; 32 ; 0.0119027 ; 0.0111982 ; 0.000225986 ; 102.899;
16 ; 7 ; 32 ; -0.000491458 ; 0.0208851 ; -0.00825448 ; 102.542;
17 ; 7 ; 32 ; -0.0122952 ; 0.0191466 ; -0.0158016 ; 102.354;
18 ; 7 ; 32 ; -0.00100294 ; 0.0136822 ; -0.0197417 ; 102.263;
19 ; 7 ; 32 ; -0.00762123 ; 0.020896 ; -0.00414553 ; 102.26;
20 ; 7 ; 32 ; 0.00891396 ; 0.0109267 ; -0.0173382 ; 102.986;
21 ; 7 ; 32 ; -0.00888873 ; 0.011222 ; -0.0114887 ; 102.462;
22 ; 7 ; 32 ; -0.00990933 ; 0.0275859 ; -0.00361911 ; 102.586;
23 ; 7 ; 32 ; -0.00497872 ; 0.00576481 ; -0.00989039 ; 102.679;
24 ; 7 ; 32 ; -0.004514 ; 0.011674 ; 0.00107774 ; 102.494;
25 ; 7 ; 32 ; -0.0183695 ; 0.0339084 ; -0.00832551 ; 103.014;
26 ; 7 ; 32 ; -0.0186252 ; 0.0180719 ; -0.0153743 ; 102.794;
27 ; 7 ; 32 ; -0.0219335 ; -0.00687213 ; -0.00396962 ; 102.69;
28 ; 7 ; 32 ; -0.0234738 ; 0.0129389 ; 0.000926813 ; 103.172;
29 ; 7 ; 32 ; -0.0186279 ; 0.0155732 ; -0.013322 ; 103.442;
30 ; 7 ; 32 ; -0.0204029 ; 0.0131585 ; -0.0127681 ; 103.313;
31 ; 7 ; 32 ; -0.00634961 ; 0.0157257 ; -0.00872861 ; 102.938;
32 ; 7 ; 32 ; 0.00169678 ; 0.0237161 ; -0.0184916 ; 103.046;
33 ; 7 ; 32 ; -0.00320116 ; 0.0152434 ; 0.000279921 ; 103.207;
4 ; 8 ; 32 ; -0.00180207 ; 0.00349631 ; -0.0101745 ; 103.305;
5 ; 8 ; 32 ; 0.0157923 ; 0.0098521 ; -0.0133426 ; 102.99;
6 ; 8 ; 32 ; 0.00860248 ; 0.026797 ; 0.014386 ; 102.827;
7 ; 8 ; 32 ; 0.00828989 ; 0.0355786 ; -0.00507132 ; 102.449;
8 ; 8 ; 32 ; 0.00543155 ; 0.0173221 ; 0.001886 ; 103.083;
9 ; 8 ; 32 ; 0.0209269 ; 0.0202818 ; -0.00600275 ; 102.776;
10 ; 8 ; 32 ; 0.0165619 ; 0.014848 ; 0.00781647 ; 103.081;
11 ; 8 ; 32 ; 0.00946796 ; 0.0189423 ; 0.00382475 ; 102.839;
12 ; 8 ; 32 ; 0.00298486 ; 0.024176 ; 0.000295411 ; 102.422;
13 ; 8 ; 32 ; 0.0141389 ; 0.0126898 ; -0.00440349 ; 102.478;
14 ; 8 ; 32 ; 2.62053e-05 ; 0.0136589 ; -0.0113312 ; 102.704;
15 ; 8 ; 32 ; 0.006683 ; 0.019633 ; 0.00130697 ; 102.192;
16 ; 8 ; 32 ; 0.000745343 ; 0.0253369 ; -0.00660634 ; 102.385;
17 ; 8 ; 32 ; 0.003915 ; 0.0223376 ; -0.00801746 ; 102.25;
18 ; 8 ; 32 ; -0.00600676 ; 0.027173 ; -0.00888423 ; 102.639;
19 ; 8 ; 32 ; 0.0237834 ; 0.0165062 ; -0.0102957 ; 102.659;
20 ; 8 ; 32 ; -0.00278222 ; 0.0375549 ; -0.00975305 ; 102.113;
21 ; 8 ; 32 ; 0.00197279 ; 0.00286909 ; -0.013311 ; 102.375;
22 ; 8 ; 32 ; -0.000432589 ; 0.0276478 ; -0.020534 ; 102.621;
23 ; 8 ; 32 ; -0.00456449 ; 0.0112933 ; -0.0165357 ; 103.009;
24 ; 8 ; 32 ; -0.0128407 ; 0.0160034 ; -0.0175097 ; 102.396;
25 ; 8 ; 32 ; -0.0101428 ; 0.026958 ; 0.00128476 ; 102.709;
26 ; 8 ; 32 ; -0.018454 ; 0.0295462 ; 0.00351723 ; 103.034;
27 ; 8 ; 32 ; -0.0183588 ; -0.0088571 ; -0.0111538 ; 102.76;
28 ; 8 ; 32 ; -0.0191203 ; 0.0120313 ; -0.00660672 ; 103.346;
29 ; 8 ; 32 ; -0.0271518 ; 0.0144123 ; -0.0137202 ; 102.771;
30 ; 8 ; 32 ; -0.0154348 ; 0.0121396 ; -0.00204365 ; 102.782;
31 ; 8 ; 32 ; -0.0172774 ; 0.0100853 ; 0.00167167 ; 102.991;
32 ; 8 ; 32 ; -0.0143303 ; 0.0222228 ; -0.00411821 ; 102.852;
33 ; 8 ; 32 ; -0.00923356 ; 0.00838587 ; -0.0142292 ; 103.234;
4 ; 9 ; 32 ; -0.00598316 ; 0.00927663 ; -0.00411687 ; 102.869;
5 ; 9 ; 32 ; 0.00468193 ; 0.0125583 ; -0.0031646 ; 102.921;
6 ; 9 ; 32 ; 0.018601 ; 0.00516564 ; -0.00652385 ; 102.789;
7 ; 9 ; 32 ; 0.0222607 ; 0.0284829 ; -0.00846712 ; 102.769;
8 ; 9 ; 32 ; 0.0235391 ; 0.0196017 ; -0.00130713 ; 103.081;
9 ; 9 ; 32 ; 0.0233381 ; 0.0122182 ; 0.00261958 ; 103.017;
10 ; 9 ; 32 ; 0.0259505 ; 0.020169 ; -0.00696702 ; 102.881;
11 ; 9 ; 32 ; 0.00494377 ; 0.0214833 ; -0.00920791 ; 102.149;
12 ; 9 ; 32 ; 0.00410043 ; 0.0157198 ; -0.00386168 ; 102.72;
13 ; 9 ; 32 ; -0.00251766 ; 0.0170527 ; 0.00237684 ; 102.469;
14 ; 9 ; 32 ; 0.00305368 ; 0.0273708 ; -0.0132614 ; 102.36;
15 ; 9 ; 32 ; 0.00410223 ; 0.0214241 ; 0.00371417 ; 102.33;
16 ; 9 ; 32 ; 0.0029066 ; 0.0308649 ; -0.00167618 ; 102.304;
17 ; 9 ; 32 ; -0.00368558 ; 0.030453 ; -0.00428937 ; 102.215;
18 ; 9 ; 32 ; 0.00752421 ; 0.0218778 ; -0.00883012 ; 102.226;
19 ; 9 ; 32 ; 0.00219206 ; 0.00716333 ; -0.0153192 ; 102.143;
20 ; 9 ; 32 ; -0.00417725 ; 0.0221 ; 0.00301287 ; 102.35;
21 ; 9 ; 32 ; 0.0007057 ; 0.0287489 ; -0.00251858 ; 102.315;
22 ; 9 ; 32 ; -0.00117316 ; 0.0244512 ; 0.00394216 ; 102.285;
23 ; 9 ; 32 ; -0.00825631 ; 0.0217109 ; 0.003048 ; 102.442;
24 ; 9 ; 32 ; -0.00287976 ; 0.0262229 ; -0.0103749 ; 102.546;
25 ; 9 ; 32 ; -0.00623907 ; 0.0253805 ; 0.010166 ; 102.66;
26 ; 9 ; 32 ; -0.0189052 ; 0.0243381 ; 0.00452375 ; 102.638;
27 ; 9 ; 32 ; -0.00809751 ; 0.0219418 ; -0.00967288 ; 102.322;
28 ; 9 ; 32 ; -0.0254376 ; 0.00917088 ; -0.00993142 ; 102.841;
29 ; 9 ; 32 ; -0.0240386 ; 0.0154799 ; -0.0147219 ; 102.686;
30 ; 9 ; 32 ; -0.015388 ; 0.0211633 ; -0.00199042 ; 102.86;
31 ; 9 ; 32 ; -0.0230569 ; 0.0124126 ; -0.0261105 ; 102.557;
32 ; 9 ; 32 ; -0.00674319 ; 0.0265031 ; -0.00459153 ; 103.086;
33 ; 9 ; 32 ; 0.00155033 ; 0.0167271 ; 0.00902657 ; 102.974;
4 ; 10 ; 32 ; 0.00978501 ; 0.0128373 ; -0.00239365 ; 102.873;
5 ; 10 ; 32 ; 0.0150791 ; 0.0175345 ; -0.00552072 ; 103.135;
6 ; 10 ; 32 ; 0.016257 ; 0.00935954 ; -0.004828 ; 102.901;
7 ; 10 ; 32 ; 0.00881252 ; 0.0147456 ; 0.0119938 ; 102.839;
8 ; 10 ; 32 ; 0.0193019 ; 0.00473712 ; -0.0129765 ; 103.303;
9 ; 10 ; 32 ; 0.00866425 ; 0.00732446 ; -0.00650494 ; 102.78;
10 ; 10 ; 32 ; 0.00659865 ; 0.0216325 ; -0.004581 ; 102.519;
11 ; 10 ; 32 ; 0.00643092 ; 0.0186004 ; -0.00625748 ; 102.538;
12 ; 10 ; 32 ; -0.00804534 ; 0.0127312 ; 0.00483826 ; 102.638;
13 ; 10 ; 32 ; 0.00651907 ; 0.0325368 ; -0.011574 ; 102.91;
14 ; 10 ; 32 ; 0.00120583 ; 0.00795152 ; -0.0168001 ; 102.904;
15 ; 10 ; 32 ; -0.00310888 ; 0.0228049 ; -0.00728659 ; 102.567;
16 ; 10 ; 32 ; -0.0057281 ; 0.0229955 ; -0.0219281 ; 102.577;
17 ; 10 ; 32 ; -0.00701792 ; 0.0176136 ; 0.000585884 ; 102.583;
18 ; 10 ; 32 ; 0.0105829 ; 0.00294695 ; -0.010143 ; 101.936;
19 ; 10 ; 32 ; -0.00720402 ; 0.0170442 ; -0.0123839 ; 102.366;
20 ; 10 ; 32 ; -0.00232871 ; 0.0258445 ; -0.00920997 ; 102.359;
21 ; 10 ; 32 ; -6.82215e-05 ; 0.023137 ; -0.000291725 ; 102.134;
22 ; 10 ; 32 ; -0.00894563 ; 0.0218473 ; -0.0119749 ; 102.453;
23 ; 10 ; 32 ; 0.00705287 ; 0.000579804 ; -0.00675366 ; 102.81;
24 ; 10 ; 32 ; 0.00406058 ; 0.00916239 ; -0.0151309 ; 102.335;
25 ; 10 ; 32 ; -0.0112775 ; 0.00744579 ; 0.00283352 ; 102.334;
26 ; 10 ; 32 ; -0.0196168 ; 0.01071 ; 0.00816886 ; 102.645;
27 ; 10 ; 32 ; -0.0166997 ; 0.0233274 ; -0.0109179 ; 102.478;
28 ; 10 ; 32 ; -0.0245725 ; 0.0102591 ; 0.00168351 ; 103.172;
29 ; 10 ; 32 ; -0.00880889 ; 0.0217604 ; 0.0101323 ; 102.914;
30 ; 10 ; 32 ; -0.0203961 ; 0.00217347 ; 0.00592346 ; 102.732;
31 ; 10 ; 32 ; -0.0124773 ; 0.0151995 ; -0.0147895 ; 102.912;
32 ; 10 ; 32 ; -0.00731836 ; 0.0107433 ; -0.00447087 ; 102.904;
33 ; 10 ; 32 ; 0.0111911 ; 0.0182536 ; -0.0170524 ; 102.475;
4 ; 11 ; 32 ; 0.0146721 ; 0.0113966 ; -0.0159712 ; 102.914;
5 ; 11 ; 32 ; 0.0135912 ; 0.000315674 ; -0.0130798 ; 102.776;
6 ; 11 ; 32 ; 0.00741135 ; 0.0107842 ; -0.0190101 ; 102.662;
7 ; 11 ; 32 ; 0.013341 ; 0.0123933 ; -0.000574571 ; 102.657;
8 ; 11 ; 32 ; 0.0188236 ; 0.00558633 ; -0.00350603 ; 102.927;
9 ; 11 ; 32 ; 0.0193485 ; 0.015855 ; -0.00833307 ; 102.533;
10 ; 11 ; 32 ; 0.00498982 ; 0.0171528 ; -0.00428309 ; 102.585;
11 ; 11 ; 32 ; 0.0183959 ; 0.0175621 ; -0.0134956 ; 103.086;
12 ; 11 ; 32 ; 0.0113591 ; 0.0101284 ; 0.00170583 ; 102.821;
13 ; 11 ; 32 ; 0.00977823 ; 0.0130871 ; -0.00234021 ; 102.532;
14 ; 11 ; 32 ; -0.00456259 ; 0.00601108 ; -0.0100727 ; 102.066;
15 ; 11 ; 32 ; -0.00924693 ; 0.0148308 ; -0.0115991 ; 103.1;
16 ; 11 ; 32 ; 0.00307672 ; 0.0230579 ; 0.00332931 ; 102.276;
17 ; 11 ; 32 ; 0.00543137 ; 0.0174338 ; -0.0161227 ; 102.091;
18 ; 11 ; 32 ; 0.00594482 ; 0.0263152 ; -0.0121991 ; 102.426;
19 ; 11 ; 32 ; 0.000276997 ; 0.0112292 ; 0.000473907 ; 102.077;
20 ; 11 ; 32 ; 0.00423863 ; 0.0189082 ; -0.0186108 ; 102.197;
21 ; 11 ; 32 ; -0.00322906 ; 0.0182359 ; -0.0167844 ; 102.542;
22 ; 11 ; 32 ; 0.00717694 ; 0.0206744 ; -0.00956981 ; 102.175;
23 ; 11 ; 32 ; 0.00342609 ; 0.00447113 ; -0.00996881 ; 102.514;
24 ; 11 ; 32 ; 8.06838e-05 ; 0.0175083 ; -0.0155488 ; 102.373;
25 ; 11 ; 32 ; -0.0118167 ; 0.000459777 ; 0.0123205 ; 102.834;
26 ; 11 ; 32 ; -0.00586935 ; 0.00094609 ; -0.007236 ; 102.488;
27 ; 11 ; 32 ; -0.0216232 ; 0.0107232 ; -0.00632436 ; 103.075;
28 ; 11 ; 32 ; -0.023526 ; -0.003606 ; -0.00418352 ; 102.571;
29 ; 11 ; 32 ; -0.0333784 ; 0.00842848 ; -0.00153704 ; 102.975;
30 ; 11 ; 32 ; -0.0124048 ; 0.0147007 ; -0.0115913 ; 102.874;
31 ; 11 ; 32 ; -0.0154273 ; 0.0176924 ; -0.00693403 ; 102.557;
32 ; 11 ; 32 ; -0.0127757 ; -0.00699872 ; 0.00181926 ; 102.899;
33 ; 11 ; 32 ; -0.00707431 ; 0.00111218 ; -0.0135721 ; 102.919;
4 ; 12 ; 32 ; 0.0101253 ; 0.0015089 ; 0.00326772 ; 102.56;
5 ; 12 ; 32 ; 0.0128978 ; 0.000789572 ; -0.00775664 ; 102.836;
6 ; 12 ; 32 ; 0.00963096 ; -0.00648398 ; -0.0191594 ; 102.537;
7 ; 12 ; 32 ; 0.0198089 ; -0.0145801 ; -0.0063938 ; 102.183;
8 ; 12 ; 32 ; 0.0142276 ; 0.0108594 ; -0.00533037 ; 102.694;
9 ; 12 ; 32 ; 0.0292417 ; 0.00919893 ; -0.00272231 ; 102.894;
10 ; 12 ; 32 ; 0.000935218 ; 0.0030607 ; -0.0108578 ; 102.838;
11 ; 12 ; 32 ; 0.0203347 ; 0.0174829 ; -0.00837205 ; 101.732;
12 ; 12 ; 32 ; 0.0137217 ; 0.00685257 ; -0.00192444 ; 102.633;
13 ; 12 ; 32 ; 0.0121695 ; 0.00405769 ; -0.0148744 ; 102.424;
14 ; 12 ; 32 ; -0.000461416 ; -0.00231188 ; 0.00265778 ; 102.576;
15 ; 12 ; 32 ; -0.0167891 ; -0.00161756 ; -0.0208444 ; 102.304;
16 ; 12 ; 32 ; -0.00608085 ; -0.00313616 ; -0.0107317 ; 102.382;
17 ; 12 ; 32 ; 0.00427713 ; 0.00461597 ; -0.0042549 ; 102.465;
18 ; 12 ; 32 ; 0.0122895 ; 0.00966444 ; -0.00788242 ; 102.565;
19 ; 12 ; 32 ; -0.00335711 ; 0.0150169 ; -0.00815012 ; 102.35;
20 ; 12 ; 32 ; 0.00262165 ; 0.00898518 ; -0.0106205 ; 102.471;
21 ; 12 ; 32 ; 0.0054969 ; 0.00670859 ; -0.00153604 ; 102.043;
22 ; 12 ; 32 ; -0.000683491 ; -0.000601584 ; -0.0198687 ; 102.327;
23 ; 12 ; 32 ; 0.00153343 ; 0.0161143 ; -0.0142394 ; 101.751;
24 ; 12 ; 32 ; -0.00526345 ; 0.00694549 ; -0.01583 ; 102.368;
25 ; 12 ; 32 ; -0.0065702 ; 0.00539559 ; 0.00382279 ; 102.399;
26 ; 12 ; 32 ; -0.014863 ; 0.0127232 ; -0.0176378 ; 102.899;
27 ; 12 ; 32 ; -0.0249149 ; 0.0170954 ; -0.000657978 ; 102.888;
28 ; 12 ; 32 ; -0.0215258 ; 0.00787293 ; -0.00387318 ; 103.2;
29 ; 12 ; 32 ; -0.0230798 ; 0.00452406 ; -0.00898066 ; 102.771;
30 ; 12 ; 32 ; -0.0239085 ; 0.000433617 ; 0.00049212 ; 102.539;
31 ; 12 ; 32 ; -0.00682399 ; 0.00451876 ; -0.00107259 ; 103.102;
32 ; 12 ; 32 ; -0.0103567 ; -0.00826035 ; -0.0140977 ; 102.437;
33 ; 12 ; 32 ; -0.00812365 ; -0.00668904 ; -0.0260168 ; 102.963;
4 ; 13 ; 32 ; 0.0219585 ; -0.00417492 ; 0.000638369 ; 102.747;
5 ; 13 ; 32 ; 0.0205628 ; 0.00461772 ; -0.0182856 ; 102.752;
6 ; 13 ; 32 ; 0.0255259 ; -6.27822e-06 ; -0.0127704 ; 102.835;
7 ; 13 ; 32 ; 0.0331996 ; -0.00505753 ; 0.0103164 ; 102.668;
8 ; 13 ; 32 ; 0.0132662 ; -0.00390586 ; -0.00567303 ; 102.886;
9 ; 13 ; 32 ; 0.0143366 ; 0.00386406 ; -0.0168 ; 102.696;
10 ; 13 ; 32 ; 0.0116619 ; 0.0065116 ; -0.0159572 ; 102.506;
11 ; 13 ; 32 ; 0.0167941 ; 0.00687105 ; -0.00482819 ; 102.639;
12 ; 13 ; 32 ; 0.00630445 ; 0.0120598 ; -0.0104014 ; 101.834;
13 ; 13 ; 32 ; 0.00797005 ; -0.000985788 ; -0.0145456 ; 102.143;
14 ; 13 ; 32 ; 0.00125322 ; 0.017402 ; -0.0197634 ; 102.297;
15 ; 13 ; 32 ; -0.0135906 ; 0.00940801 ; -0.0176457 ; 101.958;
16 ; 13 ; 32 ; -0.0155299 ; -0.00187305 ; -0.0200338 ; 102.138;
17 ; 13 ; 32 ; -0.00211876 ; 0.0182222 ; -0.0145201 ; 102.299;
18 ; 13 ; 32 ; 0.000602728 ; 0.0117435 ; -0.0120417 ; 102.372;
19 ; 13 ; 32 ; -0.00105798 ; 0.00558828 ; -0.0118741 ; 102.382;
20 ; 13 ; 32 ; -0.00285927 ; 0.0119003 ; -0.00742912 ; 102.102;
21 ; 13 ; 32 ; 0.00250472 ; 0.0120175 ; -0.0100146 ; 102.624;
22 ; 13 ; 32 ; -0.00854492 ; 0.00557256 ; -0.0131334 ; 101.946;
23 ; 13 ; 32 ; -0.00777569 ; -0.00506822 ; -0.0113093 ; 101.686;
24 ; 13 ; 32 ; 0.000796511 ; 0.00568701 ; -0.00976586 ; 102.238;
25 ; 13 ; 32 ; -0.00501209 ; 0.0102195 ; -0.00629327 ; 103.132;
26 ; 13 ; 32 ; -0.0142088 ; 0.000233537 ; -0.0115217 ; 102.722;
27 ; 13 ; 32 ; -0.00906992 ; -0.00260431 ; 0.000916923 ; 102.693;
28 ; 13 ; 32 ; -0.0174609 ; -0.00682771 ; -0.0132037 ; 102.428;
29 ; 13 ; 32 ; -0.0198483 ; 0.00549757 ; -0.015221 ; 103.005;
30 ; 13 ; 32 ; -0.0162791 ; -0.00125692 ; -0.00457923 ; 102.386;
31 ; 13 ; 32 ; -0.0155014 ; 0.00552878 ; -0.0145606 ; 102.396;
32 ; 13 ; 32 ; -0.0169217 ; 0.00581483 ; -0.0141633 ; 102.789;
33 ; 13 ; 32 ; -0.00899635 ; 0.00137033 ; -0.0143515 ; 102.561;
4 ; 14 ; 32 ; 0.0142841 ; -0.00318569 ; -0.00429239 ; 102.669;
5 ; 14 ; 32 ; -0.00738126 ; -0.00301442 ; 0.00149585 ; 102.611;
6 ; 14 ; 32 ; 0.0138563 ; -0.000937776 ; -0.00626217 ; 102.61;
7 ; 14 ; 32 ; 0.0180817 ; -0.0157617 ; -0.0206453 ; 102.63;
8 ; 14 ; 32 ; 0.0168306 ; -0.00490515 ; -0.00771723 ; 102.65;
9 ; 14 ; 32 ; 0.0270111 ; -0.0116177 ; -0.0170588 ; 102.636;
10 ; 14 ; 32 ; 0.0316215 ; -0.00142337 ; -0.00709401 ; 102.563;
11 ; 14 ; 32 ; 0.0138629 ; 0.00501063 ; -0.0148766 ; 102.556;
12 ; 14 ; 32 ; 0.00456815 ; 0.00317475 ; -0.0128616 ; 101.898;
13 ; 14 ; 32 ; 0.0100962 ; -0.0090138 ; -0.01007 ; 102.536;
14 ; 14 ; 32 ; 0.00404505 ; 0.00861376 ; -0.00874909 ; 101.757;
15 ; 14 ; 32 ; 0.00228751 ; -4.22942e-05 ; -0.0124002 ; 102.27;
16 ; 14 ; 32 ; -0.00026109 ; 0.00468812 ; -0.0233633 ; 102.164;
17 ; 14 ; 32 ; -0.00626876 ; -0.00597191 ; -0.0182054 ; 102.094;
18 ; 14 ; 32 ; 0.00670413 ; 0.000307982 ; -0.0197887 ; 102.045;
19 ; 14 ; 32 ; 0.00375863 ; 0.00189218 ; -0.00508292 ; 101.882;
20 ; 14 ; 32 ; -0.00903621 ; 0.00416216 ; -0.0139815 ; 102.064;
21 ; 14 ; 32 ; 0.00307882 ; -0.0075084 ; -0.0221034 ; 102.511;
22 ; 14 ; 32 ; -0.00270269 ; 0.00481589 ; -0.0119455 ; 101.885;
23 ; 14 ; 32 ; 0.000449203 ; 0.0139825 ; 0.00170119 ; 102.525;
24 ; 14 ; 32 ; -0.0159382 ; -0.00158981 ; -0.0227186 ; 101.659;
25 ; 14 ; 32 ; -0.0128122 ; 0.00426877 ; -0.00625036 ; 102.303;
26 ; 14 ; 32 ; -0.0112321 ; -0.00696852 ; -0.0178846 ; 102.285;
27 ; 14 ; 32 ; -0.0180681 ; -0.0118468 ; -0.00243015 ; 103.024;
28 ; 14 ; 32 ; -0.0204746 ; 0.00848381 ; -0.000232573 ; 102.789;
29 ; 14 ; 32 ; -0.0276337 ; -0.000227069 ; -0.00568875 ; 102.638;
30 ; 14 ; 32 ; -0.0167807 ; 0.00855945 ; -0.0109569 ; 102.676;
31 ; 14 ; 32 ; -0.00967976 ; -0.000799787 ; 0.000375397 ; 102.816;
32 ; 14 ; 32 ; -0.00855531 ; -0.00207976 ; -0.0163021 ; 102.534;
33 ; 14 ; 32 ; -0.000908359 ; 0.00427502 ; -0.0097773 ; 102.771;
4 ; 15 ; 32 ; 0.0109579 ; -0.00725595 ; -0.00551446 ; 102.577;
5 ; 15 ; 32 ; 0.0207219 ; -0.00702078 ; -0.00677999 ; 102.83;
6 ; 15 ; 32 ; 0.00461007 ; -0.00746414 ; -0.000758858 ; 102.743;
7 ; 15 ; 32 ; 0.00893507 ; 0.00610807 ; -0.00618951 ; 102.736;
8 ; 15 ; 32 ; 0.0290107 ; -0.00755935 ; 0.00266172 ; 102.257;
9 ; 15 ; 32 ; 0.0323016 ; -0.00167888 ; -0.0186296 ; 102.697;
10 ; 15 ; 32 ; 0.00121604 ; 0.00865785 ; -0.0133982 ; 102.085;
11 ; 15 ; 32 ; 0.0101967 ; -0.00393831 ; -0.0152725 ; 102.615;
12 ; 15 ; 32 ; 0.00405694 ; 0.00254251 ; -0.019612 ; 102.242;
13 ; 15 ; 32 ; 0.00729806 ; -0.00697026 ; -0.00807115 ; 101.991;
14 ; 15 ; 32 ; -0.00187472 ; 0.011527 ; 0.00687871 ; 102.388;
15 ; 15 ; 32 ; 0.00358261 ; 0.00412692 ; -0.000398349 ; 101.935;
16 ; 15 ; 32 ; 0.00608611 ; 0.0015192 ; -0.0243845 ; 102.1;
17 ; 15 ; 32 ; -0.00539172 ; -0.00516359 ; -0.0150274 ; 102.095;
18 ; 15 ; 32 ; -0.00158643 ; -0.00856032 ; -0.00701414 ; 102.106;
19 ; 15 ; 32 ; -0.00324775 ; 0.0122966 ; -0.0179168 ; 102.541;
20 ; 15 ; 32 ; -0.00147129 ; 0.00365096 ; -0.000148898 ; 102.143;
21 ; 15 ; 32 ; 0.00999029 ; -0.00588135 ; -0.00883683 ; 101.938;
22 ; 15 ; 32 ; 0.00137 ; -0.0027729 ; -0.0115661 ; 102.467;
23 ; 15 ; 32 ; -0.00259512 ; 0.00965722 ; -0.00482676 ; 101.968;
24 ; 15 ; 32 ; -0.00491418 ; 0.00406046 ; -0.00696653 ; 102.291;
25 ; 15 ; 32 ; -0.0212165 ; -0.000949595 ; -0.00254581 ; 101.925;
26 ; 15 ; 32 ; -0.0122479 ; -0.0104947 ; -0.014499 ; 102.037;
27 ; 15 ; 32 ; -0.0121211 ; 0.00933315 ; -0.00533508 ; 101.915;
28 ; 15 ; 32 ; -0.0191791 ; -0.010347 ; -0.0131867 ; 102.541;
29 ; 15 ; 32 ; -0.0260668 ; 0.00791349 ; -0.00561744 ; 102.778;
30 ; 15 ; 32 ; -0.017855 ; 0.00765654 ; -0.0111483 ; 102.729;
31 ; 15 ; 32 ; -0.015698 ; -0.0094166 ; -0.0137576 ; 102.632;
32 ; 15 ; 32 ; -0.00955446 ; -0.0225135 ; -0.00749684 ; 103.072;
33 ; 15 ; 32 ; -0.00447384 ; 0.00119287 ; -0.00707473 ; 102.819;
4 ; 16 ; 32 ; 0.0023513 ; -0.00185594 ; -0.00222591 ; 102.865;
5 ; 16 ; 32 ; 0.0238719 ; 0.00623501 ; -0.00294766 ; 102.529;
6 ; 16 ; 32 ; 0.00921359 ; -0.00589658 ; -0.0236895 ; 102.691;
7 ; 16 ; 32 ; 0.0260448 ; 0.0144842 ; -0.0148991 ; 102.516;
8 ; 16 ; 32 ; 0.0190333 ; 0.00699516 ; 0.00140215 ; 102.669;
9 ; 16 ; 32 ; 0.0190127 ; 0.00525925 ; -0.00206106 ; 102.551;
10 ; 16 ; 32 ; -3.37067e-05 ; 0.0121576 ; -0.0203722 ; 102.325;
11 ; 16 ; 32 ; 0.0191189 ; -0.00242335 ; 0.0033979 ; 102.566;
12 ; 16 ; 32 ; 0.0107038 ; -0.00335419 ; -0.0193616 ; 102.312;
13 ; 16 ; 32 ; 0.00290783 ; -0.0115069 ; -0.0170192 ; 102.507;
14 ; 16 ; 32 ; -0.00411158 ; -0.00808469 ; -0.0185636 ; 102.171;
15 ; 16 ; 32 ; -0.000311392 ; -0.00525889 ; -0.0100847 ; 102.481;
16 ; 16 ; 32 ; 0.00567618 ; 0.00295979 ; -0.00450523 ; 101.72;
17 ; 16 ; 32 ; 0.0123853 ; 0.000987486 ; -0.0157598 ; 102.296;
18 ; 16 ; 32 ; 0.0119147 ; -0.00396031 ; -0.0238336 ; 101.805;
19 ; 16 ; 32 ; 0.00381733 ; -0.00488397 ; -0.00137627 ; 101.826;
20 ; 16 ; 32 ; 0.00280903 ; -0.00439517 ; -0.00303579 ; 102.129;
21 ; 16 ; 32 ; -0.00366428 ; 0.00777725 ; -0.0149086 ; 102.21;
22 ; 16 ; 32 ; 0.00255509 ; -0.010839 ; -0.0101642 ; 102.319;
23 ; 16 ; 32 ; 0.00105069 ; -0.00157578 ; 0.0105083 ; 102.644;
24 ; 16 ; 32 ; 0.000846641 ; -0.000883775 ; -0.0180961 ; 101.812;
25 ; 16 ; 32 ; -0.0144279 ; -0.00698996 ; -0.0108101 ; 102.306;
26 ; 16 ; 32 ; -0.0129429 ; 0.00314318 ; -0.0111353 ; 102.363;
27 ; 16 ; 32 ; -0.0238519 ; 0.00381229 ; -0.00384846 ; 102.476;
28 ; 16 ; 32 ; -0.0103324 ; -0.0148781 ; -0.0181698 ; 102.481;
29 ; 16 ; 32 ; -0.0190744 ; 0.00681618 ; 0.000319744 ; 102.156;
30 ; 16 ; 32 ; -0.0202216 ; 0.00626069 ; -0.0161983 ; 101.738;
31 ; 16 ; 32 ; -0.020409 ; -0.00335037 ; -0.00726841 ; 102.924;
32 ; 16 ; 32 ; -0.00706026 ; -0.00732846 ; -0.0172561 ; 102.905;
33 ; 16 ; 32 ; -0.0144542 ; -0.00081381 ; -0.0205568 ; 102.654;
4 ; 17 ; 32 ; 0.0221277 ; 0.0175606 ; 0.00417865 ; 103.121;
5 ; 17 ; 32 ; 0.0191557 ; -0.0145531 ; -0.00662272 ; 102.512;
6 ; 17 ; 32 ; 0.0196594 ; -0.0076492 ; -0.00841355 ; 102.318;
7 ; 17 ; 32 ; 0.0337167 ; -0.00579249 ; -0.00680911 ; 102.392;
8 ; 17 ; 32 ; 0.031895 ; -0.00689266 ; -0.00637605 ; 102.546;
9 ; 17 ; 32 ; 0.0285338 ; 0.00909694 ; -0.0117616 ; 102.195;
10 ; 17 ; 32 ; 0.0221786 ; 0.00291514 ; 0.0017334 ; 102.014;
11 ; 17 ; 32 ; 0.0149954 ; -0.00471045 ; -0.00856879 ; 101.938;
12 ; 17 ; 32 ; 0.00785314 ; -0.00854446 ; -0.0218999 ; 102.23;
13 ; 17 ; 32 ; 0.000829186 ; -0.00384115 ; -0.00243983 ; 101.882;
14 ; 17 ; 32 ; 0.0066203 ; -0.00512507 ; -0.0107166 ; 102.277;
15 ; 17 ; 32 ; -0.0050945 ; -0.00802475 ; -0.00948475 ; 102.093;
16 ; 17 ; 32 ; 0.00580021 ; -0.00588531 ; -0.00394709 ; 102.122;
17 ; 17 ; 32 ; 0.0175802 ; -0.0172326 ; -0.00830121 ; 102.19;
18 ; 17 ; 32 ; 0.00916819 ; 0.00196223 ; -0.0203766 ; 101.879;
19 ; 17 ; 32 ; -0.00773192 ; 0.0100189 ; -0.00108595 ; 102.168;
20 ; 17 ; 32 ; -0.00272172 ; 0.000388829 ; -0.0141467 ; 101.959;
21 ; 17 ; 32 ; -0.00701324 ; -0.00603026 ; -0.0201332 ; 101.638;
22 ; 17 ; 32 ; 0.000144065 ; -0.00347291 ; -0.0219948 ; 102.418;
23 ; 17 ; 32 ; -0.0121923 ; -0.00428975 ; -0.019614 ; 102.037;
24 ; 17 ; 32 ; -0.00249379 ; -0.000294421 ; -0.0162561 ; 102.255;
25 ; 17 ; 32 ; -0.00630633 ; -0.000742401 ; -0.0209231 ; 102.05;
26 ; 17 ; 32 ; -0.0200785 ; 0.00439327 ; -0.00928823 ; 102.497;
27 ; 17 ; 32 ; -0.0180357 ; -0.00263085 ; -0.0170806 ; 101.959;
28 ; 17 ; 32 ; -0.0100071 ; 0.00511727 ; -0.00643065 ; 102.143;
29 ; 17 ; 32 ; -0.0308005 ; 0.00138596 ; -0.0172969 ; 102.47;
30 ; 17 ; 32 ; -0.0269177 ; 0.00547347 ; -0.013764 ; 102.934;
31 ; 17 ; 32 ; -0.0168241 ; -0.000510403 ; -0.00969634 ; 101.912;
32 ; 17 ; 32 ; -0.00340597 ; -0.00387323 ; 0.000979803 ; 102.332;
33 ; 17 ; 32 ; -0.00587288 ; 0.00149887 ; -0.00838786 ; 102.536;
4 ; 18 ; 32 ; 0.00388316 ; -0.000563 ; -0.0147627 ; 102.378;
5 ; 18 ; 32 ; 0.00683536 ; 0.0103031 ; -0.0112153 ; 102.598;
6 ; 18 ; 32 ; 0.0204805 ; 0.00803157 ; -0.00655453 ; 102.913;
7 ; 18 ; 32 ; 0.0318799 ; 0.0074681 ; -0.0108412 ; 102.261;
8 ; 18 ; 32 ; 0.0172004 ; -0.00365531 ; -0.00149885 ; 102.32;
9 ; 18 ; 32 ; 0.0181353 ; 0.00169226 ; -0.00833004 ; 102.222;
10 ; 18 ; 32 ; 0.0227652 ; -0.00491257 ; -0.0141645 ; 102.635;
11 ; 18 ; 32 ; 0.0257991 ; -0.00696567 ; -0.0102446 ; 102.023;
12 ; 18 ; 32 ; 0.00984027 ; -0.0148783 ; -0.0135884 ; 102.178;
13 ; 18 ; 32 ; 0.00544942 ; -0.0127742 ; -0.0258785 ; 102.142;
14 ; 18 ; 32 ; 0.00448271 ; -0.00575365 ; -0.0054017 ; 101.878;
15 ; 18 ; 32 ; 0.00531589 ; -0.00694628 ; -0.018388 ; 102.196;
16 ; 18 ; 32 ; 0.014106 ; -0.00196257 ; -0.0260675 ; 102.06;
17 ; 18 ; 32 ; 0.0104631 ; -0.0162045 ; 0.00159533 ; 101.418;
18 ; 18 ; 32 ; 0.0017013 ; -0.00516288 ; -0.0193014 ; 101.84;
19 ; 18 ; 32 ; -0.0109603 ; -0.00437474 ; -0.0209867 ; 101.946;
20 ; 18 ; 32 ; -0.00247016 ; 0.00157259 ; -0.0210086 ; 101.886;
21 ; 18 ; 32 ; -0.00307831 ; 0.000707874 ; -0.0174399 ; 101.76;
22 ; 18 ; 32 ; 0.016509 ; 0.00427766 ; -0.0054998 ; 102.026;
23 ; 18 ; 32 ; 0.00838895 ; -0.00696905 ; -0.0152143 ; 102.665;
24 ; 18 ; 32 ; -0.00623156 ; 0.00342153 ; -0.0143507 ; 102.118;
25 ; 18 ; 32 ; -0.0101052 ; -0.00723388 ; -0.00576223 ; 101.948;
26 ; 18 ; 32 ; -0.00998544 ; 0.00059341 ; -0.000117339 ; 102.242;
27 ; 18 ; 32 ; -0.00554054 ; 0.00103756 ; -0.00974576 ; 102.556;
28 ; 18 ; 32 ; -0.019318 ; -0.0183756 ; -0.00393301 ; 102.441;
29 ; 18 ; 32 ; -0.0281828 ; -0.000785446 ; -0.016321 ; 102.884;
30 ; 18 ; 32 ; -0.0208559 ; -0.012756 ; -0.0112316 ; 102.863;
31 ; 18 ; 32 ; -0.0249379 ; 0.00594918 ; -0.0183576 ; 102.011;
32 ; 18 ; 32 ; -0.00966995 ; -0.00189898 ; -0.0113977 ; 102.705;
33 ; 18 ; 32 ; -0.0148279 ; 0.00312266 ; -0.00192063 ; 102.558;
4 ; 19 ; 32 ; 0.0082869 ; 0.00410989 ; -0.0117802 ; 103.013;
5 ; 19 ; 32 ; 0.0131431 ; 0.00608799 ; -0.0102845 ; 102.587;
6 ; 19 ; 32 ; 0.0213321 ; -0.0023489 ; -0.0129837 ; 102.281;
7 ; 19 ; 32 ; 0.0232392 ; 0.00776186 ; -0.00520677 ; 102.37;
8 ; 19 ; 32 ; 0.0317172 ; -0.00828021 ; -0.00748269 ; 102.755;
9 ; 19 ; 32 ; 0.0273593 ; 6.28796e-05 ; -0.0196392 ; 102.678;
10 ; 19 ; 32 ; 0.0217797 ; -0.00321679 ; -0.0118146 ; 102.245;
11 ; 19 ; 32 ; 0.024809 ; -0.0102364 ; -0.0205898 ; 102.303;
12 ; 19 ; 32 ; 0.0133236 ; 0.01031 ; -0.0202603 ; 102.6;
13 ; 19 ; 32 ; -0.0085114 ; -0.012331 ; -0.00745027 ; 101.972;
14 ; 19 ; 32 ; 0.01319 ; -0.00043148 ; -0.016611 ; 102.214;
15 ; 19 ; 32 ; 0.00553053 ; -0.0050008 ; -0.00770324 ; 101.612;
16 ; 19 ; 32 ; -0.00082957 ; 0.000622746 ; -0.0135128 ; 101.748;
17 ; 19 ; 32 ; -0.00768494 ; -0.00632792 ; -0.0177295 ; 102.164;
18 ; 19 ; 32 ; -0.00507966 ; -0.00501307 ; -0.00817611 ; 102.294;
19 ; 19 ; 32 ; -0.00337611 ; -0.00708374 ; -0.00245335 ; 101.285;
20 ; 19 ; 32 ; -0.0031717 ; 0.00496052 ; -0.0120193 ; 102.421;
21 ; 19 ; 32 ; 0.000944268 ; 0.0126237 ; -0.0204916 ; 102.126;
22 ; 19 ; 32 ; 0.00918675 ; -0.00446504 ; -0.013304 ; 102.123;
23 ; 19 ; 32 ; 0.000474961 ; 0.00953632 ; -0.00398055 ; 102.166;
24 ; 19 ; 32 ; -0.00204269 ; -0.00476492 ; -0.0215776 ; 101.995;
25 ; 19 ; 32 ; -0.0120658 ; 0.000363711 ; -0.000105327 ; 102.169;
26 ; 19 ; 32 ; -0.0142834 ; -0.00498467 ; -0.00475296 ; 101.795;
27 ; 19 ; 32 ; 0.000583806 ; 0.00376767 ; -0.010534 ; 102.697;
28 ; 19 ; 32 ; -0.0229645 ; 0.00508534 ; -0.0042279 ; 102.19;
29 ; 19 ; 32 ; -0.0145801 ; 0.00092785 ; -0.0106233 ; 102.568;
30 ; 19 ; 32 ; -0.00769537 ; 0.00104597 ; -0.00616138 ; 102.17;
31 ; 19 ; 32 ; -0.0180668 ; -0.00448059 ; -0.0150072 ; 102.68;
32 ; 19 ; 32 ; -0.0153737 ; -0.00851797 ; -0.00989965 ; 102.307;
33 ; 19 ; 32 ; -0.00482932 ; 0.0117019 ; -0.00946499 ; 102.97;
4 ; 20 ; 32 ; 0.0100769 ; 0.00271452 ; -0.0100152 ; 102.525;
5 ; 20 ; 32 ; 0.0099876 ; -0.00230876 ; -0.0112595 ; 102.529;
6 ; 20 ; 32 ; 0.0134681 ; 0.000916487 ; -0.00390163 ; 102.32;
7 ; 20 ; 32 ; 0.00633493 ; 0.00734189 ; -0.0238186 ; 102.4;
8 ; 20 ; 32 ; 0.0205279 ; -0.00605632 ; -0.0139212 ; 102.91;
9 ; 20 ; 32 ; 0.0113719 ; -0.00534472 ; -0.0123919 ; 102.677;
10 ; 20 ; 32 ; 0.0298083 ; 0.0018288 ; -0.0146234 ; 102.455;
11 ; 20 ; 32 ; 0.0189787 ; -0.01253 ; -0.00753361 ; 102.743;
12 ; 20 ; 32 ; -0.00205638 ; -0.00302487 ; -0.0192152 ; 102.269;
13 ; 20 ; 32 ; 0.00426459 ; 0.00308302 ; -0.010428 ; 102.412;
14 ; 20 ; 32 ; 0.0160693 ; -0.00270121 ; -0.00103085 ; 102.278;
15 ; 20 ; 32 ; -0.00402506 ; 0.00111161 ; -0.0208778 ; 101.944;
16 ; 20 ; 32 ; -0.00667004 ; 0.0109167 ; -0.0151319 ; 102.173;
17 ; 20 ; 32 ; -0.0109136 ; -0.00626872 ; -0.0218284 ; 101.993;
18 ; 20 ; 32 ; -0.00546297 ; 0.00445712 ; -0.0134683 ; 101.99;
19 ; 20 ; 32 ; -0.00340141 ; -0.00478538 ; -0.0101152 ; 102.22;
20 ; 20 ; 32 ; -0.00392807 ; 0.00662389 ; -0.0140033 ; 101.96;
21 ; 20 ; 32 ; -0.00307244 ; 0.0113892 ; -0.0138064 ; 102.021;
22 ; 20 ; 32 ; -0.000292862 ; -0.00266839 ; -0.0201934 ; 102.166;
23 ; 20 ; 32 ; -0.0131838 ; -0.00490851 ; -0.021231 ; 102.159;
24 ; 20 ; 32 ; -0.00561841 ; 0.00250438 ; -0.0110381 ; 101.948;
25 ; 20 ; 32 ; -0.0140986 ; 0.00865558 ; -0.0169264 ; 102.061;
26 ; 20 ; 32 ; -0.0220534 ; 0.0148457 ; -0.0114781 ; 102.274;
27 ; 20 ; 32 ; -0.0140722 ; 0.000661434 ; -0.0146642 ; 102.307;
28 ; 20 ; 32 ; -0.014165 ; -0.00392305 ; -0.0155824 ; 102.624;
29 ; 20 ; 32 ; -0.0103937 ; 0.00343227 ; -0.00824307 ; 102.566;
30 ; 20 ; 32 ; -0.0280594 ; 0.00427396 ; -0.00917521 ; 102.322;
31 ; 20 ; 32 ; -0.0252372 ; -0.00100795 ; -0.0019001 ; 102.956;
32 ; 20 ; 32 ; -0.00629706 ; -0.00246203 ; -0.00745264 ; 102.571;
33 ; 20 ; 32 ; -0.00998382 ; 0.00381652 ; -0.0153776 ; 102.451;
4 ; 21 ; 32 ; 0.00180091 ; -0.00943988 ; -0.00687333 ; 102.311;
5 ; 21 ; 32 ; 0.00431677 ; -0.00552123 ; -0.0188328 ; 102.079;
6 ; 21 ; 32 ; 0.0194091 ; -0.006901 ; 0.000671394 ; 102.216;
7 ; 21 ; 32 ; 0.0208157 ; 0.0104677 ; -0.00669647 ; 101.928;
8 ; 21 ; 32 ; 0.014797 ; 0.00359625 ; -0.00498018 ; 102.751;
9 ; 21 ; 32 ; 0.0217217 ; -0.00465833 ; -0.0203842 ; 101.899;
10 ; 21 ; 32 ; 0.0241858 ; -0.00999279 ; 0.00159099 ; 102.467;
11 ; 21 ; 32 ; 0.011801 ; 0.00521552 ; -0.0070141 ; 102.524;
12 ; 21 ; 32 ; 0.0184355 ; -0.0145571 ; -0.013528 ; 102.263;
13 ; 21 ; 32 ; 0.00788361 ; 0.000993924 ; -0.0096024 ; 101.905;
14 ; 21 ; 32 ; -0.0115727 ; -0.000639004 ; -0.0122821 ; 101.881;
15 ; 21 ; 32 ; -0.00551218 ; -0.00759133 ; -0.0243994 ; 102.285;
16 ; 21 ; 32 ; -0.00350224 ; 0.00174032 ; -0.016391 ; 102.103;
17 ; 21 ; 32 ; -0.00687106 ; 0.0105751 ; -0.0132116 ; 101.941;
18 ; 21 ; 32 ; 0.0202472 ; -0.00330385 ; -0.0036817 ; 102.149;
19 ; 21 ; 32 ; -0.0126156 ; -0.00223043 ; -0.0169495 ; 101.993;
20 ; 21 ; 32 ; -0.00741533 ; 0.00516565 ; -0.0263657 ; 102.706;
21 ; 21 ; 32 ; -0.00214652 ; 0.0112674 ; -0.0326314 ; 101.494;
22 ; 21 ; 32 ; -0.00311885 ; 0.0130405 ; -0.0151903 ; 102.34;
23 ; 21 ; 32 ; -0.0050043 ; 0.00167634 ; -0.0112331 ; 102.032;
24 ; 21 ; 32 ; -0.00575394 ; -0.000549773 ; -0.0100945 ; 102.378;
25 ; 21 ; 32 ; -0.00746497 ; 0.0133721 ; -0.00146256 ; 102.03;
26 ; 21 ; 32 ; -0.0117692 ; 0.00480407 ; -0.0181094 ; 102.251;
27 ; 21 ; 32 ; -0.0247502 ; 0.00408281 ; -0.00863355 ; 102.293;
28 ; 21 ; 32 ; -0.0253944 ; 0.00130352 ; -0.0188064 ; 102.415;
29 ; 21 ; 32 ; -0.0173194 ; -0.00125125 ; 0.00104589 ; 102.478;
30 ; 21 ; 32 ; -0.0160304 ; -0.0061631 ; -0.00505968 ; 102.744;
31 ; 21 ; 32 ; -0.0129989 ; 0.0017779 ; 0.00833995 ; 102.577;
32 ; 21 ; 32 ; 0.00841046 ; -3.98844e-05 ; -0.00202934 ; 103.181;
33 ; 21 ; 32 ; -0.00859608 ; 0.00162459 ; -0.016468 ; 102.309;
4 ; 22 ; 32 ; 0.0166391 ; -0.0041302 ; -0.00658484 ; 102.912;
5 ; 22 ; 32 ; 0.00750225 ; 0.00412411 ; -0.011396 ; 102.407;
6 ; 22 ; 32 ; 0.0164905 ; 0.0135124 ; -0.0189424 ; 102.623;
7 ; 22 ; 32 ; 0.0172517 ; 0.00294544 ; -0.0146959 ; 102.268;
8 ; 22 ; 32 ; 0.0302207 ; 0.0094277 ; -0.012173 ; 102.607;
9 ; 22 ; 32 ; 0.0274165 ; 0.0166733 ; -0.0134264 ; 102.825;
10 ; 22 ; 32 ; 0.0231101 ; 0.00471776 ; -0.0077798 ; 102.403;
11 ; 22 ; 32 ; 0.0140582 ; 0.00366026 ; -0.0206745 ; 102.612;
12 ; 22 ; 32 ; 0.00912595 ; -7.10932e-05 ; -0.014661 ; 102.321;
13 ; 22 ; 32 ; 0.0100351 ; -0.00531337 ; -0.0049073 ; 102.455;
14 ; 22 ; 32 ; 0.00321135 ; -0.00300373 ; -0.004085 ; 101.838;
15 ; 22 ; 32 ; 0.000154598 ; -0.00121451 ; -0.0147598 ; 102.573;
16 ; 22 ; 32 ; -0.00594091 ; -0.00318842 ; -0.0332062 ; 101.657;
17 ; 22 ; 32 ; -0.00622131 ; -0.00953054 ; -0.0231226 ; 102.299;
18 ; 22 ; 32 ; 0.00813534 ; -0.00988831 ; -0.0152136 ; 102.022;
19 ; 22 ; 32 ; -0.00215897 ; 0.00535062 ; -0.00990547 ; 101.848;
20 ; 22 ; 32 ; 0.000717472 ; -0.00612318 ; -0.00429202 ; 102.188;
21 ; 22 ; 32 ; 0.0114973 ; 0.0091143 ; -0.0130379 ; 102.317;
22 ; 22 ; 32 ; 0.0058667 ; -0.00730263 ; -0.00774358 ; 101.989;
23 ; 22 ; 32 ; -0.00576877 ; 0.00302229 ; 0.00171635 ; 102.192;
24 ; 22 ; 32 ; -0.00385541 ; 0.00321254 ; -0.00363603 ; 101.662;
25 ; 22 ; 32 ; -0.00882583 ; -0.00801878 ; -0.0221093 ; 102.416;
26 ; 22 ; 32 ; -0.0129416 ; 0.0119383 ; -0.00123516 ; 102.126;
27 ; 22 ; 32 ; -0.0279697 ; -0.00944229 ; -0.00649714 ; 101.91;
28 ; 22 ; 32 ; -0.0262392 ; 0.00760476 ; -0.0126544 ; 102.36;
29 ; 22 ; 32 ; -0.0153604 ; -0.000480131 ; -0.0086071 ; 102.322;
30 ; 22 ; 32 ; -0.0259559 ; -0.00362938 ; -0.00498224 ; 102.907;
31 ; 22 ; 32 ; -0.00793125 ; 0.00501799 ; -0.00953693 ; 102.126;
32 ; 22 ; 32 ; -0.0163443 ; -0.00164102 ; -0.0165947 ; 102.493;
33 ; 22 ; 32 ; -0.00985163 ; 0.016733 ; -0.00317602 ; 102.944;
4 ; 23 ; 32 ; 0.0105515 ; -0.00333051 ; -0.0106289 ; 102.661;
5 ; 23 ; 32 ; 0.00671793 ; 0.00455644 ; -0.00853256 ; 103.107;
6 ; 23 ; 32 ; 0.0209324 ; 0.00393627 ; -0.0222165 ; 102.541;
7 ; 23 ; 32 ; 0.0171893 ; 0.00459848 ; -0.0168878 ; 102.449;
8 ; 23 ; 32 ; 0.0221733 ; -0.0198853 ; 0.00641938 ; 102.85;
9 ; 23 ; 32 ; 0.0138731 ; 0.00242869 ; -0.00723674 ; 102.695;
10 ; 23 ; 32 ; 0.0403795 ; 0.00185923 ; 0.000580518 ; 102.207;
11 ; 23 ; 32 ; 0.014117 ; 0.000177927 ; -0.00531658 ; 102.201;
12 ; 23 ; 32 ; 0.0120802 ; -0.00134615 ; -0.00838992 ; 102.075;
13 ; 23 ; 32 ; -0.0015652 ; -0.00347328 ; 0.0031381 ; 102.219;
14 ; 23 ; 32 ; -0.00226208 ; -0.0133015 ; -0.000227943 ; 102.079;
15 ; 23 ; 32 ; 0.00570775 ; -0.00108816 ; -0.0169724 ; 102.533;
16 ; 23 ; 32 ; -0.0151583 ; 0.00134504 ; -0.0276509 ; 102.256;
17 ; 23 ; 32 ; -0.00354973 ; -0.00762552 ; -0.0102706 ; 102.342;
18 ; 23 ; 32 ; -0.00114127 ; -0.016598 ; -0.00625161 ; 101.68;
19 ; 23 ; 32 ; -0.00416436 ; -0.00320126 ; -0.0174243 ; 101.863;
20 ; 23 ; 32 ; -0.00720273 ; 0.00318213 ; -0.0064888 ; 102.013;
21 ; 23 ; 32 ; 0.00371738 ; -0.00729326 ; -0.0209034 ; 102.188;
22 ; 23 ; 32 ; -0.00352331 ; -0.0121662 ; -0.0130642 ; 101.874;
23 ; 23 ; 32 ; -0.0132499 ; -0.00596207 ; -0.0156763 ; 102.108;
24 ; 23 ; 32 ; -0.0220999 ; 0.00317041 ; -0.0126723 ; 102.019;
25 ; 23 ; 32 ; -0.0174981 ; 0.000648001 ; -0.015886 ; 102.587;
26 ; 23 ; 32 ; -0.0151802 ; 0.0116718 ; -0.00707568 ; 102.435;
27 ; 23 ; 32 ; -0.0107509 ; -0.00572338 ; -0.0121849 ; 102.408;
28 ; 23 ; 32 ; -0.00915178 ; -0.00556469 ; -0.0125569 ; 102.887;
29 ; 23 ; 32 ; -0.0141201 ; 0.0105873 ; -0.00364768 ; 102.13;
30 ; 23 ; 32 ; -0.0185645 ; -0.00088095 ; -0.00814797 ; 102.488;
31 ; 23 ; 32 ; -0.0245011 ; -0.015287 ; -0.0196581 ; 102.628;
32 ; 23 ; 32 ; 0.00395313 ; -0.00672934 ; -0.0100216 ; 102.423;
33 ; 23 ; 32 ; -0.00546479 ; 0.0102611 ; 0.00279592 ; 102.482;
4 ; 24 ; 32 ; -0.00110938 ; -0.0153063 ; 0.00522503 ; 102.452;
5 ; 24 ; 32 ; 0.00959936 ; -0.00942597 ; -0.0133464 ; 103.169;
6 ; 24 ; 32 ; 0.0207747 ; 0.0017849 ; -0.00444672 ; 102.743;
7 ; 24 ; 32 ; 0.0140669 ; -0.00684124 ; -0.0205145 ; 102.453;
8 ; 24 ; 32 ; 0.0160935 ; 0.000702035 ; -0.010633 ; 102.952;
9 ; 24 ; 32 ; 0.014146 ; -0.00972076 ; -0.00500223 ; 103.017;
10 ; 24 ; 32 ; 0.0182102 ; -0.013369 ; -0.0101829 ; 102.779;
11 ; 24 ; 32 ; 0.0112343 ; -0.00543867 ; -0.0129132 ; 102.558;
12 ; 24 ; 32 ; 0.00827073 ; -0.00835367 ; -0.00667012 ; 102.535;
13 ; 24 ; 32 ; -0.00784077 ; -0.00391334 ; -0.00419631 ; 102.373;
14 ; 24 ; 32 ; 0.010393 ; -0.00782961 ; -0.00388939 ; 102.552;
15 ; 24 ; 32 ; 0.00377547 ; 0.00870863 ; -0.0253382 ; 101.917;
16 ; 24 ; 32 ; 0.000667525 ; 0.00337637 ; -0.0049386 ; 101.996;
17 ; 24 ; 32 ; 0.00372403 ; -0.0070974 ; -0.0107787 ; 102.338;
18 ; 24 ; 32 ; 0.00280576 ; -0.0156326 ; -0.00457195 ; 102.631;
19 ; 24 ; 32 ; 0.00866132 ; -0.0191642 ; -0.0089689 ; 102.293;
20 ; 24 ; 32 ; -0.00736865 ; -0.00356505 ; -0.000596703 ; 102.042;
21 ; 24 ; 32 ; 0.00708358 ; -0.0196982 ; -0.0217988 ; 102.049;
22 ; 24 ; 32 ; 0.00828791 ; -0.00134042 ; -0.0174023 ; 101.871;
23 ; 24 ; 32 ; -0.0164797 ; -0.0108149 ; -0.000279162 ; 102.012;
24 ; 24 ; 32 ; 0.00971921 ; -0.0066238 ; -0.0159021 ; 102.514;
25 ; 24 ; 32 ; -0.00253325 ; 0.00245354 ; -0.00995218 ; 102.162;
26 ; 24 ; 32 ; -0.00688317 ; -0.00174973 ; 0.000587486 ; 102.165;
27 ; 24 ; 32 ; -0.0232339 ; 0.0133239 ; -0.012653 ; 102.909;
28 ; 24 ; 32 ; -0.0109646 ; -0.00591102 ; -0.00630355 ; 102.967;
29 ; 24 ; 32 ; -0.0278607 ; -0.00558896 ; 0.00842994 ; 102.613;
30 ; 24 ; 32 ; -0.0184506 ; 0.00525589 ; -0.00648069 ; 102.505;
31 ; 24 ; 32 ; -0.0178258 ; -0.0067983 ; -0.00806351 ; 102.528;
32 ; 24 ; 32 ; -0.00480384 ; -0.00897153 ; -0.00907183 ; 103.185;
33 ; 24 ; 32 ; -0.0075953 ; 0.00568414 ; -0.011442 ; 102.782;
4 ; 25 ; 32 ; -0.00857135 ; -0.0118254 ; 0.000641034 ; 102.807;
5 ; 25 ; 32 ; 0.00125123 ; -0.0138773 ; -0.00562586 ; 102.817;
6 ; 25 ; 32 ; 0.0220203 ; -0.00865972 ; -0.0044745 ; 102.778;
7 ; 25 ; 32 ; 0.00595488 ; -0.00411136 ; 0.000515845 ; 102.671;
8 ; 25 ; 32 ; 0.0182951 ; -0.00356757 ; -0.00892162 ; 103.019;
9 ; 25 ; 32 ; 0.0165958 ; -0.00419101 ; -0.0186564 ; 102.328;
10 ; 25 ; 32 ; 0.00677123 ; -0.0105879 ; -0.00739617 ; 102.568;
11 ; 25 ; 32 ; 0.00683737 ; -0.0155103 ; -0.0172777 ; 102.64;
12 ; 25 ; 32 ; 0.00644401 ; 0.000383987 ; -0.0152185 ; 102.395;
13 ; 25 ; 32 ; -0.00469503 ; -0.00317383 ; -0.00314251 ; 102.356;
14 ; 25 ; 32 ; 0.0107212 ; -0.0257606 ; -0.0127875 ; 102.505;
15 ; 25 ; 32 ; -0.000648223 ; -0.00650548 ; -0.00828998 ; 101.971;
16 ; 25 ; 32 ; 0.00221723 ; -0.00876613 ; -0.0102043 ; 102.302;
17 ; 25 ; 32 ; -8.89547e-05 ; -0.0133379 ; -0.0321734 ; 102.387;
18 ; 25 ; 32 ; 0.00307061 ; -0.00710836 ; -0.0190376 ; 102.391;
19 ; 25 ; 32 ; 0.0107116 ; -0.0189767 ; -0.0156554 ; 102.139;
20 ; 25 ; 32 ; -0.000355233 ; -0.0213994 ; -0.0170852 ; 101.908;
21 ; 25 ; 32 ; 0.00311002 ; -0.0210057 ; -0.00715753 ; 102.479;
22 ; 25 ; 32 ; 0.00659809 ; 0.00234703 ; -0.0152187 ; 102.223;
23 ; 25 ; 32 ; 0.000166945 ; -0.0117169 ; -0.00599811 ; 102.492;
24 ; 25 ; 32 ; -0.00385017 ; -0.0114955 ; -0.0118484 ; 101.907;
25 ; 25 ; 32 ; -0.0195656 ; -0.0191051 ; -0.0110166 ; 102.517;
26 ; 25 ; 32 ; -0.0207655 ; 0.00312267 ; -0.0105492 ; 102.693;
27 ; 25 ; 32 ; -0.0260879 ; 0.00795377 ; -0.0171191 ; 102.961;
28 ; 25 ; 32 ; -0.0207517 ; -0.00217029 ; -0.0119742 ; 102.331;
29 ; 25 ; 32 ; -0.0121017 ; -0.0132082 ; -0.0057375 ; 103.03;
30 ; 25 ; 32 ; -0.0189139 ; -0.0020588 ; -0.00769905 ; 102.545;
31 ; 25 ; 32 ; -0.0152635 ; -0.00840299 ; 0.000677201 ; 102.716;
32 ; 25 ; 32 ; -0.00624856 ; 0.00183584 ; -0.0173014 ; 103.041;
33 ; 25 ; 32 ; 0.00580148 ; -0.00168396 ; -0.0202567 ; 102.361;
4 ; 26 ; 32 ; -0.00382548 ; -0.00746945 ; -0.00811647 ; 102.538;
5 ; 26 ; 32 ; 0.0137849 ; -0.010604 ; 0.00244334 ; 103.312;
6 ; 26 ; 32 ; 0.0124932 ; -0.0123446 ; -0.00936629 ; 103.177;
7 ; 26 ; 32 ; 0.0167822 ; -0.00607278 ; -0.00585701 ; 102.793;
8 ; 26 ; 32 ; 0.0132527 ; -0.00425218 ; 0.00515465 ; 102.887;
9 ; 26 ; 32 ; 0.0238314 ; -0.0185839 ; 0.00455611 ; 102.507;
10 ; 26 ; 32 ; 0.0106001 ; -0.00686216 ; -0.00287966 ; 102.481;
11 ; 26 ; 32 ; 0.00281574 ; -0.0121716 ; -0.0155074 ; 102.369;
12 ; 26 ; 32 ; 0.00107804 ; -0.00609128 ; -0.00398574 ; 102.532;
13 ; 26 ; 32 ; 0.00214297 ; -0.0190421 ; 0.00342479 ; 102.96;
14 ; 26 ; 32 ; -0.00847442 ; -0.020294 ; -0.0170587 ; 102.71;
15 ; 26 ; 32 ; 0.0015518 ; -0.0170323 ; 0.0117515 ; 102.409;
16 ; 26 ; 32 ; -0.00765547 ; -0.0166678 ; -0.0163897 ; 102.35;
17 ; 26 ; 32 ; -0.0118991 ; -0.0238176 ; -0.014711 ; 101.882;
18 ; 26 ; 32 ; 0.000208867 ; -0.0237673 ; -0.0164974 ; 102.253;
19 ; 26 ; 32 ; 0.00267449 ; -0.00770902 ; -0.000967321 ; 102.693;
20 ; 26 ; 32 ; 0.0022243 ; -0.0127934 ; -0.0102874 ; 102.372;
21 ; 26 ; 32 ; 0.0133858 ; -0.0191206 ; -0.0135973 ; 102.147;
22 ; 26 ; 32 ; 0.004557 ; -0.012922 ; -0.033171 ; 101.996;
23 ; 26 ; 32 ; -0.0031209 ; -0.0175349 ; -0.011039 ; 102.539;
24 ; 26 ; 32 ; -0.00229429 ; -0.0148254 ; -0.00454103 ; 102.06;
25 ; 26 ; 32 ; 0.00577178 ; -0.0225459 ; -0.0106875 ; 102.658;
26 ; 26 ; 32 ; -0.0169676 ; -0.00286531 ; 0.00112316 ; 102.213;
27 ; 26 ; 32 ; -0.0127472 ; -0.0138066 ; -0.00291189 ; 102.739;
28 ; 26 ; 32 ; -0.0189581 ; -0.00581957 ; -0.000269258 ; 103.314;
29 ; 26 ; 32 ; -0.0249174 ; -0.0126707 ; -0.0055566 ; 103.064;
30 ; 26 ; 32 ; -0.0069693 ; -0.0109805 ; -0.00536938 ; 103.211;
31 ; 26 ; 32 ; -0.008737 ; 0.00123448 ; -0.00120573 ; 102.81;
32 ; 26 ; 32 ; -0.00137869 ; -0.0077423 ; -0.0159902 ; 102.86;
33 ; 26 ; 32 ; -0.00417885 ; -0.0230953 ; -0.00160866 ; 102.843;
4 ; 27 ; 32 ; 0.0082617 ; -0.00931849 ; -0.0103653 ; 102.79;
5 ; 27 ; 32 ; 0.00818022 ; -0.0109488 ; 0.00176567 ; 103.011;
6 ; 27 ; 32 ; 0.0206562 ; -0.0110242 ; 0.00274572 ; 102.954;
7 ; 27 ; 32 ; 0.0113884 ; -0.0109098 ; -0.00957732 ; 102.602;
8 ; 27 ; 32 ; 0.0213844 ; -0.0194521 ; -0.00346364 ; 102.3;
9 ; 27 ; 32 ; 0.0184426 ; -0.00562587 ; -0.0126907 ; 103.021;
10 ; 27 ; 32 ; 0.000507944 ; -0.00199318 ; -0.00230017 ; 102.724;
11 ; 27 ; 32 ; 0.01114 ; -0.0119006 ; -0.0057957 ; 102.48;
12 ; 27 ; 32 ; 0.0151809 ; -0.0164651 ; 0.00247832 ; 102.269;
13 ; 27 ; 32 ; 0.0154584 ; -0.0268946 ; 0.00247254 ; 102.783;
14 ; 27 ; 32 ; -0.000835047 ; -0.0222918 ; -0.0113577 ; 102.294;
15 ; 27 ; 32 ; 0.00640399 ; -0.0201681 ; -0.0114134 ; 102.169;
16 ; 27 ; 32 ; -0.00372499 ; -0.0169033 ; -0.00815506 ; 102.478;
17 ; 27 ; 32 ; 0.000970783 ; 0.00231069 ; 0.00322373 ; 102.585;
18 ; 27 ; 32 ; -0.000757204 ; -0.0200996 ; -0.00998427 ; 101.755;
19 ; 27 ; 32 ; -0.0114111 ; -0.0159741 ; -0.0131492 ; 102.194;
20 ; 27 ; 32 ; 0.00268437 ; -0.00920686 ; -0.0165392 ; 102.173;
21 ; 27 ; 32 ; -0.0051921 ; -0.0183521 ; -0.0142815 ; 102.345;
22 ; 27 ; 32 ; -0.00366989 ; -0.0088824 ; -0.0115811 ; 102.105;
23 ; 27 ; 32 ; -0.0231562 ; -0.0202562 ; 0.00117305 ; 102.173;
24 ; 27 ; 32 ; -0.00681686 ; -0.0308091 ; 0.00120936 ; 102.812;
25 ; 27 ; 32 ; -0.00298554 ; -0.0261697 ; -0.00339559 ; 102.678;
26 ; 27 ; 32 ; -0.00793284 ; -0.0137063 ; -0.012578 ; 102.313;
27 ; 27 ; 32 ; -0.00122087 ; -0.00745384 ; -0.0093547 ; 102.136;
28 ; 27 ; 32 ; -0.00694573 ; -0.0172121 ; -0.000317035 ; 102.822;
29 ; 27 ; 32 ; -0.0143922 ; -0.00446355 ; -0.00513975 ; 102.462;
30 ; 27 ; 32 ; -0.0114838 ; -0.0164548 ; -0.0124865 ; 102.171;
31 ; 27 ; 32 ; -8.7262e-05 ; -0.0191487 ; -0.022585 ; 102.982;
32 ; 27 ; 32 ; -0.0203057 ; -0.0238384 ; -0.014371 ; 102.726;
33 ; 27 ; 32 ; -0.00932721 ; -0.000330525 ; -0.00562353 ; 102.571;
4 ; 28 ; 32 ; 0.00762654 ; -0.00163456 ; -0.0133425 ; 102.838;
5 ; 28 ; 32 ; 0.00529474 ; -0.0111871 ; -0.00461271 ; 102.948;
6 ; 28 ; 32 ; -0.00045731 ; -0.0101119 ; -0.00960416 ; 103.179;
7 ; 28 ; 32 ; 0.013753 ; -0.012364 ; -0.0103398 ; 102.68;
8 ; 28 ; 32 ; 0.026099 ; -0.0260039 ; -0.00924158 ; 102.984;
9 ; 28 ; 32 ; 0.0174414 ; -0.0115496 ; -0.0093929 ; 103.106;
10 ; 28 ; 32 ; 0.00751173 ; -0.0171553 ; 0.00723395 ; 102.515;
11 ; 28 ; 32 ; 0.0107068 ; -0.0197802 ; -0.0175418 ; 102.759;
12 ; 28 ; 32 ; -0.00233439 ; -0.0121333 ; -0.0125557 ; 102.857;
13 ; 28 ; 32 ; 0.00325947 ; -0.0340817 ; -0.0107464 ; 102.338;
14 ; 28 ; 32 ; -0.00155402 ; -0.01735 ; 0.000437543 ; 102.936;
15 ; 28 ; 32 ; -0.00580531 ; -0.00456511 ; 0.00140663 ; 102.539;
16 ; 28 ; 32 ; -0.00569771 ; -0.0303558 ; 0.00322612 ; 102.585;
17 ; 28 ; 32 ; -0.00768011 ; -0.016728 ; -0.00895119 ; 102.092;
18 ; 28 ; 32 ; -0.0143734 ; -0.0259933 ; -0.00954431 ; 102.474;
19 ; 28 ; 32 ; 0.00694677 ; -0.0152907 ; -0.0156736 ; 102.592;
20 ; 28 ; 32 ; -0.00158168 ; -0.0270894 ; 0.00899034 ; 102.294;
21 ; 28 ; 32 ; -0.00033342 ; -0.0153968 ; 0.00110888 ; 102.592;
22 ; 28 ; 32 ; 0.00181684 ; -0.0190121 ; -0.000808495 ; 102.354;
23 ; 28 ; 32 ; -0.00253752 ; -0.0195613 ; -0.0162327 ; 102.349;
24 ; 28 ; 32 ; -0.0170513 ; -0.0169411 ; -0.0187332 ; 102.36;
25 ; 28 ; 32 ; -0.00511568 ; -0.0251839 ; -0.00634358 ; 103.133;
26 ; 28 ; 32 ; -0.00331111 ; -0.016753 ; -0.00550318 ; 102.326;
27 ; 28 ; 32 ; -0.0152189 ; -0.0194634 ; -0.00127677 ; 102.938;
28 ; 28 ; 32 ; -0.0202671 ; -0.0256225 ; -0.0066026 ; 102.266;
29 ; 28 ; 32 ; -0.0109267 ; -0.0125151 ; -0.00900232 ; 103.071;
30 ; 28 ; 32 ; -0.00783823 ; -0.0103538 ; -0.00968555 ; 102.699;
31 ; 28 ; 32 ; -0.00140458 ; -0.0222382 ; -0.0244241 ; 102.918;
32 ; 28 ; 32 ; -0.00592274 ; -0.0237908 ; -0.000696776 ; 103.044;
33 ; 28 ; 32 ; 0.00857782 ; -0.0198288 ; -0.00844777 ; 102.563;
4 ; 29 ; 32 ; -0.000679155 ; -0.00879464 ; -0.00617747 ; 102.777;
5 ; 29 ; 32 ; -0.000159375 ; -0.023765 ; -0.0124832 ; 102.804;
6 ; 29 ; 32 ; 0.00521515 ; 0.0035262 ; -0.0074086 ; 102.502;
7 ; 29 ; 32 ; 0.00939341 ; -0.0214011 ; 0.00661878 ; 102.868;
8 ; 29 ; 32 ; -0.00277648 ; -0.0113225 ; -0.0109851 ; 102.763;
9 ; 29 ; 32 ; 0.00828938 ; -0.0221464 ; -0.00465486 ; 103.583;
10 ; 29 ; 32 ; 0.0112303 ; -0.0189078 ; -0.00121835 ; 102.857;
11 ; 29 ; 32 ; 0.0257221 ; -0.0178977 ; 0.00138832 ; 102.939;
12 ; 29 ; 32 ; 0.00829323 ; -0.0132763 ; -0.00914626 ; 102.717;
13 ; 29 ; 32 ; 0.00299586 ; -0.0227429 ; 0.00182366 ; 102.399;
14 ; 29 ; 32 ; 0.00813364 ; -0.0172777 ; -0.010241 ; 102.406;
15 ; 29 ; 32 ; -0.00846047 ; -0.00814059 ; -0.0191981 ; 102.676;
16 ; 29 ; 32 ; -0.00977705 ; -0.0237326 ; -0.0136802 ; 102.486;
17 ; 29 ; 32 ; 0.00174269 ; -0.0200147 ; -0.00558465 ; 102.585;
18 ; 29 ; 32 ; 0.00274559 ; -0.0236296 ; -0.0104922 ; 102.702;
19 ; 29 ; 32 ; -0.00297021 ; -0.0134424 ; -0.0219753 ; 102.761;
20 ; 29 ; 32 ; 0.00630569 ; -0.00826254 ; -0.0119275 ; 102.468;
21 ; 29 ; 32 ; 0.0120741 ; -0.0176675 ; -0.0103032 ; 102.407;
22 ; 29 ; 32 ; 0.0251053 ; -0.0199897 ; -0.00648988 ; 102.752;
23 ; 29 ; 32 ; 0.00697672 ; -0.0371644 ; -0.0148593 ; 102.662;
24 ; 29 ; 32 ; 0.00521298 ; -0.0246832 ; -0.0116523 ; 102.582;
25 ; 29 ; 32 ; -0.00807767 ; -0.0208853 ; -0.00549312 ; 102.564;
26 ; 29 ; 32 ; -0.012378 ; -0.0216346 ; -0.00633121 ; 102.933;
27 ; 29 ; 32 ; -0.011758 ; -0.0138577 ; -0.0114601 ; 102.892;
28 ; 29 ; 32 ; -0.00995692 ; -0.023488 ; -0.00145932 ; 103.063;
29 ; 29 ; 32 ; -0.0144657 ; -0.01081 ; -0.0116172 ; 102.908;
30 ; 29 ; 32 ; -0.011164 ; -0.0181102 ; -0.00797313 ; 103.048;
31 ; 29 ; 32 ; -0.0109641 ; -0.0148058 ; 0.00618115 ; 103.143;
32 ; 29 ; 32 ; -0.00966511 ; -0.0213104 ; 0.000973863 ; 103.483;
33 ; 29 ; 32 ; 0.0129502 ; -0.018144 ; -0.0062618 ; 103.04;
4 ; 30 ; 32 ; -0.00134419 ; -0.00557845 ; -0.00432218 ; 103.051;
5 ; 30 ; 32 ; 0.0110343 ; -0.0176727 ; 0.000226906 ; 102.755;
6 ; 30 ; 32 ; 0.0143275 ; -0.0196757 ; -0.00321997 ; 102.887;
7 ; 30 ; 32 ; -0.00173201 ; -0.0161605 ; 0.00681665 ; 102.974;
8 ; 30 ; 32 ; 0.00650769 ; -0.00388342 ; -0.0110939 ; 102.924;
9 ; 30 ; 32 ; 0.00461475 ; -0.0186695 ; 0.000978271 ; 102.951;
10 ; 30 ; 32 ; 0.0105351 ; -0.0236503 ; -0.0181945 ; 102.441;
11 ; 30 ; 32 ; -0.0079226 ; -0.0234499 ; 0.00163978 ; 102.725;
12 ; 30 ; 32 ; 0.00957801 ; -0.0136457 ; 0.00766203 ; 103.013;
13 ; 30 ; 32 ; -0.00482609 ; -0.0184886 ; -0.00598317 ; 102.69;
14 ; 30 ; 32 ; 0.00715016 ; -0.0197838 ; -0.0149772 ; 102.376;
15 ; 30 ; 32 ; -0.0125562 ; -0.0162613 ; -0.00495308 ; 102.774;
16 ; 30 ; 32 ; -0.00238227 ; -0.00942209 ; -0.00797245 ; 102.46;
17 ; 30 ; 32 ; -0.0151242 ; -0.0189687 ; -0.0182454 ; 102.557;
18 ; 30 ; 32 ; -0.00930125 ; -0.0180042 ; -0.0241537 ; 102.43;
19 ; 30 ; 32 ; 0.00659641 ; -0.0259936 ; -0.0145119 ; 102.628;
20 ; 30 ; 32 ; 0.012479 ; -0.0244736 ; -0.000797903 ; 102.419;
21 ; 30 ; 32 ; -0.0022269 ; -0.0321823 ; -0.00577056 ; 102.195;
22 ; 30 ; 32 ; -0.00479114 ; -0.015906 ; -0.0115904 ; 103.051;
23 ; 30 ; 32 ; -0.0100686 ; -0.01215 ; -0.00173403 ; 102.808;
24 ; 30 ; 32 ; -0.00741334 ; -0.0253172 ; 0.00149246 ; 102.844;
25 ; 30 ; 32 ; -0.00757458 ; -0.0129944 ; -0.00647008 ; 103.014;
26 ; 30 ; 32 ; -0.00436976 ; -0.01064 ; -0.015809 ; 102.676;
27 ; 30 ; 32 ; -0.0074082 ; -0.0117966 ; -0.00167268 ; 102.895;
28 ; 30 ; 32 ; -0.0170363 ; -0.0107668 ; -0.00423335 ; 102.567;
29 ; 30 ; 32 ; -0.00643601 ; -0.0086251 ; -0.00738023 ; 102.806;
30 ; 30 ; 32 ; -0.0149143 ; -0.0094068 ; 0.00244335 ; 102.798;
31 ; 30 ; 32 ; -0.00425719 ; -0.00961234 ; -0.00818346 ; 102.979;
32 ; 30 ; 32 ; -0.00413889 ; -0.00665492 ; -0.0068006 ; 102.757;
33 ; 30 ; 32 ; 0.0107305 ; -0.014243 ; -0.00842892 ; 102.809;
4 ; 31 ; 32 ; 0.0153642 ; -0.000792007 ; -0.0036289 ; 103.086;
5 ; 31 ; 32 ; 0.00818356 ; -0.000497355 ; -0.00199467 ; 102.963;
6 ; 31 ; 32 ; 0.00954798 ; -0.00510751 ; -0.00077659 ; 103.091;
7 ; 31 ; 32 ; 0.0093066 ; -0.0182526 ; -0.00937971 ; 102.77;
8 ; 31 ; 32 ; 0.0122479 ; -0.0124435 ; -0.00930366 ; 103.363;
9 ; 31 ; 32 ; 0.00908594 ; -0.0138212 ; -0.0132029 ; 103.067;
10 ; 31 ; 32 ; 0.0125344 ; -0.00422101 ; -0.00454819 ; 102.846;
11 ; 31 ; 32 ; 0.00830098 ; -0.0144232 ; -2.38789e-05 ; 102.909;
12 ; 31 ; 32 ; -0.00115682 ; -0.00221957 ; -0.0105728 ; 102.278;
13 ; 31 ; 32 ; 0.00766226 ; -0.0228211 ; -0.00703255 ; 102.483;
14 ; 31 ; 32 ; 0.0042731 ; -0.0258018 ; -0.0121255 ; 102.665;
15 ; 31 ; 32 ; -0.00710985 ; -0.0156117 ; -0.00699334 ; 102.989;
16 ; 31 ; 32 ; 0.0066154 ; -0.0278539 ; -0.0117557 ; 102.583;
17 ; 31 ; 32 ; 0.00654545 ; -0.0137595 ; -0.0171167 ; 102.604;
18 ; 31 ; 32 ; -0.00738274 ; -0.0203618 ; -0.00126117 ; 102.563;
19 ; 31 ; 32 ; -0.00567387 ; -0.00530628 ; -0.00507783 ; 102.59;
20 ; 31 ; 32 ; -0.00283759 ; -0.01271 ; -0.00639187 ; 102.459;
21 ; 31 ; 32 ; 0.00155217 ; -0.00586509 ; -0.00528004 ; 102.271;
22 ; 31 ; 32 ; 0.00307914 ; -0.00337493 ; -0.0107028 ; 102.548;
23 ; 31 ; 32 ; -0.0052849 ; -0.0150104 ; -0.0111684 ; 103.04;
24 ; 31 ; 32 ; -0.00625822 ; -0.00446386 ; -0.00390098 ; 102.838;
25 ; 31 ; 32 ; 0.00181854 ; -0.0133668 ; -0.00655271 ; 102.357;
26 ; 31 ; 32 ; -0.0275679 ; -0.0103675 ; 0.000698777 ; 102.95;
27 ; 31 ; 32 ; -0.0238889 ; -0.0025643 ; -0.0108371 ; 102.729;
28 ; 31 ; 32 ; -0.015888 ; 0.00482804 ; -0.00797149 ; 102.914;
29 ; 31 ; 32 ; -0.0152501 ; -0.000890745 ; -0.00138409 ; 103.101;
30 ; 31 ; 32 ; -0.0105402 ; -0.00960757 ; 0.00239357 ; 102.254;
31 ; 31 ; 32 ; -0.020452 ; -0.00578022 ; 0.00298026 ; 103.363;
32 ; 31 ; 32 ; 0.00529837 ; -0.0133923 ; -0.0142728 ; 102.986;
33 ; 31 ; 32 ; -0.011412 ; -0.00598515 ; -0.00768336 ; 102.919;
4 ; 32 ; 32 ; -0.005234 ; 0.00416611 ; -0.0063856 ; 102.914;
5 ; 32 ; 32 ; 0.00916793 ; -0.0118615 ; -0.00665883 ; 103.292;
6 ; 32 ; 32 ; 0.0205523 ; -0.0142501 ; -0.00837943 ; 102.634;
7 ; 32 ; 32 ; 0.0165845 ; -0.00317056 ; -0.0304529 ; 102.912;
8 ; 32 ; 32 ; 0.00801914 ; -0.00663577 ; -0.00224961 ; 103.409;
9 ; 32 ; 32 ; 0.00532451 ; -0.0161428 ; -0.0100781 ; 103.076;
10 ; 32 ; 32 ; 0.0112505 ; -0.0107296 ; 0.00227681 ; 102.498;
11 ; 32 ; 32 ; 0.00338069 ; -0.0105383 ; -0.0123646 ; 102.448;
12 ; 32 ; 32 ; 0.00276846 ; 0.00605728 ; -0.00466956 ; 102.541;
13 ; 32 ; 32 ; 0.00126395 ; -0.0162126 ; -0.004782 ; 102.807;
14 ; 32 ; 32 ; -0.00714247 ; -0.00756404 ; -0.0154098 ; 102.814;
15 ; 32 ; 32 ; -0.00592119 ; -0.0035769 ; -0.000315339 ; 102.247;
16 ; 32 ; 32 ; -0.00608905 ; -0.00373812 ; -0.00674993 ; 102.948;
17 ; 32 ; 32 ; 0.00193373 ; -0.00485114 ; -0.0075668 ; 102.67;
18 ; 32 ; 32 ; -0.00664208 ; 0.00026065 ; -0.0047303 ; 102.908;
19 ; 32 ; 32 ; -0.00576765 ; -0.0211712 ; -0.0159614 ; 102.641;
20 ; 32 ; 32 ; -0.00380148 ; -0.0109881 ; -0.0046878 ; 102.804;
21 ; 32 ; 32 ; -0.00472096 ; -0.0064213 ; -0.00937554 ; 102.933;
22 ; 32 ; 32 ; -0.0100086 ; 0.0113618 ; 8.93886e-05 ; 102.379;
23 ; 32 ; 32 ; -0.00625898 ; -0.00957673 ; -0.0161847 ; 103.083;
24 ; 32 ; 32 ; -0.00192971 ; -0.0176824 ; -0.0157203 ; 103.036;
25 ; 32 ; 32 ; -0.0138424 ; -0.0111003 ; -0.00226341 ; 102.55;
26 ; 32 ; 32 ; -0.00938484 ; -0.0138842 ; -0.0153101 ; 102.79;
27 ; 32 ; 32 ; -0.00965289 ; -0.00968611 ; -0.00962737 ; 103.068;
28 ; 32 ; 32 ; -0.0115324 ; -0.000184199 ; -0.012175 ; 103.022;
29 ; 32 ; 32 ; -0.0221497 ; 0.00898076 ; 0.00804628 ; 103.298;
30 ; 32 ; 32 ; -0.0249184 ; 0.00351969 ; -0.00478657 ; 102.693;
31 ; 32 ; 32 ; -0.00763345 ; -0.00301554 ; -0.0109314 ; 103.117;
32 ; 32 ; 32 ; 0.0103918 ; -0.00494193 ; -0.00404109 ; 102.996;
33 ; 32 ; 32 ; 0.000972538 ; -0.00377373 ; -0.0111328 ; 103.171;
4 ; 33 ; 32 ; 0.00196216 ; 0.00116866 ; -8.54333e-05 ; 103.245;
5 ; 33 ; 32 ; 0.00334863 ; -0.00275588 ; 0.000885032 ; 103.26;
6 ; 33 ; 32 ; -0.00310599 ; -0.003669 ; -0.0102747 ; 103.029;
7 ; 33 ; 32 ; -0.000646253 ; -0.00779341 ; -0.0102638 ; 103.204;
8 ; 33 ; 32 ; 0.00784021 ; -0.0206249 ; -0.00796507 ; 103.414;
9 ; 33 ; 32 ; 0.0142324 ; -0.00285997 ; 0.00581359 ; 102.803;
10 ; 33 ; 32 ; 0.0232547 ; -0.0081587 ; -0.000397383 ; 102.693;
11 ; 33 ; 32 ; 0.0192329 ; -0.00388279 ; -0.0126185 ; 102.769;
12 ; 33 ; 32 ; 0.0123451 ; 0.00593491 ; -0.00127849 ; 102.589;
13 ; 33 ; 32 ; 0.00957365 ; -0.000915416 ; -0.00458618 ; 102.774;
14 ; 33 ; 32 ; 0.000714416 ; -0.0134139 ; -0.0255019 ; 102.594;
15 ; 33 ; 32 ; -0.0133203 ; -0.00119707 ; -0.00680517 ; 102.643;
16 ; 33 ; 32 ; -0.0108367 ; -0.0105901 ; 0.00541982 ; 102.836;
17 ; 33 ; 32 ; -0.00914643 ; -0.00916607 ; -0.00355431 ; 102.157;
18 ; 33 ; 32 ; -0.00058438 ; -0.0101954 ; -0.0173301 ; 102.521;
19 ; 33 ; 32 ; -0.00064681 ; -0.00777529 ; -0.0114058 ; 102.939;
20 ; 33 ; 32 ; 0.00868255 ; -0.0109952 ; -0.00299364 ; 102.366;
21 ; 33 ; 32 ; 0.0105195 ; -0.0124452 ; -0.00633212 ; 102.742;
22 ; 33 ; 32 ; 0.013338 ; -0.00748018 ; -0.0115081 ; 102.744;
23 ; 33 ; 32 ; 0.00278004 ; -0.0018182 ; -0.0167561 ; 103.008;
24 ; 33 ; 32 ; -0.00279907 ; -0.0113716 ; -0.0100392 ; 102.484;
25 ; 33 ; 32 ; -0.0120814 ; -0.0176104 ; -0.0233685 ; 102.739;
26 ; 33 ; 32 ; 0.00591084 ; -0.0100454 ; -0.0149793 ; 102.704;
27 ; 33 ; 32 ; -0.000510638 ; 0.000528513 ; -0.0079869 ; 103.118;
28 ; 33 ; 32 ; -0.0149007 ; -0.00168829 ; -0.00989906 ; 103.453;
29 ; 33 ; 32 ; -0.0277915 ; -0.000849755 ; -0.0145632 ; 103.278;
30 ; 33 ; 32 ; -0.00486189 ; 0.00101026 ; -0.0164159 ; 103.268;
31 ; 33 ; 32 ; -0.0146761 ; -0.00722892 ; -0.00238089 ; 102.843;
32 ; 33 ; 32 ; 0.00240301 ; -0.00300572 ; -0.0107106 ; 103.237;
33 ; 33 ; 32 ; -0.00027115 ; -0.00284182 ; -0.000778439 ; 103.21;
4 ; 4 ; 33 ; 0.0112539 ; 3.74471e-05 ; 0.0097366 ; 103.247;
5 ; 4 ; 33 ; 0.00702259 ; -0.00314106 ; -0.00969008 ; 102.79;
6 ; 4 ; 33 ; 0.0205944 ; -0.00252937 ; -0.00976654 ; 102.774;
7 ; 4 ; 33 ; 0.0127426 ; 0.00466535 ; -0.00893465 ; 102.953;
8 ; 4 ; 33 ; 0.00875979 ; 0.00825075 ; -0.00761144 ; 102.995;
9 ; 4 ; 33 ; -0.00397602 ; 0.0137234 ; 0.00380717 ; 102.97;
10 ; 4 ; 33 ; 0.00774051 ; -0.000588248 ; 0.00126729 ; 103.089;
11 ; 4 ; 33 ; 0.013903 ; 0.000224503 ; 0.00292144 ; 102.455;
12 ; 4 ; 33 ; 0.0119206 ; 0.00794887 ; -0.00964551 ; 102.808;
13 ; 4 ; 33 ; 0.00716763 ; 0.00533005 ; -0.00863242 ; 102.999;
14 ; 4 ; 33 ; 0.0102006 ; 0.00417731 ; -0.0113497 ; 102.93;
15 ; 4 ; 33 ; 0.00664387 ; 0.00520306 ; -0.0127642 ; 102.741;
16 ; 4 ; 33 ; -0.0030287 ; -0.00135099 ; -0.0265799 ; 102.226;
17 ; 4 ; 33 ; -0.000163872 ; -0.00255689 ; -0.00570631 ; 102.787;
18 ; 4 ; 33 ; 0.000124413 ; -0.000427158 ; -0.00890805 ; 102.494;
19 ; 4 ; 33 ; 0.00971975 ; -0.000101214 ; -0.00928265 ; 102.592;
20 ; 4 ; 33 ; 0.0176418 ; 0.00490997 ; -0.0149999 ; 102.568;
21 ; 4 ; 33 ; 0.00796599 ; -0.00491567 ; -0.00866745 ; 103.145;
22 ; 4 ; 33 ; 0.000181221 ; 0.00809943 ; -0.00593326 ; 103.049;
23 ; 4 ; 33 ; 0.00621471 ; 0.0122544 ; -0.00507262 ; 102.644;
24 ; 4 ; 33 ; -0.000173379 ; 0.0022428 ; -0.0159691 ; 102.743;
25 ; 4 ; 33 ; -0.00847141 ; -0.00247766 ; -0.00487674 ; 101.95;
26 ; 4 ; 33 ; -0.0055256 ; 0.00243966 ; -0.00362872 ; 102.778;
27 ; 4 ; 33 ; -0.0151575 ; 0.00560494 ; -0.00353428 ; 102.888;
28 ; 4 ; 33 ; -0.0186468 ; -0.00300798 ; -0.00229121 ; 102.943;
29 ; 4 ; 33 ; -0.00542009 ; 0.00517573 ; -0.00661392 ; 102.949;
30 ; 4 ; 33 ; -0.00291291 ; 0.0113672 ; -0.00486249 ; 103.201;
31 ; 4 ; 33 ; -0.00690714 ; 0.0081579 ; 0.00405033 ; 102.803;
32 ; 4 ; 33 ; -0.0210536 ; 0.0112271 ; -0.00251852 ; 103.522;
33 ; 4 ; 33 ; -0.00943459 ; 0.00882543 ; 0.00577388 ; 103.125;
4 ; 5 ; 33 ; -0.0101702 ; 0.00456072 ; -0.00839164 ; 102.914;
5 ; 5 ; 33 ; 0.00831301 ; 0.00230806 ; -0.00496662 ; 103.337;
6 ; 5 ; 33 ; 0.00378136 ; -0.00379341 ; 0.00149416 ; 103.061;
7 ; 5 ; 33 ; 0.0148736 ; 0.0200508 ; -0.0135445 ; 102.925;
8 ; 5 ; 33 ; 0.00462652 ; 0.00401488 ; -0.00455892 ; 102.792;
9 ; 5 ; 33 ; 0.017242 ; 0.0184805 ; -0.00579865 ; 103.054;
10 ; 5 ; 33 ; 0.00527347 ; -0.00144782 ; -0.00281629 ; 102.842;
11 ; 5 ; 33 ; 0.00837791 ; 0.00604 ; -0.0154121 ; 102.483;
12 ; 5 ; 33 ; 0.000146612 ; -0.00345631 ; -0.00835658 ; 102.652;
13 ; 5 ; 33 ; -0.0059787 ; -0.0118071 ; -0.00686733 ; 102.968;
14 ; 5 ; 33 ; -0.00457118 ; 0.0099653 ; -0.00311361 ; 102.577;
15 ; 5 ; 33 ; 0.00303896 ; 0.0147135 ; -0.00943921 ; 102.335;
16 ; 5 ; 33 ; 0.00255672 ; 0.0101244 ; -0.00702346 ; 102.255;
17 ; 5 ; 33 ; 0.00390408 ; 0.00546206 ; -0.0106192 ; 102.112;
18 ; 5 ; 33 ; -0.00478921 ; 0.013619 ; -0.0098427 ; 102.299;
19 ; 5 ; 33 ; -0.0048928 ; 0.0110233 ; -0.00110746 ; 102.47;
20 ; 5 ; 33 ; 0.00571123 ; 0.0141183 ; -0.00188579 ; 102.655;
21 ; 5 ; 33 ; 0.00577836 ; 0.00516478 ; -0.000727552 ; 102.404;
22 ; 5 ; 33 ; -0.0170893 ; 0.014149 ; -0.00518579 ; 102.337;
23 ; 5 ; 33 ; 0.00841809 ; 0.0105694 ; -0.00235764 ; 102.647;
24 ; 5 ; 33 ; 0.00580576 ; 0.0117504 ; -0.0155676 ; 102.303;
25 ; 5 ; 33 ; -0.000184259 ; 0.0109367 ; 0.00381314 ; 102.461;
26 ; 5 ; 33 ; -0.00911747 ; 0.00665661 ; -0.0119513 ; 102.85;
27 ; 5 ; 33 ; -0.00458231 ; 0.00103782 ; 0.00884407 ; 103.45;
28 ; 5 ; 33 ; -0.0111181 ; 0.00593289 ; 0.0101358 ; 103.129;
29 ; 5 ; 33 ; -0.00960098 ; 0.0119553 ; -0.00907795 ; 103.028;
30 ; 5 ; 33 ; 0.000333708 ; 0.0201808 ; 0.00102086 ; 102.898;
31 ; 5 ; 33 ; -0.0255145 ; 0.00597241 ; -0.00662409 ; 102.655;
32 ; 5 ; 33 ; -0.000596254 ; 0.00192411 ; -0.00513162 ; 103.104;
33 ; 5 ; 33 ; 0.00685618 ; 0.00486518 ; -0.00735016 ; 102.965;
4 ; 6 ; 33 ; 0.00770719 ; 0.00689075 ; 0.00323141 ; 103.226;
5 ; 6 ; 33 ; 0.0123014 ; 0.0112447 ; -0.00976598 ; 102.748;
6 ; 6 ; 33 ; 0.0081955 ; 0.00824169 ; -0.000971838 ; 103.114;
7 ; 6 ; 33 ; 0.00699028 ; 0.0155143 ; -0.0238968 ; 102.457;
8 ; 6 ; 33 ; 0.00938376 ; 0.00519851 ; 0.00106004 ; 103.266;
9 ; 6 ; 33 ; 0.0187775 ; 0.0149437 ; -0.00416911 ; 102.442;
10 ; 6 ; 33 ; 0.00745849 ; 0.00405943 ; -0.0129217 ; 102.944;
11 ; 6 ; 33 ; 0.0100537 ; 0.0234372 ; -0.00771367 ; 102.639;
12 ; 6 ; 33 ; 0.00154985 ; -0.00267241 ; 0.00389937 ; 102.876;
13 ; 6 ; 33 ; -0.00362137 ; 0.0033679 ; 0.00458007 ; 102.858;
14 ; 6 ; 33 ; -0.000773606 ; 0.0042487 ; -0.0234126 ; 102.441;
15 ; 6 ; 33 ; -0.00249613 ; 0.0175924 ; -0.00971463 ; 102.507;
16 ; 6 ; 33 ; -0.00293494 ; -0.00111909 ; 0.0140774 ; 102.411;
17 ; 6 ; 33 ; 0.0034274 ; -0.00369086 ; -0.00786467 ; 102.369;
18 ; 6 ; 33 ; -0.0102431 ; -0.00380379 ; 0.00234541 ; 102.475;
19 ; 6 ; 33 ; -0.00331161 ; 0.0126216 ; -0.0148879 ; 102.745;
20 ; 6 ; 33 ; 0.00351559 ; 0.00402934 ; -0.00392418 ; 102.685;
21 ; 6 ; 33 ; 0.0029134 ; 0.0122915 ; 0.00570462 ; 102.598;
22 ; 6 ; 33 ; 0.00857177 ; 0.0144397 ; 0.00307942 ; 102.807;
23 ; 6 ; 33 ; -0.00147607 ; 0.00754909 ; -0.00350534 ; 102.706;
24 ; 6 ; 33 ; -0.00404614 ; 0.00401155 ; 0.00953868 ; 102.454;
25 ; 6 ; 33 ; -0.0111634 ; 0.00358334 ; -0.00962537 ; 102.667;
26 ; 6 ; 33 ; -0.0166552 ; 0.0169408 ; 0.00294865 ; 103.168;
27 ; 6 ; 33 ; -0.0155833 ; -0.000589048 ; 0.00595692 ; 102.829;
28 ; 6 ; 33 ; -0.016825 ; 0.0073765 ; -0.00970366 ; 102.888;
29 ; 6 ; 33 ; -0.00676522 ; 0.0139971 ; -0.00862431 ; 103;
30 ; 6 ; 33 ; -0.0139309 ; 0.00821503 ; -0.00907788 ; 103.078;
31 ; 6 ; 33 ; -0.0135141 ; -0.00143286 ; -0.00462058 ; 102.651;
32 ; 6 ; 33 ; -0.01678 ; 0.00274327 ; -0.0102147 ; 102.857;
33 ; 6 ; 33 ; 0.00879535 ; -0.00434629 ; -0.0118065 ; 103.274;
4 ; 7 ; 33 ; 0.0139603 ; 0.00546003 ; 0.000377068 ; 103.139;
5 ; 7 ; 33 ; 0.00974918 ; 0.0282188 ; -0.00158941 ; 102.785;
6 ; 7 ; 33 ; 0.0201605 ; 0.00652417 ; 0.00169199 ; 102.888;
7 ; 7 ; 33 ; 0.0205323 ; 0.0110781 ; 0.0118545 ; 103.174;
8 ; 7 ; 33 ; 0.0174066 ; -0.00230075 ; -0.00538442 ; 102.92;
9 ; 7 ; 33 ; 0.0164612 ; 0.0263934 ; -0.000583535 ; 102.668;
10 ; 7 ; 33 ; 0.0124134 ; 0.00280872 ; 0.00936797 ; 103.311;
11 ; 7 ; 33 ; 0.0189042 ; 0.0201799 ; 0.00437264 ; 102.474;
12 ; 7 ; 33 ; 0.00278471 ; 0.0232483 ; -0.000751081 ; 102.459;
13 ; 7 ; 33 ; -0.000368077 ; 0.0215361 ; 0.00936047 ; 102.764;
14 ; 7 ; 33 ; -0.0039415 ; 0.00900567 ; -0.0201342 ; 102.104;
15 ; 7 ; 33 ; 0.00159566 ; 0.0082541 ; 0.0128838 ; 102.506;
16 ; 7 ; 33 ; 0.00950535 ; 0.0246035 ; -0.0179643 ; 102.464;
17 ; 7 ; 33 ; -0.00742021 ; 0.0117866 ; -0.0142062 ; 102.953;
18 ; 7 ; 33 ; -0.00121186 ; 0.0106288 ; -0.00621971 ; 102.662;
19 ; 7 ; 33 ; -0.00467868 ; 0.0156417 ; -0.00438059 ; 102.38;
20 ; 7 ; 33 ; 0.000730937 ; 0.0207982 ; -0.0159613 ; 102.559;
21 ; 7 ; 33 ; 0.00699405 ; 0.0294579 ; -0.0157831 ; 102.467;
22 ; 7 ; 33 ; 0.000754683 ; -0.000384483 ; -0.00947883 ; 102.687;
23 ; 7 ; 33 ; 0.00599793 ; 0.0248373 ; 0.00042579 ; 102.696;
24 ; 7 ; 33 ; -0.00353268 ; 0.0116994 ; 0.0153851 ; 102.524;
25 ; 7 ; 33 ; -0.00512677 ; 0.0223694 ; 0.00222417 ; 102.729;
26 ; 7 ; 33 ; -0.0287316 ; -0.000531494 ; 0.000121103 ; 102.456;
27 ; 7 ; 33 ; -0.0169014 ; 0.00739266 ; -0.0100076 ; 102.625;
28 ; 7 ; 33 ; -0.0198883 ; 0.0114273 ; -5.01121e-07 ; 103.332;
29 ; 7 ; 33 ; 8.93228e-05 ; 0.026983 ; -0.0171155 ; 103.294;
30 ; 7 ; 33 ; -0.00389661 ; 0.00782272 ; -0.0195224 ; 102.92;
31 ; 7 ; 33 ; -0.0156337 ; 0.00728602 ; 0.00454921 ; 102.938;
32 ; 7 ; 33 ; -0.00798664 ; 0.0115769 ; -0.0101362 ; 103.055;
33 ; 7 ; 33 ; -0.0143237 ; -0.00676966 ; -0.00603388 ; 102.931;
4 ; 8 ; 33 ; -0.00312587 ; 0.0156483 ; -0.00062115 ; 102.837;
5 ; 8 ; 33 ; 0.00708787 ; 0.0197956 ; 0.00447937 ; 102.9;
6 ; 8 ; 33 ; 0.00377896 ; 0.00913258 ; -0.00129723 ; 102.79;
7 ; 8 ; 33 ; 0.0036299 ; 0.00989623 ; 0.00198201 ; 102.977;
8 ; 8 ; 33 ; 0.0067501 ; 0.00652624 ; 0.00645125 ; 102.974;
9 ; 8 ; 33 ; 0.0177993 ; 0.0136839 ; 0.00157039 ; 102.722;
10 ; 8 ; 33 ; 0.010316 ; 0.0157705 ; 0.00238032 ; 102.608;
11 ; 8 ; 33 ; 0.0140596 ; 0.00417357 ; -0.00250813 ; 102.351;
12 ; 8 ; 33 ; 0.00596393 ; 0.0135769 ; -0.00402717 ; 102.736;
13 ; 8 ; 33 ; -0.00428152 ; 0.0205475 ; 0.00566276 ; 102.243;
14 ; 8 ; 33 ; 0.0164987 ; 0.0156033 ; -0.00870723 ; 102.877;
15 ; 8 ; 33 ; 3.29916e-05 ; 0.0210976 ; -0.00271679 ; 102.501;
16 ; 8 ; 33 ; -0.00671464 ; 0.0219956 ; 0.00561042 ; 102.365;
17 ; 8 ; 33 ; -0.00377272 ; 0.00642095 ; -0.00419662 ; 102.272;
18 ; 8 ; 33 ; 0.0222557 ; 0.0293629 ; -0.0138684 ; 102.146;
19 ; 8 ; 33 ; -0.00250017 ; 0.0297336 ; 0.00111008 ; 102.288;
20 ; 8 ; 33 ; -0.00176728 ; 0.0334659 ; -0.00933133 ; 102.407;
21 ; 8 ; 33 ; -0.00296705 ; 0.022305 ; 0.00544745 ; 102.458;
22 ; 8 ; 33 ; 0.00177387 ; 0.00762929 ; 0.00269784 ; 102.744;
23 ; 8 ; 33 ; 0.0101379 ; 0.0180444 ; -0.00647196 ; 102.536;
24 ; 8 ; 33 ; 0.000974565 ; 0.0107999 ; -0.00281931 ; 102.498;
25 ; 8 ; 33 ; -0.0109618 ; 0.0108404 ; -0.0150564 ; 102.773;
26 ; 8 ; 33 ; -0.0209397 ; 0.00684383 ; -0.0105412 ; 102.502;
27 ; 8 ; 33 ; -0.0293577 ; 0.00192243 ; 0.0017647 ; 103.002;
28 ; 8 ; 33 ; -0.0146579 ; 0.0114312 ; 0.00344805 ; 102.624;
29 ; 8 ; 33 ; -0.0136557 ; 0.0199397 ; -0.0123297 ; 103.348;
30 ; 8 ; 33 ; -0.0182523 ; 0.0134118 ; -0.00798714 ; 102.936;
31 ; 8 ; 33 ; -0.00914448 ; 0.0152137 ; -0.00748371 ; 102.795;
32 ; 8 ; 33 ; -0.00739163 ; 0.0108239 ; 0.00106098 ; 103.292;
33 ; 8 ; 33 ; -0.0110323 ; 0.00986682 ; -0.00673534 ; 102.707;
4 ; 9 ; 33 ; 0.00384296 ; 0.0121129 ; -0.00279725 ; 102.628;
5 ; 9 ; 33 ; 0.00242157 ; 0.0200658 ; -0.0037245 ; 102.543;
6 ; 9 ; 33 ; 0.00868252 ; 0.0241976 ; -0.000944025 ; 102.961;
7 ; 9 ; 33 ; 0.00200713 ; 0.00994837 ; 0.00421652 ; 103.194;
8 ; 9 ; 33 ; 0.00663762 ; 0.0172129 ; -0.00811412 ; 102.631;
9 ; 9 ; 33 ; -0.000909772 ; 0.00745495 ; 0.00244692 ; 103.023;
10 ; 9 ; 33 ; 0.00954695 ; 0.0169179 ; 0.00746407 ; 102.789;
11 ; 9 ; 33 ; 0.0122338 ; 0.0239226 ; 0.0126232 ; 102.727;
12 ; 9 ; 33 ; 0.0040809 ; 0.0124748 ; -0.00283826 ; 102.295;
13 ; 9 ; 33 ; 0.00621396 ; 0.0285929 ; -0.00336127 ; 102.398;
14 ; 9 ; 33 ; -0.00781216 ; 0.0175515 ; 0.00158202 ; 101.87;
15 ; 9 ; 33 ; -0.00898412 ; 0.017234 ; 0.00216628 ; 102.139;
16 ; 9 ; 33 ; -0.0160959 ; 0.0187673 ; 0.00587669 ; 102.56;
17 ; 9 ; 33 ; 0.00661654 ; 0.018289 ; -0.0109185 ; 102.287;
18 ; 9 ; 33 ; 0.00287796 ; 0.0176624 ; -0.00983902 ; 102.448;
19 ; 9 ; 33 ; 0.000622751 ; 0.00918704 ; -0.0103797 ; 102.829;
20 ; 9 ; 33 ; -0.0119 ; 0.0104477 ; -0.014601 ; 101.935;
21 ; 9 ; 33 ; -0.00891072 ; 0.0227119 ; -0.0206067 ; 102.416;
22 ; 9 ; 33 ; 0.00297282 ; 0.0175023 ; -0.0104821 ; 102.654;
23 ; 9 ; 33 ; 0.0008496 ; 0.0176328 ; -0.0123734 ; 102.335;
24 ; 9 ; 33 ; -0.004837 ; 0.0160331 ; 0.00222386 ; 102.752;
25 ; 9 ; 33 ; -0.010366 ; 0.0138343 ; 0.015539 ; 102.737;
26 ; 9 ; 33 ; -0.0028343 ; 0.0148062 ; 0.00730876 ; 103.002;
27 ; 9 ; 33 ; -0.00999099 ; 0.0246716 ; -0.00865484 ; 102.936;
28 ; 9 ; 33 ; -0.0203319 ; 0.0138925 ; -0.000991984 ; 102.838;
29 ; 9 ; 33 ; -0.0205937 ; 0.015565 ; -0.00384884 ; 102.822;
30 ; 9 ; 33 ; -0.00480218 ; 0.00486551 ; -0.000869939 ; 102.572;
31 ; 9 ; 33 ; -0.00580141 ; 0.0107143 ; -0.000525124 ; 103.024;
32 ; 9 ; 33 ; -0.0112263 ; 0.00857382 ; 0.00444747 ; 102.808;
33 ; 9 ; 33 ; 0.00086853 ; 0.00558086 ; -0.011168 ; 103.125;
4 ; 10 ; 33 ; 0.00777694 ; 0.0047624 ; 0.00217923 ; 102.846;
5 ; 10 ; 33 ; -0.00441235 ; 0.0144336 ; -0.000480772 ; 102.727;
6 ; 10 ; 33 ; 0.0157899 ; 0.00655603 ; -0.00256829 ; 103.205;
7 ; 10 ; 33 ; 0.024463 ; 0.0163045 ; 0.00890991 ; 102.757;
8 ; 10 ; 33 ; 0.00668855 ; 0.0144037 ; -0.00379229 ; 102.813;
9 ; 10 ; 33 ; 0.000455975 ; 0.0154857 ; -0.00654145 ; 102.603;
10 ; 10 ; 33 ; 0.016752 ; 0.00840522 ; 0.000982357 ; 102.843;
11 ; 10 ; 33 ; 0.0143683 ; 0.019003 ; -0.00979674 ; 102.633;
12 ; 10 ; 33 ; 0.00107175 ; 0.0121702 ; -0.0106152 ; 102.739;
13 ; 10 ; 33 ; 0.00913459 ; 0.0192269 ; 0.00799431 ; 102.314;
14 ; 10 ; 33 ; 0.0148263 ; 0.00689711 ; -0.00971309 ; 102.457;
15 ; 10 ; 33 ; -0.0119361 ; 0.0195251 ; -0.00827423 ; 102.247;
16 ; 10 ; 33 ; -0.00581801 ; 0.0232437 ; -0.0127491 ; 102.457;
17 ; 10 ; 33 ; -0.00900072 ; 0.0323665 ; 0.00273843 ; 102.213;
18 ; 10 ; 33 ; 0.000710504 ; 0.0208698 ; -0.00216877 ; 102.574;
19 ; 10 ; 33 ; 0.00648899 ; 0.0250616 ; 0.0093204 ; 102.225;
20 ; 10 ; 33 ; -0.000315444 ; 0.0159577 ; -0.000363517 ; 102.279;
21 ; 10 ; 33 ; 0.00169614 ; 0.0175229 ; 0.00675847 ; 101.987;
22 ; 10 ; 33 ; -0.00392059 ; 0.0196672 ; 0.00847245 ; 102.2;
23 ; 10 ; 33 ; 0.00553945 ; 0.0145553 ; 0.000874633 ; 101.966;
24 ; 10 ; 33 ; -0.0022415 ; 0.0134817 ; -0.00704786 ; 102.415;
25 ; 10 ; 33 ; -0.00612371 ; 0.000182431 ; 0.011124 ; 102.302;
26 ; 10 ; 33 ; -0.00959949 ; 0.00208637 ; -0.00510663 ; 102.238;
27 ; 10 ; 33 ; -0.00773133 ; 0.0113092 ; -0.00204966 ; 102.863;
28 ; 10 ; 33 ; -0.0138011 ; 0.00162565 ; -0.00656734 ; 102.34;
29 ; 10 ; 33 ; -0.0169286 ; 0.0113215 ; -0.00157704 ; 102.92;
30 ; 10 ; 33 ; -0.00811393 ; 0.0106946 ; -0.00461022 ; 102.479;
31 ; 10 ; 33 ; -0.00992957 ; -0.00098056 ; -0.0176239 ; 102.955;
32 ; 10 ; 33 ; -0.014678 ; 0.00854764 ; -0.0114416 ; 102.882;
33 ; 10 ; 33 ; -0.00695791 ; 0.0102682 ; 0.00638479 ; 102.74;
4 ; 11 ; 33 ; 0.00897132 ; 0.0107267 ; 0.00196633 ; 102.411;
5 ; 11 ; 33 ; 0.00238316 ; 0.0109413 ; 0.000586019 ; 102.79;
6 ; 11 ; 33 ; 0.00241412 ; 0.00145249 ; -0.0146968 ; 102.296;
7 ; 11 ; 33 ; 0.00704635 ; -0.00247853 ; 0.00467863 ; 102.445;
8 ; 11 ; 33 ; 0.0156918 ; 0.00473161 ; 0.00226113 ; 102.735;
9 ; 11 ; 33 ; 0.0179062 ; 0.0106062 ; -0.00721791 ; 102.831;
10 ; 11 ; 33 ; 0.0105909 ; -0.00170556 ; -0.00215511 ; 102.298;
11 ; 11 ; 33 ; 0.0219018 ; 0.0109369 ; 0.00749095 ; 102.342;
12 ; 11 ; 33 ; 0.0115312 ; 0.0041562 ; -0.00347571 ; 102.363;
13 ; 11 ; 33 ; 0.0016854 ; 0.0149485 ; -0.00238829 ; 102.089;
14 ; 11 ; 33 ; 0.0131446 ; 0.00431507 ; -0.00444833 ; 102.076;
15 ; 11 ; 33 ; 0.00660905 ; 0.0128871 ; -0.0136345 ; 102.389;
16 ; 11 ; 33 ; -0.00137862 ; 0.0230308 ; -0.000622289 ; 101.886;
17 ; 11 ; 33 ; -0.00900475 ; 0.0275643 ; -0.0181097 ; 102.209;
18 ; 11 ; 33 ; 0.00523955 ; 0.00657665 ; -0.009705 ; 102.45;
19 ; 11 ; 33 ; -0.00410758 ; 0.0119552 ; 0.00056387 ; 102.045;
20 ; 11 ; 33 ; 0.0120948 ; 0.00905049 ; -0.011339 ; 102.275;
21 ; 11 ; 33 ; 0.00123036 ; 0.0210336 ; -0.00814678 ; 101.958;
22 ; 11 ; 33 ; -0.006347 ; 0.0154778 ; 0.0107206 ; 102.283;
23 ; 11 ; 33 ; -0.00399303 ; 0.00493914 ; -0.00449115 ; 102.124;
24 ; 11 ; 33 ; 0.00243203 ; 0.00866817 ; -0.0119557 ; 102.308;
25 ; 11 ; 33 ; -0.0134577 ; 0.0184829 ; 0.00892698 ; 102.173;
26 ; 11 ; 33 ; 0.00156087 ; 0.0150842 ; -0.00795367 ; 103.228;
27 ; 11 ; 33 ; -0.00595138 ; 0.00321848 ; -9.60284e-05 ; 102.652;
28 ; 11 ; 33 ; -0.0298599 ; 0.013904 ; -0.0169677 ; 102.82;
29 ; 11 ; 33 ; -0.0118771 ; 0.0126027 ; 0.0048286 ; 102.458;
30 ; 11 ; 33 ; -0.00663989 ; 0.0253329 ; -0.00534497 ; 102.804;
31 ; 11 ; 33 ; -0.0183391 ; 0.0150697 ; -0.00690805 ; 102.728;
32 ; 11 ; 33 ; -0.0132008 ; 0.00284083 ; 0.00136746 ; 102.313;
33 ; 11 ; 33 ; -0.0143008 ; -0.00794177 ; 0.00410403 ; 102.492;
4 ; 12 ; 33 ; -3.81457e-05 ; -0.00103362 ; 0.00808496 ; 102.783;
5 ; 12 ; 33 ; 0.0107711 ; 0.00965164 ; -0.0084819 ; 102.447;
6 ; 12 ; 33 ; 0.0169232 ; -0.00666806 ; -0.0119827 ; 102.889;
7 ; 12 ; 33 ; 0.0165928 ; 0.00926627 ; 0.0022324 ; 102.53;
8 ; 12 ; 33 ; 0.0134231 ; 0.000214948 ; -0.00185472 ; 102.527;
9 ; 12 ; 33 ; 0.0246014 ; 0.0117662 ; 0.0110298 ; 102.755;
10 ; 12 ; 33 ; 0.012405 ; 0.00695712 ; -0.00744279 ; 102.618;
11 ; 12 ; 33 ; 0.010623 ; 0.00490069 ; 0.00154385 ; 102.354;
12 ; 12 ; 33 ; 0.0168602 ; 0.00522742 ; -0.0101339 ; 102.412;
13 ; 12 ; 33 ; 0.0104478 ; 0.0157242 ; 0.000382658 ; 102.746;
14 ; 12 ; 33 ; 0.00708037 ; 0.00498256 ; -0.00227203 ; 102.015;
15 ; 12 ; 33 ; -0.00260941 ; 0.00878004 ; -0.0138396 ; 101.844;
16 ; 12 ; 33 ; -0.0090736 ; 0.009535 ; -0.00443826 ; 102.156;
17 ; 12 ; 33 ; -0.00496242 ; 0.00973957 ; -0.00978124 ; 102.148;
18 ; 12 ; 33 ; 0.00652881 ; 0.00662018 ; -0.01227 ; 102.069;
19 ; 12 ; 33 ; 0.00866141 ; 0.00967722 ; -0.00845005 ; 102.122;
20 ; 12 ; 33 ; -0.0025522 ; 4.75137e-05 ; -0.00608327 ; 101.994;
21 ; 12 ; 33 ; 0.00732418 ; 0.0170196 ; -0.00085777 ; 102.478;
22 ; 12 ; 33 ; 0.00560812 ; 0.00937687 ; -0.00334779 ; 102.159;
23 ; 12 ; 33 ; 0.0026708 ; 0.0107764 ; -0.00270705 ; 101.847;
24 ; 12 ; 33 ; 0.00875207 ; 0.00505325 ; -0.00488959 ; 101.891;
25 ; 12 ; 33 ; -0.0193778 ; 0.00408101 ; 0.000864318 ; 102.279;
26 ; 12 ; 33 ; -0.0178818 ; 0.0065825 ; -0.0024946 ; 102.104;
27 ; 12 ; 33 ; -0.0127085 ; 0.0136812 ; -0.00622561 ; 102.595;
28 ; 12 ; 33 ; -0.0210444 ; -0.00149874 ; -0.00390949 ; 102.965;
29 ; 12 ; 33 ; -0.0217411 ; 0.0131782 ; -0.00530698 ; 102.726;
30 ; 12 ; 33 ; -0.00805151 ; -0.00573916 ; -0.00849115 ; 102.531;
31 ; 12 ; 33 ; -0.0211234 ; 0.00263518 ; -0.00550996 ; 102.611;
32 ; 12 ; 33 ; 0.0118887 ; -0.00293832 ; 0.000188854 ; 102.679;
33 ; 12 ; 33 ; 0.00349068 ; -0.011937 ; -0.0130358 ; 102.789;
4 ; 13 ; 33 ; 0.00111643 ; 0.00239804 ; -0.00339705 ; 102.299;
5 ; 13 ; 33 ; 0.00855951 ; 0.00531685 ; -0.00772578 ; 102.306;
6 ; 13 ; 33 ; 0.0148657 ; 0.00808385 ; -0.00132866 ; 102.694;
7 ; 13 ; 33 ; 0.0149414 ; 0.00835746 ; -0.00679827 ; 102.179;
8 ; 13 ; 33 ; 0.0113103 ; 0.00834067 ; -0.00392111 ; 102.456;
9 ; 13 ; 33 ; 0.0276055 ; -0.00530051 ; -0.00570036 ; 102.691;
10 ; 13 ; 33 ; 0.0125003 ; 0.00491184 ; 0.0022343 ; 102.797;
11 ; 13 ; 33 ; 0.0031256 ; -0.00365553 ; 0.00518661 ; 102.248;
12 ; 13 ; 33 ; 0.00893898 ; 0.00701022 ; -0.00290391 ; 102.023;
13 ; 13 ; 33 ; 0.0131503 ; 0.00923491 ; -0.00180057 ; 101.892;
14 ; 13 ; 33 ; 0.00276999 ; 0.000441542 ; -0.00134802 ; 102.311;
15 ; 13 ; 33 ; 0.000630952 ; -0.00206383 ; -0.00530899 ; 102.357;
16 ; 13 ; 33 ; 0.00625615 ; 0.00704159 ; -0.00182874 ; 101.902;
17 ; 13 ; 33 ; -0.0055536 ; 0.000152416 ; -0.00575261 ; 101.867;
18 ; 13 ; 33 ; 0.00383509 ; 0.0103133 ; -0.0137048 ; 102.18;
19 ; 13 ; 33 ; 0.00203767 ; 0.00395753 ; -0.00802506 ; 101.96;
20 ; 13 ; 33 ; 0.00222281 ; 0.00617684 ; 0.00275429 ; 102.156;
21 ; 13 ; 33 ; -0.00282631 ; -0.00303292 ; -0.00614386 ; 102.031;
22 ; 13 ; 33 ; -0.00684207 ; 0.0246814 ; -0.00308122 ; 102.231;
23 ; 13 ; 33 ; 0.00465917 ; -0.00201721 ; -0.00217947 ; 102.165;
24 ; 13 ; 33 ; -0.0150031 ; 0.0158633 ; -0.00422318 ; 102.158;
25 ; 13 ; 33 ; -0.00696501 ; 0.00255376 ; -0.00994117 ; 102.469;
26 ; 13 ; 33 ; -0.00239829 ; 0.00495996 ; -0.00844453 ; 102.56;
27 ; 13 ; 33 ; -0.0225573 ; 0.00514601 ; -0.00384658 ; 102.415;
28 ; 13 ; 33 ; -0.0175686 ; 0.00812204 ; -0.00361361 ; 102.643;
29 ; 13 ; 33 ; -0.0152273 ; -0.0111892 ; 0.0112131 ; 102.602;
30 ; 13 ; 33 ; -0.00860687 ; -0.00342501 ; -0.00677019 ; 102.958;
31 ; 13 ; 33 ; -0.0010538 ; 0.0148728 ; -0.00613631 ; 102.58;
32 ; 13 ; 33 ; -0.00900366 ; -0.000651333 ; -0.0101798 ; 102.697;
33 ; 13 ; 33 ; -0.00433309 ; -0.00692532 ; 0.0023481 ; 102.797;
4 ; 14 ; 33 ; -0.00537726 ; -0.00311586 ; 0.0129482 ; 102.589;
5 ; 14 ; 33 ; 0.0150584 ; -0.020271 ; -0.00456918 ; 102.796;
6 ; 14 ; 33 ; 0.0244647 ; 0.00862156 ; -0.00257448 ; 102.571;
7 ; 14 ; 33 ; 0.0211309 ; 0.00773986 ; -0.00214149 ; 102.634;
8 ; 14 ; 33 ; 0.0241412 ; 0.00161034 ; -0.00275959 ; 102.831;
9 ; 14 ; 33 ; 0.01119 ; 0.00571326 ; -0.00715759 ; 102.848;
10 ; 14 ; 33 ; 0.020005 ; -0.00508032 ; 0.00889342 ; 102.145;
11 ; 14 ; 33 ; 0.00699045 ; 0.00159551 ; 0.00403165 ; 102.511;
12 ; 14 ; 33 ; 0.0122874 ; 0.00205083 ; -0.00498228 ; 102.61;
13 ; 14 ; 33 ; -0.000601197 ; 0.000816217 ; -0.00811248 ; 101.954;
14 ; 14 ; 33 ; 0.00683688 ; -0.000981814 ; -0.00732849 ; 102.216;
15 ; 14 ; 33 ; 0.0058919 ; 0.00672964 ; -0.00192917 ; 101.829;
16 ; 14 ; 33 ; -0.00033997 ; 0.00170503 ; -0.0007414 ; 102.245;
17 ; 14 ; 33 ; -0.00193956 ; 0.0189294 ; 0.000441245 ; 101.874;
18 ; 14 ; 33 ; -0.00214472 ; 0.00299539 ; -0.00353701 ; 102.187;
19 ; 14 ; 33 ; 0.00186627 ; -0.0011756 ; -0.0050272 ; 101.547;
20 ; 14 ; 33 ; -0.00738375 ; -0.00075349 ; -0.0161874 ; 102.087;
21 ; 14 ; 33 ; 0.00891239 ; 0.00284805 ; -0.0131827 ; 101.909;
22 ; 14 ; 33 ; 0.00299494 ; 0.00212585 ; -0.000362214 ; 102.018;
23 ; 14 ; 33 ; -0.0010802 ; 0.00172508 ; -0.00503807 ; 102.301;
24 ; 14 ; 33 ; -0.00922578 ; -0.00377666 ; -0.00477199 ; 102.305;
25 ; 14 ; 33 ; -0.00214524 ; 0.00379823 ; -0.00659939 ; 102.028;
26 ; 14 ; 33 ; -0.0128778 ; -0.00142909 ; -0.0109748 ; 102.545;
27 ; 14 ; 33 ; -0.00865706 ; -0.00131062 ; -0.00226369 ; 102.322;
28 ; 14 ; 33 ; -0.0229256 ; 0.00287522 ; -0.0069812 ; 102.365;
29 ; 14 ; 33 ; -0.0289825 ; -0.00132531 ; 0.00406881 ; 102.491;
30 ; 14 ; 33 ; -0.00390169 ; -0.00343893 ; -0.00780804 ; 102.459;
31 ; 14 ; 33 ; -0.0186326 ; -0.000885653 ; -0.00661925 ; 102.402;
32 ; 14 ; 33 ; -0.0126975 ; 0.00692057 ; -0.0035184 ; 102.588;
33 ; 14 ; 33 ; 0.0106705 ; 0.00461048 ; 0.0101772 ; 102.62;
4 ; 15 ; 33 ; -0.00194574 ; 0.00436105 ; 0.00424932 ; 102.56;
5 ; 15 ; 33 ; 0.00393553 ; -0.0129821 ; -0.011792 ; 102.784;
6 ; 15 ; 33 ; 0.0174596 ; 0.0124751 ; -0.00870541 ; 102.233;
7 ; 15 ; 33 ; 0.0237442 ; 0.00464265 ; -0.0149683 ; 102.99;
8 ; 15 ; 33 ; 0.0230897 ; -0.000247304 ; -0.0164492 ; 102.494;
9 ; 15 ; 33 ; 0.0116856 ; -0.00621782 ; -0.009834 ; 102.321;
10 ; 15 ; 33 ; 0.0245453 ; -0.00559641 ; -0.0130298 ; 102.35;
11 ; 15 ; 33 ; 0.0136712 ; 0.0097921 ; -0.00794502 ; 102.192;
12 ; 15 ; 33 ; -0.00414876 ; 0.00877689 ; -0.0169679 ; 101.96;
13 ; 15 ; 33 ; 0.00579997 ; 0.000742635 ; -0.0113673 ; 102.374;
14 ; 15 ; 33 ; 0.00342562 ; 0.00742559 ; 0.0109255 ; 101.974;
15 ; 15 ; 33 ; -0.004564 ; 0.00102666 ; 0.0028001 ; 102.123;
16 ; 15 ; 33 ; -0.00533015 ; -0.00887484 ; -0.0120966 ; 102.065;
17 ; 15 ; 33 ; -0.00504755 ; 0.0104031 ; 0.00129748 ; 102.209;
18 ; 15 ; 33 ; -0.00144511 ; 0.00270118 ; 0.00243294 ; 102.045;
19 ; 15 ; 33 ; -0.0055213 ; -0.0102787 ; -0.0125442 ; 101.906;
20 ; 15 ; 33 ; 0.00973957 ; 0.0108496 ; -0.00238359 ; 101.946;
21 ; 15 ; 33 ; 0.00334139 ; 0.0068351 ; -0.00380397 ; 102.205;
22 ; 15 ; 33 ; 0.00356496 ; 0.00906253 ; -0.0118673 ; 102.062;
23 ; 15 ; 33 ; -0.0119727 ; 0.00195121 ; 0.017703 ; 101.997;
24 ; 15 ; 33 ; -0.00743798 ; -0.00538313 ; -0.00447748 ; 101.877;
25 ; 15 ; 33 ; -0.020333 ; 0.00178947 ; -0.00161399 ; 101.789;
26 ; 15 ; 33 ; -0.0121265 ; -0.00280477 ; 0.00475374 ; 102;
27 ; 15 ; 33 ; -0.0290297 ; -0.0110288 ; -0.0137531 ; 102.532;
28 ; 15 ; 33 ; -0.0209679 ; 0.00778669 ; 0.00859599 ; 102.474;
29 ; 15 ; 33 ; -0.0184683 ; -0.00169852 ; 0.000765054 ; 102.71;
30 ; 15 ; 33 ; -0.0202988 ; -0.00625716 ; -0.00416864 ; 102.582;
31 ; 15 ; 33 ; -0.0182103 ; 0.00120628 ; -0.0190351 ; 102.284;
32 ; 15 ; 33 ; -0.00907723 ; -0.00274339 ; -0.00559934 ; 102.318;
33 ; 15 ; 33 ; 0.00061825 ; -0.000987052 ; -0.00303319 ; 102.663;
4 ; 16 ; 33 ; 0.00692075 ; 0.00266285 ; 0.00633183 ; 102.89;
5 ; 16 ; 33 ; 0.012113 ; -0.00640023 ; 0.00139111 ; 102.493;
6 ; 16 ; 33 ; 0.00992592 ; 0.00178361 ; -0.0147902 ; 102.416;
7 ; 16 ; 33 ; 0.0128787 ; -0.00234724 ; -0.0121676 ; 102.208;
8 ; 16 ; 33 ; 0.0202133 ; 0.00579535 ; -0.00476115 ; 102.667;
9 ; 16 ; 33 ; 0.0164526 ; -0.000630622 ; -0.0080803 ; 102.348;
10 ; 16 ; 33 ; 0.0180262 ; 0.000530129 ; -0.00410372 ; 102.116;
11 ; 16 ; 33 ; 0.0131754 ; 0.00277631 ; 0.0101713 ; 102.313;
12 ; 16 ; 33 ; 0.0163194 ; -0.0105807 ; -0.00180526 ; 102.09;
13 ; 16 ; 33 ; 0.0189562 ; 0.00569076 ; -0.0149671 ; 101.845;
14 ; 16 ; 33 ; -0.0105703 ; 0.00268686 ; -0.000285641 ; 101.786;
15 ; 16 ; 33 ; -0.0114161 ; 0.00720727 ; 0.00557708 ; 101.898;
16 ; 16 ; 33 ; -0.00680374 ; -0.00819447 ; -0.0102417 ; 101.784;
17 ; 16 ; 33 ; -0.00983011 ; -0.00234967 ; -0.000954576 ; 101.676;
18 ; 16 ; 33 ; -0.00709949 ; -0.00479283 ; -0.00381809 ; 101.667;
19 ; 16 ; 33 ; -0.00080404 ; -0.0076394 ; -0.00644839 ; 101.843;
20 ; 16 ; 33 ; 0.00137672 ; 0.00123664 ; -0.00320485 ; 102.088;
21 ; 16 ; 33 ; 0.00290086 ; -0.00559846 ; -0.0104757 ; 101.8;
22 ; 16 ; 33 ; -0.000684662 ; -7.77429e-05 ; -0.00585219 ; 102.046;
23 ; 16 ; 33 ; 0.000796172 ; -0.00255991 ; 0.0109405 ; 102.09;
24 ; 16 ; 33 ; -0.00597372 ; -0.00348152 ; -0.00895545 ; 102.357;
25 ; 16 ; 33 ; -0.00670493 ; 0.00212749 ; -0.00190307 ; 101.955;
26 ; 16 ; 33 ; -0.00850709 ; 0.00372762 ; 0.00178284 ; 102.136;
27 ; 16 ; 33 ; -0.00972851 ; 0.00631936 ; -0.00612549 ; 102.282;
28 ; 16 ; 33 ; -0.00961553 ; 0.0146766 ; -0.00215936 ; 102.471;
29 ; 16 ; 33 ; -0.00459535 ; 0.0026956 ; 0.0066668 ; 102.524;
30 ; 16 ; 33 ; -0.0229455 ; -0.014755 ; -0.018366 ; 102.355;
31 ; 16 ; 33 ; 0.000201511 ; -0.0100725 ; -0.0131347 ; 102.276;
32 ; 16 ; 33 ; -0.00468085 ; 0.00405898 ; -0.00204746 ; 102.534;
33 ; 16 ; 33 ; -0.0112705 ; -0.000126597 ; -0.00936758 ; 102.599;
4 ; 17 ; 33 ; 0.00161797 ; -0.0139498 ; -0.00362912 ; 102.303;
5 ; 17 ; 33 ; 0.0279094 ; -0.00592275 ; -0.00544882 ; 102.831;
6 ; 17 ; 33 ; 0.0268104 ; 0.00326237 ; 0.00457076 ; 102.523;
7 ; 17 ; 33 ; 0.00811332 ; 0.0107929 ; 0.00156633 ; 102.696;
8 ; 17 ; 33 ; 0.0201219 ; -0.00985084 ; -0.0105416 ; 102.301;
9 ; 17 ; 33 ; 0.0186473 ; -0.00115424 ; 0.000660154 ; 102.874;
10 ; 17 ; 33 ; 0.00933658 ; 0.000809094 ; -0.00489594 ; 101.99;
11 ; 17 ; 33 ; 0.00752346 ; 0.00710873 ; 0.00165933 ; 102.432;
12 ; 17 ; 33 ; 0.0050444 ; -0.0157475 ; -0.00871503 ; 102.142;
13 ; 17 ; 33 ; 0.00659375 ; 0.00168024 ; -0.00306792 ; 101.673;
14 ; 17 ; 33 ; 0.003559 ; 0.0161724 ; 0.00546964 ; 102.309;
15 ; 17 ; 33 ; 0.00438184 ; -0.0166538 ; 0.00221331 ; 102.332;
16 ; 17 ; 33 ; -0.00353588 ; 0.00817334 ; -0.0123104 ; 102.126;
17 ; 17 ; 33 ; -0.00734028 ; -0.00668595 ; -0.0127251 ; 102.074;
18 ; 17 ; 33 ; -0.00507179 ; -0.0136886 ; -0.00495121 ; 101.793;
19 ; 17 ; 33 ; -0.0086 ; -0.00206412 ; -0.00747413 ; 101.694;
20 ; 17 ; 33 ; 0.00357516 ; 0.00588256 ; -0.00761562 ; 101.885;
21 ; 17 ; 33 ; -0.000429802 ; 0.00113112 ; -0.015601 ; 102.156;
22 ; 17 ; 33 ; 0.00259753 ; -0.00599575 ; -0.0045665 ; 101.8;
23 ; 17 ; 33 ; -9.95215e-05 ; 0.00259585 ; -0.00038577 ; 102.123;
24 ; 17 ; 33 ; -0.00563717 ; -0.00315829 ; -0.00400888 ; 101.701;
25 ; 17 ; 33 ; -0.00807438 ; 0.00629258 ; -0.00305248 ; 102.015;
26 ; 17 ; 33 ; -0.00998242 ; -0.00277397 ; 0.00101316 ; 102.334;
27 ; 17 ; 33 ; -0.014085 ; 0.0121781 ; 0.00284392 ; 102.697;
28 ; 17 ; 33 ; -0.0167061 ; 0.0156606 ; -0.00705781 ; 102.173;
29 ; 17 ; 33 ; -0.0164198 ; -0.00765235 ; -0.00657378 ; 102.316;
30 ; 17 ; 33 ; -0.0364425 ; -0.00764556 ; 0.00166517 ; 102.441;
31 ; 17 ; 33 ; -0.00308626 ; -0.00557429 ; -0.0098503 ; 102.546;
32 ; 17 ; 33 ; -0.0143984 ; -0.0195224 ; 0.00437134 ; 102.9;
33 ; 17 ; 33 ; -0.0063549 ; -0.00761794 ; -0.00465154 ; 102.41;
4 ; 18 ; 33 ; 0.00911269 ; -0.00792645 ; -0.00545387 ; 102.905;
5 ; 18 ; 33 ; -0.00224876 ; 0.00549504 ; -0.0051461 ; 102.323;
6 ; 18 ; 33 ; 0.0243478 ; -0.00258588 ; 0.000432521 ; 102.401;
7 ; 18 ; 33 ; 0.00445728 ; -0.00028525 ; -0.000782564 ; 102.135;
8 ; 18 ; 33 ; 0.00827961 ; -0.00471593 ; -0.00699225 ; 102.469;
9 ; 18 ; 33 ; 0.0315394 ; -0.000978418 ; 0.000740799 ; 102.143;
10 ; 18 ; 33 ; 0.0224324 ; -0.000801437 ; -0.00486279 ; 102.17;
11 ; 18 ; 33 ; 0.0200956 ; 0.00528204 ; -0.00326521 ; 101.919;
12 ; 18 ; 33 ; 0.00600677 ; -0.0116964 ; -7.53657e-05 ; 101.915;
13 ; 18 ; 33 ; 0.00589863 ; 0.00589547 ; -0.0121902 ; 102.22;
14 ; 18 ; 33 ; -0.00332755 ; 0.00802536 ; -0.00647695 ; 101.889;
15 ; 18 ; 33 ; -0.00307763 ; -0.000669537 ; -0.0107456 ; 101.809;
16 ; 18 ; 33 ; 0.000982191 ; -0.00412876 ; -0.0170326 ; 101.974;
17 ; 18 ; 33 ; 0.00317796 ; -0.0167595 ; 0.00806606 ; 101.532;
18 ; 18 ; 33 ; 0.00530568 ; 0.00365617 ; 0.0068695 ; 101.764;
19 ; 18 ; 33 ; 0.00389378 ; -0.00911026 ; 0.00328863 ; 101.752;
20 ; 18 ; 33 ; -0.000974703 ; 0.00117426 ; -0.00187988 ; 101.934;
21 ; 18 ; 33 ; 0.0031884 ; 0.0058962 ; -0.000813473 ; 101.628;
22 ; 18 ; 33 ; 0.0035906 ; 0.00778747 ; -0.0105425 ; 101.94;
23 ; 18 ; 33 ; -0.00928925 ; -0.00835119 ; -0.0103765 ; 101.692;
24 ; 18 ; 33 ; -0.00928329 ; -0.00790979 ; -0.00281014 ; 102.207;
25 ; 18 ; 33 ; -0.017266 ; -0.00320225 ; -0.0103527 ; 101.836;
26 ; 18 ; 33 ; -0.0067374 ; 0.0116968 ; -0.00956864 ; 102.03;
27 ; 18 ; 33 ; -0.038484 ; 0.000661338 ; -0.0148905 ; 102.346;
28 ; 18 ; 33 ; -0.0271621 ; 0.00253224 ; 0.00586944 ; 102.685;
29 ; 18 ; 33 ; -0.00255043 ; -0.00340754 ; -0.00637252 ; 102.543;
30 ; 18 ; 33 ; -0.017038 ; -0.0118651 ; -0.0065211 ; 102.44;
31 ; 18 ; 33 ; -0.0167309 ; 0.0108871 ; -0.00403906 ; 102.465;
32 ; 18 ; 33 ; -0.0171727 ; -0.00523512 ; -0.015153 ; 103.286;
33 ; 18 ; 33 ; 0.00159551 ; -0.00422709 ; -0.0016922 ; 102.835;
4 ; 19 ; 33 ; -0.00646969 ; 0.00151248 ; -0.00934267 ; 102.973;
5 ; 19 ; 33 ; 0.0113754 ; 0.000962164 ; 0.00773042 ; 102.435;
6 ; 19 ; 33 ; 0.0182738 ; -0.00172272 ; 0.0127866 ; 102.314;
7 ; 19 ; 33 ; 0.00363112 ; 0.00997407 ; -0.017566 ; 102.192;
8 ; 19 ; 33 ; 0.0163154 ; -0.00334155 ; 0.00332049 ; 102.249;
9 ; 19 ; 33 ; 0.0225809 ; 0.00751141 ; -0.00436283 ; 102.565;
10 ; 19 ; 33 ; 0.0167974 ; 0.00371851 ; -0.0161301 ; 102.478;
11 ; 19 ; 33 ; 0.00766354 ; 0.00197883 ; -0.000845181 ; 102.359;
12 ; 19 ; 33 ; 0.01141 ; -0.00143105 ; -0.00771643 ; 101.871;
13 ; 19 ; 33 ; 0.00306505 ; -0.00585401 ; -0.0092842 ; 102.151;
14 ; 19 ; 33 ; -0.00136538 ; -0.00406181 ; -0.00400835 ; 102.456;
15 ; 19 ; 33 ; 0.00201781 ; -0.0261314 ; -0.0139661 ; 101.905;
16 ; 19 ; 33 ; 0.0119561 ; -0.011217 ; -0.0187958 ; 101.946;
17 ; 19 ; 33 ; 0.00179144 ; 0.0046859 ; -0.0132385 ; 102.575;
18 ; 19 ; 33 ; -0.00555363 ; 0.0053572 ; 5.86016e-05 ; 101.736;
19 ; 19 ; 33 ; 0.00375354 ; -0.00123263 ; -0.00440745 ; 101.517;
20 ; 19 ; 33 ; -0.00185617 ; 0.00917867 ; -6.30771e-05 ; 102.057;
21 ; 19 ; 33 ; -0.0018409 ; 0.00427823 ; -0.0186418 ; 101.528;
22 ; 19 ; 33 ; 0.00507966 ; -0.00676195 ; -0.019339 ; 101.955;
23 ; 19 ; 33 ; -0.0179244 ; 0.00314385 ; 0.00401294 ; 102.588;
24 ; 19 ; 33 ; -0.00319195 ; -0.0018267 ; 0.00287172 ; 102.479;
25 ; 19 ; 33 ; -0.0045271 ; -0.00457365 ; -0.00251513 ; 102.073;
26 ; 19 ; 33 ; -0.017158 ; 0.0041656 ; 0.00600596 ; 102.157;
27 ; 19 ; 33 ; -0.0181808 ; 0.00924313 ; -0.00320324 ; 102.309;
28 ; 19 ; 33 ; -0.0185445 ; 0.00158402 ; -0.00192741 ; 102.951;
29 ; 19 ; 33 ; -0.0272882 ; 0.00978526 ; -0.00483006 ; 102.441;
30 ; 19 ; 33 ; -0.0148901 ; 0.00292906 ; 0.000223105 ; 102.229;
31 ; 19 ; 33 ; -0.0063116 ; -0.00557073 ; -0.0111898 ; 102.512;
32 ; 19 ; 33 ; -0.000780237 ; -0.00373972 ; -0.0083315 ; 102.568;
33 ; 19 ; 33 ; -0.00946881 ; 0.00655333 ; -0.0142951 ; 102.686;
4 ; 20 ; 33 ; 0.00817637 ; -0.00469679 ; 0.00283846 ; 102.775;
5 ; 20 ; 33 ; 0.0127281 ; 0.00742095 ; -0.00649971 ; 102.513;
6 ; 20 ; 33 ; 0.0102403 ; -0.00837992 ; -0.0160253 ; 102.406;
7 ; 20 ; 33 ; 0.0207593 ; 0.00915613 ; -0.00777247 ; 102.533;
8 ; 20 ; 33 ; 0.0156192 ; 0.00475574 ; -0.0196158 ; 102.564;
9 ; 20 ; 33 ; 0.0326713 ; 0.00632076 ; -0.00579443 ; 102.491;
10 ; 20 ; 33 ; 0.0208107 ; -0.000916288 ; 0.00184027 ; 102.677;
11 ; 20 ; 33 ; 0.0131239 ; 0.00363191 ; 0.0030606 ; 102.235;
12 ; 20 ; 33 ; 0.0136215 ; 0.0109179 ; -0.00313346 ; 101.986;
13 ; 20 ; 33 ; 0.00498375 ; -0.000418665 ; -0.0128494 ; 102.254;
14 ; 20 ; 33 ; -0.00481175 ; -0.00391052 ; -0.00696852 ; 101.834;
15 ; 20 ; 33 ; 0.00906638 ; 0.00929079 ; -0.0185994 ; 102.258;
16 ; 20 ; 33 ; -0.0164744 ; -0.00160286 ; -0.00857727 ; 101.731;
17 ; 20 ; 33 ; 0.00525109 ; 0.00386331 ; -0.0150913 ; 101.771;
18 ; 20 ; 33 ; 0.0105929 ; 0.00761568 ; -0.00727823 ; 101.746;
19 ; 20 ; 33 ; 0.00538843 ; -0.00582821 ; -0.00820646 ; 101.824;
20 ; 20 ; 33 ; -0.00470937 ; 0.000681725 ; -0.00994979 ; 101.694;
21 ; 20 ; 33 ; -0.00433452 ; 0.00314915 ; -0.000778535 ; 101.88;
22 ; 20 ; 33 ; -0.0152409 ; -0.000138087 ; -0.00725046 ; 102.029;
23 ; 20 ; 33 ; -0.0214212 ; -0.00203961 ; -0.0184683 ; 101.836;
24 ; 20 ; 33 ; -0.0084849 ; 0.0098868 ; -0.00178907 ; 102.065;
25 ; 20 ; 33 ; -0.00893627 ; 0.0020868 ; -0.0137012 ; 102.065;
26 ; 20 ; 33 ; -0.0120957 ; 0.0130595 ; -0.00734995 ; 102.289;
27 ; 20 ; 33 ; -0.0141157 ; -0.00994386 ; -0.0111899 ; 102.341;
28 ; 20 ; 33 ; -0.023257 ; 0.00261033 ; 0.000525263 ; 102.549;
29 ; 20 ; 33 ; -0.022691 ; 0.00712832 ; 0.000104279 ; 102.684;
30 ; 20 ; 33 ; -0.0206539 ; 0.00823041 ; -0.0143852 ; 102.343;
31 ; 20 ; 33 ; -0.0213797 ; 0.00166897 ; -0.00457614 ; 102.388;
32 ; 20 ; 33 ; -0.00596842 ; 0.00197199 ; 0.000161526 ; 102.467;
33 ; 20 ; 33 ; 0.00366311 ; 0.00453728 ; -0.0121084 ; 102.521;
4 ; 21 ; 33 ; -0.00356763 ; 0.00674239 ; -0.00151329 ; 102.694;
5 ; 21 ; 33 ; 0.0149655 ; 0.0162383 ; -0.00262512 ; 102.291;
6 ; 21 ; 33 ; 0.0159596 ; -0.00688804 ; -0.0122704 ; 102.514;
7 ; 21 ; 33 ; -0.00176533 ; 0.0109351 ; 0.0110889 ; 102.267;
8 ; 21 ; 33 ; 0.0224181 ; 0.0152266 ; -0.0197689 ; 102.294;
9 ; 21 ; 33 ; 0.0150911 ; 0.00190393 ; 0.000469159 ; 102.55;
10 ; 21 ; 33 ; -0.00287029 ; 0.011797 ; 0.00228081 ; 101.967;
11 ; 21 ; 33 ; 0.0106435 ; 0.00415787 ; -0.00820206 ; 102.728;
12 ; 21 ; 33 ; 0.005766 ; 0.00636307 ; 0.00498366 ; 102.223;
13 ; 21 ; 33 ; 0.00389858 ; 0.00877354 ; -0.0118006 ; 102.069;
14 ; 21 ; 33 ; -0.00874858 ; -0.0026541 ; -0.0110817 ; 102.04;
15 ; 21 ; 33 ; -0.0110404 ; 0.000626322 ; -0.00686909 ; 101.695;
16 ; 21 ; 33 ; -0.0092056 ; 0.00860841 ; -0.0118972 ; 101.434;
17 ; 21 ; 33 ; -0.00139735 ; 0.00286414 ; -0.0215896 ; 101.76;
18 ; 21 ; 33 ; 0.0186159 ; 0.00424354 ; -0.00829407 ; 101.852;
19 ; 21 ; 33 ; -0.00911409 ; 0.0112328 ; -0.00694716 ; 102.284;
20 ; 21 ; 33 ; -0.00313117 ; 0.00432751 ; -0.0159455 ; 102.034;
21 ; 21 ; 33 ; 0.00353217 ; 0.000605887 ; -0.0202246 ; 102.278;
22 ; 21 ; 33 ; 0.00323224 ; 0.000383742 ; -0.00768799 ; 101.723;
23 ; 21 ; 33 ; -0.0146737 ; -0.00203868 ; 0.0105767 ; 102.247;
24 ; 21 ; 33 ; -0.00665492 ; -0.000363374 ; 9.79991e-05 ; 102.41;
25 ; 21 ; 33 ; -0.0141051 ; 0.000111115 ; -0.00437526 ; 101.923;
26 ; 21 ; 33 ; -0.00527322 ; 0.0129775 ; -0.0130859 ; 102.42;
27 ; 21 ; 33 ; -0.0108542 ; -0.00903325 ; -0.0100064 ; 102.308;
28 ; 21 ; 33 ; -0.019498 ; 0.0227435 ; -0.00824199 ; 102.789;
29 ; 21 ; 33 ; -0.0168841 ; 0.00986045 ; 0.0033523 ; 102.663;
30 ; 21 ; 33 ; -0.00207505 ; 1.77995e-05 ; -0.00947472 ; 102.463;
31 ; 21 ; 33 ; -0.0165866 ; 0.0143163 ; -0.0147446 ; 102.765;
32 ; 21 ; 33 ; -0.00526435 ; -0.00389647 ; 0.00340479 ; 102.656;
33 ; 21 ; 33 ; -0.00463132 ; 0.00408642 ; -0.00542303 ; 102.592;
4 ; 22 ; 33 ; 0.0116974 ; 0.0122154 ; -0.00643258 ; 102.544;
5 ; 22 ; 33 ; 0.0125994 ; -0.00671855 ; -0.00503502 ; 102.856;
6 ; 22 ; 33 ; 0.0108617 ; -0.0075564 ; 0.00332384 ; 102.749;
7 ; 22 ; 33 ; 0.00404397 ; 0.0161857 ; -0.00682001 ; 102.429;
8 ; 22 ; 33 ; 0.0151179 ; 0.017932 ; -0.00961746 ; 102.308;
9 ; 22 ; 33 ; 0.0226869 ; 0.00262401 ; -0.00828294 ; 102.114;
10 ; 22 ; 33 ; 0.0238834 ; 0.00830626 ; 0.0016202 ; 102.418;
11 ; 22 ; 33 ; 0.00464815 ; 0.00809038 ; -0.012218 ; 102.37;
12 ; 22 ; 33 ; 0.00670489 ; 3.19769e-05 ; -0.00578044 ; 102.374;
13 ; 22 ; 33 ; -0.000571515 ; -0.00732488 ; -0.00722036 ; 102.1;
14 ; 22 ; 33 ; -0.00514909 ; -0.00463937 ; -0.00615185 ; 102.303;
15 ; 22 ; 33 ; -0.00974242 ; -0.00836279 ; -0.00804937 ; 101.853;
16 ; 22 ; 33 ; -1.11616e-05 ; -0.00773103 ; -0.00877294 ; 101.846;
17 ; 22 ; 33 ; -0.0133178 ; 0.000761724 ; -0.00533082 ; 101.616;
18 ; 22 ; 33 ; -0.00856558 ; -0.00462938 ; -0.0125393 ; 102.168;
19 ; 22 ; 33 ; 0.00603157 ; 0.00753393 ; -0.0140033 ; 101.58;
20 ; 22 ; 33 ; 0.00487574 ; -0.000396442 ; -0.00560944 ; 102.138;
21 ; 22 ; 33 ; -0.00161946 ; 0.00379658 ; -0.00643443 ; 102.013;
22 ; 22 ; 33 ; -0.0166188 ; 0.00148216 ; 0.00139744 ; 101.654;
23 ; 22 ; 33 ; -0.00621261 ; 0.00084006 ; -0.00523108 ; 102.081;
24 ; 22 ; 33 ; -0.00109695 ; 0.00628236 ; -0.00796031 ; 102.341;
25 ; 22 ; 33 ; -0.00161502 ; -0.00720748 ; -0.0104541 ; 102.234;
26 ; 22 ; 33 ; -0.0119574 ; 0.00959695 ; -0.00759188 ; 102.26;
27 ; 22 ; 33 ; -0.0152693 ; 0.0160681 ; -0.0118243 ; 102.381;
28 ; 22 ; 33 ; -0.0188326 ; -0.00459401 ; 0.000741747 ; 102.739;
29 ; 22 ; 33 ; -0.0355747 ; 0.00777882 ; -0.000722635 ; 102.636;
30 ; 22 ; 33 ; -0.0215417 ; 0.0105219 ; -0.00143945 ; 103.008;
31 ; 22 ; 33 ; -0.007927 ; 0.00473121 ; -0.0114119 ; 103.021;
32 ; 22 ; 33 ; -0.00565188 ; -0.00897219 ; -0.0256529 ; 102.907;
33 ; 22 ; 33 ; 0.00204468 ; 0.00773007 ; -0.0266602 ; 102.535;
4 ; 23 ; 33 ; 0.00446807 ; 0.0124356 ; -0.00171071 ; 102.739;
5 ; 23 ; 33 ; 0.0134742 ; 0.00865411 ; -0.013019 ; 102.795;
6 ; 23 ; 33 ; 0.0240455 ; -0.000790545 ; -0.0155898 ; 102.638;
7 ; 23 ; 33 ; 0.00987235 ; 0.00330079 ; -0.012273 ; 102.504;
8 ; 23 ; 33 ; 0.0081421 ; 0.00715194 ; 0.000643751 ; 102.737;
9 ; 23 ; 33 ; 0.0156214 ; 0.00492933 ; -0.00725825 ; 102.67;
10 ; 23 ; 33 ; 0.0157862 ; 0.00160695 ; -0.00678921 ; 102.465;
11 ; 23 ; 33 ; 0.0105419 ; 0.00771066 ; -0.012607 ; 102.449;
12 ; 23 ; 33 ; 0.010187 ; -0.00569484 ; -0.00687938 ; 102.012;
13 ; 23 ; 33 ; 0.0109565 ; -0.00205106 ; -0.0129663 ; 102.262;
14 ; 23 ; 33 ; -0.00445788 ; -0.00911002 ; -0.0113837 ; 101.96;
15 ; 23 ; 33 ; 0.00370341 ; 0.00345536 ; -0.0067198 ; 102.333;
16 ; 23 ; 33 ; -0.00454664 ; -0.00581533 ; -0.00332943 ; 101.752;
17 ; 23 ; 33 ; -0.0170112 ; -0.00342659 ; -0.00217942 ; 101.968;
18 ; 23 ; 33 ; -0.0143305 ; -0.00222069 ; -0.0217947 ; 102.108;
19 ; 23 ; 33 ; -0.00320976 ; -0.00165113 ; -0.00102295 ; 101.653;
20 ; 23 ; 33 ; -0.00219694 ; -0.0142644 ; 0.000706246 ; 101.89;
21 ; 23 ; 33 ; 0.0137701 ; -0.00241925 ; -0.00958074 ; 102.344;
22 ; 23 ; 33 ; -0.00431981 ; -0.00622157 ; -0.0176277 ; 101.996;
23 ; 23 ; 33 ; 0.00557277 ; -0.0123035 ; -0.0128176 ; 102.413;
24 ; 23 ; 33 ; -0.00385674 ; -0.00469244 ; -0.013247 ; 102.162;
25 ; 23 ; 33 ; 0.00308799 ; -0.0069054 ; -0.0127664 ; 102.437;
26 ; 23 ; 33 ; -0.0104169 ; -0.00739088 ; 0.00598625 ; 102.681;
27 ; 23 ; 33 ; -0.00380723 ; -0.00323947 ; 0.0025722 ; 102.244;
28 ; 23 ; 33 ; -0.0100444 ; 0.00547148 ; -0.000561203 ; 102.823;
29 ; 23 ; 33 ; -0.00531418 ; 0.0156514 ; -0.0102543 ; 102.26;
30 ; 23 ; 33 ; -0.0104686 ; -0.0160844 ; -0.00875204 ; 102.752;
31 ; 23 ; 33 ; -0.0131347 ; -0.000721252 ; -0.0182435 ; 102.71;
32 ; 23 ; 33 ; -0.0178112 ; -0.00563917 ; -0.0205912 ; 102.398;
33 ; 23 ; 33 ; 0.00215535 ; -0.00460745 ; 0.00268356 ; 102.802;
4 ; 24 ; 33 ; 0.0128927 ; 0.00304489 ; 0.00341448 ; 102.99;
5 ; 24 ; 33 ; 0.0146698 ; -0.00842267 ; -0.00626735 ; 102.453;
6 ; 24 ; 33 ; 0.00513984 ; -0.00805916 ; 0.000126571 ; 102.488;
7 ; 24 ; 33 ; 0.00551774 ; -0.00790427 ; -0.012039 ; 102.985;
8 ; 24 ; 33 ; 0.0175261 ; 0.00554564 ; -0.0155182 ; 103.132;
9 ; 24 ; 33 ; 0.00305588 ; 0.0108606 ; -0.00231263 ; 102.511;
10 ; 24 ; 33 ; 0.0089926 ; -0.00218928 ; 0.00364165 ; 101.955;
11 ; 24 ; 33 ; 0.0063986 ; -0.00472323 ; -0.00553355 ; 102.621;
12 ; 24 ; 33 ; 0.00261341 ; 0.00329705 ; 0.0124394 ; 101.871;
13 ; 24 ; 33 ; 0.0109542 ; -0.0161642 ; 0.0019519 ; 102.063;
14 ; 24 ; 33 ; 0.00344517 ; -0.0110112 ; -0.00681095 ; 101.501;
15 ; 24 ; 33 ; 0.000802155 ; -0.000447386 ; -0.0101063 ; 102.623;
16 ; 24 ; 33 ; 0.00118018 ; -0.011928 ; -0.0151483 ; 102.018;
17 ; 24 ; 33 ; 0.00375409 ; 0.00223761 ; 0.00238932 ; 102.019;
18 ; 24 ; 33 ; 0.0164354 ; -0.0033659 ; -0.016177 ; 101.927;
19 ; 24 ; 33 ; 0.000527221 ; -0.00732538 ; -0.0156124 ; 101.972;
20 ; 24 ; 33 ; 0.00422622 ; -0.00954646 ; -0.00189914 ; 102.462;
21 ; 24 ; 33 ; -0.0060173 ; 0.00138569 ; -0.000924361 ; 102.007;
22 ; 24 ; 33 ; -0.0057919 ; -0.0056981 ; -0.00601784 ; 102.128;
23 ; 24 ; 33 ; 0.00809275 ; -0.00962368 ; -0.0103583 ; 102.399;
24 ; 24 ; 33 ; -0.00379205 ; 0.00635656 ; -0.0128368 ; 101.984;
25 ; 24 ; 33 ; -0.022071 ; -0.0125035 ; -0.00143695 ; 102.247;
26 ; 24 ; 33 ; -0.0270909 ; -0.00304771 ; -0.00608947 ; 102.348;
27 ; 24 ; 33 ; -0.0185657 ; -0.0113078 ; -0.00304256 ; 102.592;
28 ; 24 ; 33 ; -0.0131777 ; -0.0025731 ; -0.00835589 ; 102.783;
29 ; 24 ; 33 ; -0.024809 ; 0.00286393 ; -0.0284904 ; 102.812;
30 ; 24 ; 33 ; -0.00324254 ; 0.00242284 ; -0.00779171 ; 102.515;
31 ; 24 ; 33 ; -0.00131959 ; -0.0100016 ; -0.00701892 ; 102.899;
32 ; 24 ; 33 ; -0.00591349 ; -0.00136056 ; 0.000411424 ; 102.254;
33 ; 24 ; 33 ; -0.00696938 ; 0.000300538 ; -0.0101448 ; 102.832;
4 ; 25 ; 33 ; 0.00955316 ; 0.00299525 ; -0.00653668 ; 102.613;
5 ; 25 ; 33 ; 0.00130214 ; -0.0124287 ; -0.0159397 ; 102.99;
6 ; 25 ; 33 ; 0.00178689 ; -0.00678218 ; -0.00353669 ; 102.651;
7 ; 25 ; 33 ; 0.0118221 ; 0.0053835 ; 0.00016471 ; 102.592;
8 ; 25 ; 33 ; 0.0127371 ; -0.00817608 ; -0.0125678 ; 102.46;
9 ; 25 ; 33 ; 0.00570298 ; -0.00324787 ; -0.00854273 ; 102.606;
10 ; 25 ; 33 ; 0.0159793 ; 0.00303705 ; -0.000311886 ; 102.756;
11 ; 25 ; 33 ; 0.0183224 ; -0.000545877 ; 0.00129454 ; 102.057;
12 ; 25 ; 33 ; -0.00558215 ; -0.0116091 ; -0.00767911 ; 102.331;
13 ; 25 ; 33 ; 0.00862487 ; -0.00705412 ; -0.00451195 ; 102.594;
14 ; 25 ; 33 ; 0.00690051 ; 0.00309801 ; 0.000519617 ; 102.02;
15 ; 25 ; 33 ; 0.00827281 ; 0.00426023 ; 0.00533386 ; 102.695;
16 ; 25 ; 33 ; -0.00194967 ; 0.000417832 ; 0.00847604 ; 102.606;
17 ; 25 ; 33 ; -0.00238269 ; -0.01506 ; -0.00627599 ; 102.251;
18 ; 25 ; 33 ; 0.001086 ; -0.0137117 ; 0.00230894 ; 102.281;
19 ; 25 ; 33 ; -0.00621633 ; -0.00524244 ; 0.0033201 ; 101.909;
20 ; 25 ; 33 ; 0.0135825 ; -0.0203493 ; -0.0210589 ; 102.004;
21 ; 25 ; 33 ; -0.00784125 ; 0.00183689 ; 0.00458667 ; 102.281;
22 ; 25 ; 33 ; -0.0106429 ; 0.00335435 ; 0.000718375 ; 102.369;
23 ; 25 ; 33 ; -0.00294748 ; -0.0123745 ; -0.00335517 ; 102.34;
24 ; 25 ; 33 ; 0.00383788 ; -0.00199577 ; -0.00437759 ; 102.338;
25 ; 25 ; 33 ; -0.00752375 ; -0.00863748 ; 0.0077599 ; 102.143;
26 ; 25 ; 33 ; -0.0183429 ; 0.00241287 ; 0.000864681 ; 102.428;
27 ; 25 ; 33 ; -0.0203478 ; -0.000228906 ; -0.0107993 ; 102.56;
28 ; 25 ; 33 ; -0.0204438 ; -0.0116013 ; -0.000868569 ; 102.486;
29 ; 25 ; 33 ; -0.00920654 ; -0.00881704 ; -0.000946538 ; 102.578;
30 ; 25 ; 33 ; -0.0141405 ; 0.000757353 ; -0.00340515 ; 103.047;
31 ; 25 ; 33 ; -0.0118409 ; -0.00623306 ; -0.00885845 ; 102.586;
32 ; 25 ; 33 ; -0.0107352 ; -0.000688864 ; 0.000769342 ; 102.83;
33 ; 25 ; 33 ; 0.00287 ; 0.00782087 ; -0.00442192 ; 102.815;
4 ; 26 ; 33 ; 0.00102193 ; -0.00162265 ; 0.00462839 ; 102.281;
5 ; 26 ; 33 ; 0.0113919 ; 0.00635009 ; 0.00882981 ; 102.706;
6 ; 26 ; 33 ; 0.0175282 ; -0.00389262 ; -0.00243098 ; 102.169;
7 ; 26 ; 33 ; 0.0237347 ; -0.0075109 ; -0.0151493 ; 102.374;
8 ; 26 ; 33 ; 0.0154303 ; -0.00973486 ; 0.00693599 ; 102.813;
9 ; 26 ; 33 ; 0.00885076 ; -0.00927742 ; -0.00764397 ; 102.7;
10 ; 26 ; 33 ; 0.0213898 ; -0.000788454 ; 0.00672725 ; 102.81;
11 ; 26 ; 33 ; 0.0274126 ; 0.00336069 ; 0.00206578 ; 102.276;
12 ; 26 ; 33 ; 0.0142515 ; -0.0122454 ; 0.0170939 ; 102.567;
13 ; 26 ; 33 ; 0.00554676 ; -0.00993977 ; -0.00353174 ; 102.236;
14 ; 26 ; 33 ; -0.0031473 ; -0.0206887 ; 0.00296764 ; 101.975;
15 ; 26 ; 33 ; 0.00736567 ; -0.014015 ; -0.019175 ; 102.109;
16 ; 26 ; 33 ; -0.0103576 ; -0.00397841 ; -0.00414879 ; 102.107;
17 ; 26 ; 33 ; -0.0144066 ; -0.00660261 ; -0.0134758 ; 102.718;
18 ; 26 ; 33 ; 0.00353113 ; -0.0165565 ; -0.00311234 ; 102.013;
19 ; 26 ; 33 ; 0.012719 ; -0.00739906 ; -0.000405831 ; 102.115;
20 ; 26 ; 33 ; 0.0157202 ; -0.00850313 ; 0.00618567 ; 102.426;
21 ; 26 ; 33 ; -0.00122621 ; -0.0213801 ; -0.00593469 ; 102.639;
22 ; 26 ; 33 ; 0.00359824 ; -0.00928507 ; -0.00647703 ; 102.147;
23 ; 26 ; 33 ; 0.00687571 ; 0.00448981 ; 0.00337707 ; 102.261;
24 ; 26 ; 33 ; -0.00623498 ; -0.0133501 ; 0.00184072 ; 102.507;
25 ; 26 ; 33 ; 0.00172076 ; -0.0170001 ; -0.00833874 ; 102.231;
26 ; 26 ; 33 ; -0.00255647 ; -0.011872 ; -0.00497173 ; 102.79;
27 ; 26 ; 33 ; -0.0109109 ; -0.00760959 ; 0.00697137 ; 102.715;
28 ; 26 ; 33 ; -0.0144736 ; -0.00574217 ; -0.0089577 ; 102.644;
29 ; 26 ; 33 ; -0.0183757 ; -0.00121124 ; 0.00356612 ; 102.668;
30 ; 26 ; 33 ; -0.0219734 ; -0.0066212 ; -0.0117056 ; 102.52;
31 ; 26 ; 33 ; -0.0192946 ; -0.010108 ; 0.00937755 ; 102.973;
32 ; 26 ; 33 ; 0.00216352 ; -0.0125433 ; -0.000571979 ; 103.038;
33 ; 26 ; 33 ; -0.0134705 ; -0.0080349 ; -0.00552467 ; 102.555;
4 ; 27 ; 33 ; 0.0106991 ; -0.0182955 ; -0.00973052 ; 102.411;
5 ; 27 ; 33 ; 0.0118441 ; -0.0140731 ; 0.00456015 ; 102.28;
6 ; 27 ; 33 ; 0.0142098 ; -0.00566189 ; 0.00300756 ; 102.88;
7 ; 27 ; 33 ; 0.0274874 ; -0.00541685 ; 0.00923388 ; 102.408;
8 ; 27 ; 33 ; 0.0209481 ; -0.000708355 ; 0.000665849 ; 102.445;
9 ; 27 ; 33 ; 0.00782153 ; -0.0238324 ; 0.00385184 ; 102.95;
10 ; 27 ; 33 ; 0.00800139 ; -0.0180556 ; -0.00922093 ; 102.694;
11 ; 27 ; 33 ; 0.00537365 ; -0.00442762 ; 0.00726424 ; 102.642;
12 ; 27 ; 33 ; 0.0182168 ; -0.00915901 ; -0.00177518 ; 102.025;
13 ; 27 ; 33 ; -0.00052051 ; -0.0156417 ; -0.00217491 ; 102.468;
14 ; 27 ; 33 ; 6.22452e-05 ; -0.00836062 ; -0.00611538 ; 102.373;
15 ; 27 ; 33 ; 0.0149329 ; -0.0192676 ; 0.00262649 ; 102.242;
16 ; 27 ; 33 ; 0.00137277 ; -0.00646247 ; 0.00915829 ; 102.144;
17 ; 27 ; 33 ; -0.00460436 ; -0.00134778 ; 0.00308952 ; 102.369;
18 ; 27 ; 33 ; 0.00916165 ; -0.0201284 ; -0.00782881 ; 102.234;
19 ; 27 ; 33 ; 0.0117102 ; -0.0177814 ; -0.00249241 ; 102.413;
20 ; 27 ; 33 ; 0.00291787 ; -0.0111404 ; 0.00272247 ; 102.386;
21 ; 27 ; 33 ; 0.000464804 ; -0.0199636 ; -0.00895749 ; 101.996;
22 ; 27 ; 33 ; 0.0109915 ; -0.0295965 ; 0.00409117 ; 102.531;
23 ; 27 ; 33 ; -0.00582788 ; -0.00434359 ; -0.00416276 ; 102.577;
24 ; 27 ; 33 ; -0.00436578 ; -0.0049473 ; -0.00259409 ; 102.051;
25 ; 27 ; 33 ; -0.0059484 ; -0.0260613 ; 0.00115573 ; 102.314;
26 ; 27 ; 33 ; -0.00225328 ; -0.000108612 ; 0.00556315 ; 103.121;
27 ; 27 ; 33 ; 0.00659711 ; -0.0175336 ; -0.00159915 ; 102.879;
28 ; 27 ; 33 ; -0.0175076 ; -0.00536144 ; -0.00802895 ; 102.969;
29 ; 27 ; 33 ; -0.00359648 ; -0.000751748 ; 0.00859556 ; 103.163;
30 ; 27 ; 33 ; -0.00780449 ; -0.00924754 ; 0.00130461 ; 102.763;
31 ; 27 ; 33 ; -0.00645829 ; -0.014025 ; -0.000804265 ; 102.511;
32 ; 27 ; 33 ; -0.0192073 ; -0.0171174 ; -0.00412769 ; 102.585;
33 ; 27 ; 33 ; -0.0107918 ; -0.0104516 ; -0.000723957 ; 102.632;
4 ; 28 ; 33 ; -0.0109563 ; -0.0163172 ; -0.00267413 ; 102.985;
5 ; 28 ; 33 ; 0.00804035 ; -0.0157319 ; 0.00303058 ; 102.843;
6 ; 28 ; 33 ; 0.00839678 ; -0.0148908 ; 0.00377677 ; 103.069;
7 ; 28 ; 33 ; 0.00974692 ; -0.0235001 ; -0.00694873 ; 102.802;
8 ; 28 ; 33 ; 0.0248598 ; -0.0163732 ; -0.0075414 ; 102.929;
9 ; 28 ; 33 ; 0.00884688 ; -0.0243966 ; -0.0117491 ; 102.912;
10 ; 28 ; 33 ; 0.004355 ; -0.00763583 ; -0.00149994 ; 102.716;
11 ; 28 ; 33 ; 0.0112477 ; -0.00797128 ; 0.00477831 ; 102.52;
12 ; 28 ; 33 ; -0.00362189 ; -0.0183741 ; -0.00699468 ; 103.028;
13 ; 28 ; 33 ; 0.00177658 ; -0.0129139 ; -0.0054898 ; 102.645;
14 ; 28 ; 33 ; 0.00164796 ; -0.0129733 ; -0.00689856 ; 101.836;
15 ; 28 ; 33 ; -0.0138759 ; -0.00614811 ; -0.00876485 ; 102.664;
16 ; 28 ; 33 ; -0.011841 ; -0.0137615 ; 0.0117187 ; 102.655;
17 ; 28 ; 33 ; -0.00964189 ; -0.0140252 ; 0.00836481 ; 102.363;
18 ; 28 ; 33 ; 0.00196606 ; -0.0181731 ; 0.0030316 ; 102.572;
19 ; 28 ; 33 ; 0.000702416 ; -0.0107997 ; -0.0157927 ; 102.36;
20 ; 28 ; 33 ; 0.0146222 ; -0.02036 ; 0.0108179 ; 102.086;
21 ; 28 ; 33 ; 0.00846425 ; -0.0132756 ; 0.000636456 ; 102.057;
22 ; 28 ; 33 ; 0.00714616 ; -0.0199369 ; -0.00477056 ; 101.581;
23 ; 28 ; 33 ; 0.0043694 ; -0.0176687 ; 0.00246535 ; 102.525;
24 ; 28 ; 33 ; 0.00788947 ; -0.0157096 ; -0.0108822 ; 102.443;
25 ; 28 ; 33 ; 0.0113551 ; -0.0122197 ; 0.0076626 ; 102.408;
26 ; 28 ; 33 ; -0.0201073 ; -0.00733361 ; 0.00415722 ; 102.472;
27 ; 28 ; 33 ; -0.00736776 ; -0.00745437 ; 0.00211003 ; 102.424;
28 ; 28 ; 33 ; -0.0107794 ; -0.0045169 ; 0.00194585 ; 102.834;
29 ; 28 ; 33 ; -0.024064 ; -0.0087762 ; -0.00700155 ; 102.852;
30 ; 28 ; 33 ; -0.0132568 ; -0.0252919 ; -0.0134169 ; 102.786;
31 ; 28 ; 33 ; -0.00583222 ; -0.025694 ; 0.00665262 ; 102.681;
32 ; 28 ; 33 ; -0.00545882 ; -0.0214294 ; -0.00226385 ; 102.767;
33 ; 28 ; 33 ; -0.00109249 ; -0.0160795 ; -0.0107476 ; 102.734;
4 ; 29 ; 33 ; -0.0127154 ; -0.0215996 ; 0.00148558 ; 103.188;
5 ; 29 ; 33 ; 0.0138051 ; -0.00414886 ; 0.00549081 ; 102.839;
6 ; 29 ; 33 ; 0.00740141 ; -0.0106182 ; 0.00751024 ; 102.966;
7 ; 29 ; 33 ; 0.0179379 ; -0.00842327 ; 0.000684939 ; 102.608;
8 ; 29 ; 33 ; 0.00661531 ; -0.0280956 ; 0.00640308 ; 103.072;
9 ; 29 ; 33 ; -0.000189201 ; -0.0211773 ; 0.0080353 ; 102.864;
10 ; 29 ; 33 ; 0.00604706 ; -0.0166044 ; -0.00135819 ; 102.591;
11 ; 29 ; 33 ; 0.0196696 ; -0.0159939 ; -0.00542038 ; 102.725;
12 ; 29 ; 33 ; 0.00486908 ; -0.0233204 ; -0.00687044 ; 102.107;
13 ; 29 ; 33 ; -0.00944785 ; -0.0129149 ; -0.00218144 ; 102.789;
14 ; 29 ; 33 ; 0.00563116 ; -0.00956729 ; -0.0141302 ; 102.654;
15 ; 29 ; 33 ; -0.0111597 ; -0.0105115 ; 0.00305174 ; 102.9;
16 ; 29 ; 33 ; 0.0121893 ; -0.0158653 ; -0.00332035 ; 102.564;
17 ; 29 ; 33 ; 0.00235206 ; -0.00748959 ; -0.00769049 ; 102.326;
18 ; 29 ; 33 ; -0.000666159 ; -0.0196166 ; -0.00864059 ; 102.511;
19 ; 29 ; 33 ; 0.00162322 ; -0.0144759 ; -0.0109151 ; 102.161;
20 ; 29 ; 33 ; 0.0010602 ; -0.0161854 ; -0.0113584 ; 102.561;
21 ; 29 ; 33 ; 0.00219559 ; -0.0195033 ; -0.015334 ; 102.712;
22 ; 29 ; 33 ; 0.0116209 ; -0.0284641 ; -0.00798429 ; 102.291;
23 ; 29 ; 33 ; 0.00630485 ; -0.0260205 ; -0.0100633 ; 102.376;
24 ; 29 ; 33 ; -0.0130996 ; -0.0119364 ; 0.0123097 ; 102.439;
25 ; 29 ; 33 ; -0.0203534 ; -0.00816469 ; 0.00748743 ; 102.625;
26 ; 29 ; 33 ; -0.0184292 ; -0.0110144 ; -0.0170031 ; 103.056;
27 ; 29 ; 33 ; -0.0195585 ; -0.0116076 ; 0.0130758 ; 102.634;
28 ; 29 ; 33 ; -0.0179694 ; -0.014291 ; -0.0196619 ; 102.67;
29 ; 29 ; 33 ; 0.00276939 ; -0.0116485 ; -0.00988636 ; 102.925;
30 ; 29 ; 33 ; -0.01487 ; -0.0154753 ; 0.0014994 ; 103.143;
31 ; 29 ; 33 ; -0.00784806 ; -0.00499464 ; -0.00349213 ; 102.762;
32 ; 29 ; 33 ; -0.0160136 ; -0.0146128 ; -0.0025508 ; 103.362;
33 ; 29 ; 33 ; -0.00284086 ; -0.014086 ; 0.00436282 ; 103.027;
4 ; 30 ; 33 ; -0.00214502 ; 0.000332466 ; -0.00250817 ; 103.021;
5 ; 30 ; 33 ; 0.0163603 ; -0.00370152 ; -0.00955867 ; 102.943;
6 ; 30 ; 33 ; 0.00385744 ; -0.0125019 ; -0.0122448 ; 102.848;
7 ; 30 ; 33 ; 0.0130742 ; -0.0100114 ; 0.00550764 ; 102.809;
8 ; 30 ; 33 ; 0.0246429 ; -0.0216473 ; -0.00233881 ; 102.487;
9 ; 30 ; 33 ; 0.00522737 ; -0.0158355 ; 0.000340049 ; 103.174;
10 ; 30 ; 33 ; 0.0134202 ; -0.0152836 ; -0.00258599 ; 103.067;
11 ; 30 ; 33 ; 0.0138161 ; -0.0137194 ; 0.000284093 ; 102.866;
12 ; 30 ; 33 ; -0.00938791 ; -0.0143821 ; 0.00241818 ; 102.92;
13 ; 30 ; 33 ; 0.0103945 ; -0.00606831 ; -0.00801607 ; 102.792;
14 ; 30 ; 33 ; 0.00825426 ; -0.00264531 ; -0.012775 ; 102.534;
15 ; 30 ; 33 ; -0.000726963 ; -0.0154472 ; -0.00211279 ; 102.606;
16 ; 30 ; 33 ; -0.00766782 ; -0.0280949 ; -0.00166912 ; 102.329;
17 ; 30 ; 33 ; 0.00749949 ; -0.0126535 ; 0.00248913 ; 102.461;
18 ; 30 ; 33 ; -0.00598407 ; -0.00272039 ; -0.00450595 ; 102.942;
19 ; 30 ; 33 ; 0.00182389 ; -0.0179908 ; 0.00505071 ; 102.429;
20 ; 30 ; 33 ; 0.00932988 ; -0.0224586 ; 0.00187569 ; 103.085;
21 ; 30 ; 33 ; -0.00204723 ; -0.0184941 ; 0.0088144 ; 102.711;
22 ; 30 ; 33 ; 0.0030714 ; -0.0121094 ; 0.0197765 ; 102.255;
23 ; 30 ; 33 ; 0.00383838 ; -0.0194421 ; -0.0159381 ; 102.514;
24 ; 30 ; 33 ; 0.00256803 ; -0.0196181 ; 0.00197352 ; 102.613;
25 ; 30 ; 33 ; -0.00370921 ; -0.0247896 ; -0.00330691 ; 102.897;
26 ; 30 ; 33 ; -0.0124998 ; -0.0191012 ; -0.00961041 ; 102.617;
27 ; 30 ; 33 ; -0.0185061 ; -0.00481482 ; 0.00594453 ; 102.877;
28 ; 30 ; 33 ; -0.0130162 ; -0.0166815 ; 0.00973057 ; 103.019;
29 ; 30 ; 33 ; -0.0173826 ; -0.0156376 ; -0.0185049 ; 103.046;
30 ; 30 ; 33 ; -0.000217661 ; -0.0190745 ; -0.00860247 ; 102.891;
31 ; 30 ; 33 ; -0.00595778 ; -0.00761045 ; -0.00254688 ; 103.024;
32 ; 30 ; 33 ; -0.0134266 ; -0.007602 ; -0.00481521 ; 102.885;
33 ; 30 ; 33 ; 0.00236663 ; -0.0170738 ; -0.00266982 ; 103.452;
4 ; 31 ; 33 ; 0.00730008 ; -0.0185861 ; -0.011452 ; 103.013;
5 ; 31 ; 33 ; 0.00928675 ; -0.0196316 ; -0.00482921 ; 103.51;
6 ; 31 ; 33 ; 0.00302442 ; -0.00829078 ; -0.00624393 ; 102.91;
7 ; 31 ; 33 ; 0.00875772 ; -0.0123748 ; -0.0011446 ; 103.006;
8 ; 31 ; 33 ; 0.00750185 ; -0.0114669 ; 0.000344295 ; 102.937;
9 ; 31 ; 33 ; 0.0238497 ; -0.0121361 ; -0.00440917 ; 102.806;
10 ; 31 ; 33 ; 0.00672418 ; -0.00517158 ; -0.0176846 ; 102.505;
11 ; 31 ; 33 ; 0.00121513 ; -0.0134271 ; -0.0130767 ; 102.548;
12 ; 31 ; 33 ; 0.00356661 ; -0.0112984 ; -0.0103787 ; 102.886;
13 ; 31 ; 33 ; 0.00465967 ; -0.00783834 ; -0.00806453 ; 102.479;
14 ; 31 ; 33 ; 0.0096184 ; -0.00149799 ; -0.00121506 ; 102.708;
15 ; 31 ; 33 ; 0.0118602 ; 0.00152471 ; 0.000826426 ; 102.838;
16 ; 31 ; 33 ; 0.0155616 ; -0.0209526 ; -0.00927505 ; 102.599;
17 ; 31 ; 33 ; -0.00669517 ; -0.0233561 ; 0.00758152 ; 102.845;
18 ; 31 ; 33 ; 0.00495741 ; -0.00143974 ; -0.00933118 ; 102.738;
19 ; 31 ; 33 ; 0.00511374 ; -0.0099235 ; -0.00584103 ; 102.152;
20 ; 31 ; 33 ; -0.0116928 ; -0.0175092 ; -0.000858897 ; 102.514;
21 ; 31 ; 33 ; 0.0043376 ; -0.0252574 ; 0.00132594 ; 102.356;
22 ; 31 ; 33 ; -0.00389219 ; -0.0151823 ; -0.00711219 ; 102.485;
23 ; 31 ; 33 ; 0.00958931 ; -0.00518616 ; -0.0022915 ; 102.544;
24 ; 31 ; 33 ; 0.0121112 ; -0.0139107 ; -0.00623886 ; 102.68;
25 ; 31 ; 33 ; -0.00697201 ; -0.00331333 ; 0.00146278 ; 102.836;
26 ; 31 ; 33 ; -0.00538177 ; 0.00291944 ; -0.00942684 ; 102.862;
27 ; 31 ; 33 ; -0.019846 ; -0.0123935 ; -0.00527161 ; 102.637;
28 ; 31 ; 33 ; -0.00816422 ; -0.0164036 ; 0.00838828 ; 102.572;
29 ; 31 ; 33 ; -0.00548279 ; -0.00679299 ; 0.00299574 ; 102.812;
30 ; 31 ; 33 ; -0.00110303 ; -0.014371 ; -0.00963062 ; 102.264;
31 ; 31 ; 33 ; -0.00264313 ; -0.0196427 ; 0.00929355 ; 102.967;
32 ; 31 ; 33 ; -0.0172005 ; -0.00769941 ; 0.00893906 ; 102.965;
33 ; 31 ; 33 ; 0.000269243 ; -0.0051192 ; -0.00896889 ; 103.141;
4 ; 32 ; 33 ; -0.00479498 ; -0.000734458 ; -0.000514485 ; 103.123;
5 ; 32 ; 33 ; 0.00160714 ; -0.0114526 ; -0.0131675 ; 103.113;
6 ; 32 ; 33 ; 0.0067794 ; -0.00774659 ; -0.00972794 ; 102.776;
7 ; 32 ; 33 ; 0.0106353 ; -0.00259734 ; -0.0112035 ; 102.492;
8 ; 32 ; 33 ; 0.00728775 ; -0.00150513 ; -0.00494398 ; 102.508;
9 ; 32 ; 33 ; 0.000326942 ; -0.00737459 ; -0.00588054 ; 102.913;
10 ; 32 ; 33 ; 0.0158657 ; -0.0137251 ; 0.00172411 ; 102.636;
11 ; 32 ; 33 ; 0.00804182 ; -0.0168675 ; 0.0116481 ; 102.988;
12 ; 32 ; 33 ; 0.0128466 ; -0.0101833 ; -0.0107394 ; 102.333;
13 ; 32 ; 33 ; 0.00875866 ; -0.00351281 ; -0.0154946 ; 102.978;
14 ; 32 ; 33 ; -0.00210453 ; -0.018267 ; 0.000901152 ; 103.149;
15 ; 32 ; 33 ; 0.00645247 ; -0.00851001 ; -0.0178524 ; 102.215;
16 ; 32 ; 33 ; 0.00865958 ; -0.00222316 ; -0.00269775 ; 102.705;
17 ; 32 ; 33 ; -0.00065012 ; -0.00663112 ; 0.00423663 ; 102.858;
18 ; 32 ; 33 ; 0.00336572 ; 0.00528979 ; -0.0124466 ; 102.348;
19 ; 32 ; 33 ; 0.0151601 ; -0.00666351 ; -0.0185475 ; 102.746;
20 ; 32 ; 33 ; 0.00972495 ; -0.013076 ; -0.0128821 ; 102.549;
21 ; 32 ; 33 ; -0.0106414 ; -0.0128946 ; -0.0130804 ; 102.47;
22 ; 32 ; 33 ; 0.00939679 ; -0.00730019 ; 0.00202452 ; 102.602;
23 ; 32 ; 33 ; 0.0048742 ; -0.00465115 ; -0.0182462 ; 102.641;
24 ; 32 ; 33 ; 0.0115226 ; -0.0118946 ; -0.0113004 ; 102.293;
25 ; 32 ; 33 ; 0.00659738 ; -0.0144826 ; 0.00112568 ; 102.817;
26 ; 32 ; 33 ; -0.0048054 ; -0.0128371 ; -0.0126654 ; 103.15;
27 ; 32 ; 33 ; -0.00645846 ; -0.016214 ; 0.00725728 ; 102.589;
28 ; 32 ; 33 ; -0.0110887 ; -0.00372865 ; -0.0165462 ; 102.722;
29 ; 32 ; 33 ; -0.00738799 ; 0.00426119 ; 0.0110256 ; 102.807;
30 ; 32 ; 33 ; -0.0255106 ; -0.00151148 ; 5.52592e-05 ; 103.037;
31 ; 32 ; 33 ; -0.0134782 ; -0.005708 ; -0.000136879 ; 103.148;
32 ; 32 ; 33 ; -0.011428 ; -0.00775666 ; -0.00804135 ; 103.141;
33 ; 32 ; 33 ; -0.0126225 ; -0.00054078 ; -0.0202815 ; 103.123;
4 ; 33 ; 33 ; -0.0101822 ; -0.00537521 ; 0.00266655 ; 102.777;
5 ; 33 ; 33 ; -0.0122481 ; -0.00361081 ; -0.00324941 ; 102.851;
6 ; 33 ; 33 ; 0.0159671 ; 0.00424291 ; -0.0128901 ; 102.697;
7 ; 33 ; 33 ; 0.0194183 ; 0.00339473 ; 0.000610334 ; 102.965;
8 ; 33 ; 33 ; 0.0109305 ; -0.0101929 ; 0.00871414 ; 103.03;
9 ; 33 ; 33 ; -0.00108681 ; 0.00125394 ; -0.00679176 ; 102.741;
10 ; 33 ; 33 ; 0.0122462 ; -0.00415839 ; -0.0117378 ; 102.745;
11 ; 33 ; 33 ; -0.00688806 ; 0.00263332 ; 0.00638449 ; 102.601;
12 ; 33 ; 33 ; -0.00732369 ; -0.00489108 ; -0.0082138 ; 102.514;
13 ; 33 ; 33 ; 0.00672734 ; -0.00258175 ; 0.0129589 ; 102.871;
14 ; 33 ; 33 ; 0.00188605 ; 0.00668585 ; -0.0104262 ; 102.408;
15 ; 33 ; 33 ; -0.00477433 ; -0.0169323 ; -0.00163743 ; 102.396;
16 ; 33 ; 33 ; -0.0114788 ; -0.0174435 ; -0.00301791 ; 102.635;
17 ; 33 ; 33 ; -0.00267903 ; -0.0060591 ; 0.00267011 ; 102.661;
18 ; 33 ; 33 ; -0.00574993 ; -0.00279697 ; -0.00222012 ; 102.649;
19 ; 33 ; 33 ; 0.0136677 ; -0.00203838 ; -0.0155014 ; 102.683;
20 ; 33 ; 33 ; -0.000986145 ; -0.014127 ; -0.00550218 ; 102.892;
21 ; 33 ; 33 ; -0.000465032 ; -0.00120423 ; 0.00329772 ; 102.815;
22 ; 33 ; 33 ; 0.00761789 ; -0.00272994 ; -0.0015245 ; 102.906;
23 ; 33 ; 33 ; 0.0131561 ; -0.00272326 ; -0.00996041 ; 102.618;
24 ; 33 ; 33 ; 0.0129281 ; -0.00808599 ; -0.0147906 ; 102.544;
25 ; 33 ; 33 ; 0.00126467 ; -0.00580876 ; -0.00702949 ; 102.342;
26 ; 33 ; 33 ; -0.00749433 ; -0.00574993 ; -0.00899414 ; 102.875;
27 ; 33 ; 33 ; 0.00168658 ; -0.0154711 ; -0.0117548 ; 102.816;
28 ; 33 ; 33 ; -0.0123 ; 0.00441713 ; -0.000675275 ; 102.957;
29 ; 33 ; 33 ; -0.014416 ; 0.0187244 ; -0.00118113 ; 102.88;
30 ; 33 ; 33 ; 0.000244202 ; 0.00356485 ; -9.43703e-05 ; 102.999;
31 ; 33 ; 33 ; -0.0174908 ; -0.0123257 ; 0.00169564 ; 102.662;
32 ; 33 ; 33 ; 0.00182481 ; -0.0028816 ; 0.0101608 ; 103.021;
33 ; 33 ; 33 ; 0.0083582 ; -0.00200339 ; 0.00276698 ; 103.047;
